DENSITY OCT_15 ... Made by npagranfix6
          -1
           4
           1
           4
Ka         
Ke         
V          
Tlag1      
           0

           0

  0.10000000000000001       0.90000000000000002     
   1.0000000000000000E-003  0.10000000000000001     
   30.000000000000000        120.00000000000000     
   0.0000000000000000        4.0000000000000000     


         100
          45
   0.0000000000000000     
  0.89988631346418702        2.8736712978267801E-002   61.768881360176813        1.7431315278820321        701.84483726150381     
   3.6590893388715484E-005
   7.7139153767684405        7.5417852202055098        7.5417852202055098     
   7.4997066920033388        7.3289204140725293        7.3289204140725293     
   8.6808753568504073        8.5183140230301237        8.5183140230301237     
   12.987996778885611        12.794074905474892        12.794074905474892     
   11.996768643807203        11.803304926812167        11.803304926812167     
   11.013860412316482        10.821023232648770        10.821023232648770     
   7.8469019142136069        7.6661494713447853        7.6661494713447853     
         840
   0.0000000000000000        0.0000000000000000        0.0000000000000000     
   0.0000000000000000        0.0000000000000000        0.0000000000000000     
   0.0000000000000000        0.0000000000000000        0.0000000000000000     
   0.0000000000000000        0.0000000000000000        0.0000000000000000     
   0.0000000000000000        0.0000000000000000        0.0000000000000000     
   0.0000000000000000        0.0000000000000000        0.0000000000000000     
   0.0000000000000000        0.0000000000000000        0.0000000000000000     
   0.0000000000000000        0.0000000000000000        0.0000000000000000     
   0.0000000000000000        0.0000000000000000        0.0000000000000000     
  0.36314409448234908       0.37986119732645751       0.37986119732645751     
   1.4977866729381757        1.5036099094495665        1.5036099094495665     
   2.4386961085825245        2.4360849459655083        2.4360849459655083     
   3.2178215709051825        3.2087071730946510        3.2087071730946510     
   3.8618496314222241        3.8477422742010972        3.8477422742010972     
   4.3930710716687207        4.3751465171863222        4.3751465171863222     
   4.8301049185491118        4.8092737641724765        4.8092737641724765     
   5.1885032232409252        5.1654664882464401        5.1654664882464401     
   5.4812562264762033        5.4565498272176640        5.4565498272176640     
   5.7192143176397821        5.6932445822639046        5.6932445822639046     
   5.9114404926411357        5.8845124594723801        5.8845124594723801     
   6.0655047581622341        6.0378446705953852        6.0378446705953852     
   6.1877300443400642        6.1595031855816185        6.1595031855816185     
   6.2833976129682521        6.2547224048947179        6.2547224048947179     
   6.3569186327431124        6.3278777452004391        6.3278777452004391     
   6.4119774942072336        6.3826265666584172        6.3826265666584172     
   6.4516515191675774        6.4220259794910204        6.4220259794910204     
   6.4785109526730373        6.4486313230453023        6.4486313230453023     
   6.4947024852268171        6.4645784882441149        6.4645784882441149     
   6.5020190179818416        6.4716527341010686        6.4716527341010686     
   6.5019579368484308        6.4713462141009099        6.4713462141009099     
   6.4957697882205148        6.4649060647195649        6.4649060647195649     
   6.4844989372774720        6.4533746044715716        6.4533746044715716     
   6.4690175294179859        6.4376229378421259        6.4376229378421259     
   6.4500538578724225        6.4183790461070114        6.4183790461070114     
   6.4282160588565542        6.3962512695288272        6.3962512695288272     
   6.4040119038710603        6.3717479370263774        6.3717479370263774     
   6.3778653319890672        6.3452937753678373        6.3452937753678373     
   6.3501302590909239        6.3172436262432745        6.3172436262432745     
   6.3211021125624569        6.2878939128893938        6.2878939128893938     
   6.2910274660974537        6.2574922254779377        6.2574922254779377     
   6.2601120875377516        6.2262453339058803        6.2262453339058803     
   6.2285276611408298        6.1943258859899695        6.1943258859899695     
   6.1964174026110106        6.1618780067399257        6.1618780067399257     
   6.1639007492681328        6.1290219790008180        6.1290219790008180     
   6.1310772776885436        6.0958581561764191        6.0958581561764191     
   6.0980299760621062        6.0624702330193845        6.0624702330193845     
   6.0648279775505127        6.0289279798046849        6.0289279798046849     
   6.0315288434258143        5.9952895279243679        5.9952895279243679     
   5.9981804701452859        5.9616032804980970        5.9616032804980970     
   5.9648226823043951        5.9279095095199148        5.9279095095199148     
   5.9314885632071812        5.8942416909685225        5.8942416909685225     
   5.8982055662713213        5.8606276208711829        5.8606276208711829     
   5.8649964433668185        5.8270903482583085        5.8270903482583085     
   5.8318800202413437        5.7936489550499211        5.7936489550499211     
   5.7988718442187581        5.7603192079865932        5.7603192079865932     
   5.7659847252088197        5.7271141035974349        5.7271141035974349     
   5.7332291876009256        5.6940443237536664        5.6940443237536664     
   5.7006138477202724        5.6611186164772418        5.6611186164772418     
   5.6681457291071426        5.6283441142673256        5.6283441142673256     
   5.6358305258605572        5.5957266001955555        5.5957266001955555     
   5.6036728226006867        5.5632707303392470        5.5632707303392470     
   5.5716762781954028        5.5309802197158291        5.5309802197158291     
   5.5398437792194581        5.4988579977065966        5.4988579977065966     
   5.5081775681316678        5.4669063379754084        5.4669063379754084     
   5.4766793503343623        5.4351269670667914        5.4351269670667914     
   5.4453503835934463        5.4035211551813420        5.4035211551813420     
   5.4141915527245077        5.3720897920524937        5.3720897920524937     
   5.3832034319718387        5.3408334503689687        5.3408334503689687     
   5.3523863371075082        5.3097524387862149        5.3097524387862149     
   5.3217403689437548        5.2788468462349156        5.2788468462349156     
   5.2912654496730198        5.2481165789544075        5.2481165789544075     
   5.2609613532170467        5.2175613914446188        5.2175613914446188     
   5.2308277305718276        5.1871809123342771        5.1871809123342771     
   5.2008641309726720        5.1569746659994751        5.1569746659994751     
   5.1710700195679067        5.1269420906298322        5.1269420906298322     
   5.1414447921762934        5.0970825533250865        5.0970825533250865     
   5.1119877876085340        5.0673953627093438        5.0673953627093438     
   5.0826982979541278        5.0378797794702814        5.0378797794702814     
   5.0535755771687345        5.0085350251637673        5.0085350251637673     
   5.0246188482419827        4.9793602895684943        4.9793602895684943     
   4.9958273091795951        4.9503547368285767        4.9503547368285767     
   4.9672001379951283        4.9215175105829490        4.9215175105829490     
   4.9387364968745029        4.8928477382478679        4.8928477382478679     
   4.9104355356495928        4.8643445345914573        4.8643445345914573     
   4.8822963946947100        4.8360070047164943        4.8360070047164943     
   4.8543182073410698        4.8078342465485475        4.8078342465485475     
   4.8265001018886604        4.7798253529106463        4.7798253529106463     
   4.7988412032818504        4.7519794132523590        4.7519794132523590     
   4.7713406345041518        4.7242955150899881        4.7242955150899881     
   4.7439975177384293        4.6967727452053323        4.6967727452053323     
   4.7168109753312057        4.6694101906426280        4.6694101906426280     
   4.6897801305933751        4.6422069395368384        4.6422069395368384     
   4.6629041084642786        4.6151620818009658        4.6151620818009658     
   4.6361820360616850        4.5882747096955603        4.5882747096955603     
   4.6096130431364948        4.5615439182997788        4.5615439182997788     
   4.5831962624478919        4.5349688059001663        4.5349688059001663     
   4.5569308300720612        4.5085484743107012        4.5085484743107012     
   4.5308158856554535        4.4822820291354013        4.4822820291354013     
   4.5048505726217520        4.4561685799829425        4.4561685799829425     
   4.4790340383401865        4.4302072406411979        4.4302072406411979     
   4.4533654342616060        4.4043971292182889        4.4043971292182889     
   4.4278439160276237        4.3787373682556927        4.3787373682556927     
   4.4024686435573148        4.3532270848179913        4.3532270848179913     
   4.3772387811151736        4.3278654105631453        4.3278654105631453     
   4.3521534973634539        4.3026514817964996        4.3026514817964996     
   4.3272119654014922        4.2775844395112275        4.2775844395112275     
   4.3024133627941659        4.2526634294174626        4.2526634294174626     
   4.2777568715913246        4.2278876019619949        4.2278876019619949     
   4.2532416783396840        4.2032561123401191        4.2032561123401191     
   4.2288669740884659        4.1787681205009397        4.1787681205009397     
   4.2046319543898294        4.1544227911472351        4.1544227911472351     
   4.1805358192949811        4.1302192937308053        4.1302192937308053     
   4.1565777733466920        4.1061568024440591        4.1061568024440591     
   4.1327570255688517        4.0822344962084962        4.0822344962084962     
   4.1090727894535535        4.0584515586606180        4.0584515586606180     
   4.0855242829461584        4.0348071781357042        4.0348071781357042     
   4.0621107284286850        4.0113005476498440        4.0113005476498440     
   4.0388313527018251        3.9879308648805285        3.9879308648805285     
   4.0156853869658393        3.9646973321460623        3.9646973321460623     
   3.9926720668005347        3.9415991563840245        3.9415991563840245     
   3.9697906321445053        3.9186355491289455        3.9186355491289455     
   3.9470403272737760        3.8958057264893653        3.8958057264893653     
   3.9244204007799697        3.8731089091243969        3.8731089091243969     
   3.9019301055481055        3.8505443222198945        3.8505443222198945     
   3.8795686987341043        3.8281111954643241        3.8281111954643241     
   3.8573354417420767        3.8058087630244071        3.8058087630244071     
   3.8352296002014499        3.7836362635205965        3.7836362635205965     
   3.8132504439439852        3.7615929400024388        3.7615929400024388     
   3.7913972469807207        3.7396780399238678        3.7396780399238678     
   4.1328133819608643        4.0977520124445421        4.0977520124445421     
   5.2458525206766433        5.1998404312239268        5.1998404312239268     
   6.1652823227529749        6.1107813663763828        6.1107813663763828     
   6.9230512481768987        6.8619949489463732        6.8619949489463732     
   7.5458451630256773        7.4797461314029192        7.4797461314029192     
   8.0559541474365766        7.9859904550086842        7.9859904550086842     
   8.4719965309343568        8.3990810594787817        8.3990810594787817     
   8.8095236713122151        8.7343596997004429        8.7343596997004429     
   9.0815251198905251        9.0046507994665603        9.0046507994665603     
   9.2988505805925055        9.2206744500972366        9.2206744500972366     
   9.4705623677935815        9.3913916519568641        9.3913916519568641     
   9.6042298105468404        9.5242929151857751        9.5242929151857751     
   9.7061751652432893        9.6256395122077318        9.6256395122077318     
   9.7816790237912912        9.7006651500247330        9.7006651500247330     
   9.8351518888405636        9.7537445558805960        9.7537445558805960     
   9.8702774887038291        9.7885344045292531        9.7885344045292531     
   9.8901324867530818        9.8080911247802440        9.8080911247802440     
   9.8972864733754395        9.8149693785374659        9.8149693785374659     
   9.8938854881639333        9.8113043832271796        9.8113043832271796     
   9.8817217850914467        9.7988807282900225        9.7988807282900225     
   9.8622921065970406        9.7791899015385457        9.7791899015385457     
   9.8368463592909272        9.7534783776545488        9.7534783776545488     
   9.8064282722351912        9.7227878172139430        9.7227878172139430     
   9.7719093583566501        9.6879886705963454        9.6879886705963454     
   9.7340172820383550        9.6498082687826976        9.6498082687826976     
   9.6933595542525541        9.6088543055292952        9.6088543055292952     
   9.6504433248395340        9.5656344670151139        9.5656344670151139     
   9.6056919147746509        9.5205728410130419        9.5205728410130419     
   9.5594586253826854        9.4740236339405968        9.4740236339405968     
   9.5120382730157971        9.4262826374629771        9.4262826374629771     
   9.4636768238358382        9.3775968138599097        9.3775968138599097     
   9.4145794416343751        9.3281723087944162        9.3281723087944162     
   9.3649172100803248        9.2781811494860325        9.2781811494860325     
   9.3148327477313249        9.2277668439628346        9.2277668439628346     
   9.2644448981826848        9.1770490616827498        9.1770490616827498     
   9.2138526476887623        9.1261275462359706        9.1261275462359706     
   9.1631383975004823        9.0750853861143153        9.0750853861143153     
   9.1123706972042520        9.0239917488639669        9.0239917488639669     
   9.0616065278412190        8.9729041666596512        8.9729041666596512     
   9.0108932089629761        8.9218704468947276        8.9218704468947276     
   8.9602699915654664        8.8709302693076051        8.8709302693076051     
   8.9097693886404219        8.8201165210718138        8.8201165210718138     
   8.8594182865615885        8.7694564128397960        8.7694564128397960     
   8.8092388734046843        8.7189724116775125        8.7189724116775125     
   8.7592494143541177        8.6686830209310433        8.6686830209310433     
   8.7094648993829953        8.6186034321377587        8.6186034321377587     
   8.6598975842444190        8.5687460699746811        8.5687460699746811     
   8.6105574423469218        8.5191210477925292        8.5191210477925292     
   8.5614525421924270        8.4697365484049385        8.4697365484049385     
   8.5125893626374403        8.4205991423956341        8.4205991423956341     
   8.4639730562187161        8.3717140541945092        8.3717140541945092     
   8.4156076690977670        8.3230853844917636        8.3230853844917636     
   8.3674963247696432        8.2747162961533789        8.2747162961533789     
   8.3196413775044142        8.2266091696260091        8.2266091696260091     
   8.2720445405067817        8.1787657328369470        8.1787657328369470     
   8.2247069929580352        8.1311871697735967        8.1311871697735967     
   8.1776294694187452        8.0838742112403459        8.0838742112403459     
   8.1308123344975751        8.0368272107169236        8.0368272107169236     
   8.0842556452131262        7.9900462077625392        7.9900462077625392     
   8.0379592030759213        7.9435309810091228        7.9435309810091228     
   7.9919225975838160        7.8972810924517356        7.8972810924517356     
   7.9461452425451364        7.8512959244640026        7.8512959244640026     
   7.9006264064109901        7.8055747107321576        7.8055747107321576     
   7.8553652376035110        7.7601165621054786        7.7601165621054786     
   7.8103607856643356        7.7149204881971709        7.7149204881971709     
   7.7656120189117850        7.6699854154329579        7.6699854154329579     
   7.7211178391818773        7.6253102021301951        7.6253102021301951     
   7.6768770941335189        7.5808936510947564        7.5808936510947564     
   7.6328885875191395        7.5367345201429652        7.5367345201429652     
   7.5891510877559076        7.4928315308890436        7.4928315308890436     
   7.5456633350775251        7.4491833760826829        7.4491833760826829     
   7.5024240475003854        7.4057887257346628        7.4057887257346628     
   7.4594319257994712        7.3626462322293920        7.3626462322293920     
   7.4166856576571139        7.3197545345906301        7.3197545345906301     
   7.3741839211209088        7.2771122620393580        7.2771122620393580     
   7.3319253874846231        7.2347180369599924        7.2347180369599924     
   7.2899087236871596        7.1925704773720387        7.1925704773720387     
   7.2481325943090189        7.1506681989883791        7.1506681989883791     
   7.2065956632325952        7.1090098169280589        7.1090098169280589     
   7.1652965950217071        7.0675939471402938        7.0675939471402938     
   7.1242340560666646        7.0264192075871241        7.0264192075871241     
   7.0834067155335187        6.9854842192243556        6.9854842192243556     
   7.0428132461498025        6.9447876068139349        6.9447876068139349     
   7.0024523248537278        6.9043279995954414        6.9043279995954414     
   6.9623226333293617        6.8641040318398696        6.8641040318398696     
   6.9224228584466250        6.8241143433050464        6.8241143433050464     
   6.8827516926218060        6.7843575796088800        6.7843575796088800     
   6.8433078341117382        6.7448323925339366        6.7448323925339366     
   6.8040899872526026        6.7055374402746910        6.7055374402746910     
   6.7650968626525119        6.6664713876368635        6.6664713876368635     
   6.7263271773455333        6.6276329061967809        6.6276329061967809     
   6.6877796549135393        6.5890206744273279        6.5890206744273279     
   6.6494530255812245        6.5506333777960366        6.5506333777960366     
   6.6113460262887509        6.5124697088399275        6.5124697088399275     
   6.5734574007457294        6.4745283672209393        6.4745283672209393     
   6.5357858994696727        6.4368080597651840        6.4368080597651840     
   6.4983302798115057        6.3993075004887396        6.3993075004887396     
   6.4610893059702850        6.3620254106121878        6.3620254106121878     
   6.4240617489989837        6.3249605185658346        6.3249605185658346     
   6.3872463868028042        6.2881115599871391        6.2881115599871391     
   6.3506420041313225        6.2514772777117003        6.2514772777117003     
   6.3142473925655000        6.2150564217588791        6.2150564217588791     
   6.2780613505004412        6.1788477493129861        6.1788477493129861     
   6.2420826831246554        6.1428500247007971        6.1428500247007971     
   6.2063102023964074        6.1070620193660421        6.1070620193660421     
   6.1707427270176964        6.0714825118414018        6.0714825118414018     
   6.1353790824062759        6.0361102877184525        6.0361102877184525     
   6.1002181006660754        6.0009441396159566        6.0009441396159566     
   6.0652586205563255        5.9659828671467716        5.9659828671467716     
   6.0304994874596360        5.9312252768836817        5.9312252768836817     
   5.9959395533492312        5.8966701823243426        5.8966701823243426     
   5.9615776767555175        5.8623164038555284        5.8623164038555284     
   5.9274127227321252        5.8281627687168367        5.8281627687168367     
   5.8934435628215551        5.7942081109639725        5.7942081109639725     
   5.8596690750205180        5.7604512714317186        5.7604512714317186     
   5.8260881437450607        5.7268910976966865        5.7268910976966865     
   5.7926996597955371        5.6935264440399100        5.6935264440399100     
   5.7595025203214947        5.6603561714093553        5.6603561714093553     
   5.7264956287865214        5.6273791473823911        5.6273791473823911     
   5.6936778949330868        5.5945942461282572        5.5945942461282572     
   6.0241923292307931        5.9418615456980586        5.9418615456980586     
   7.1263922433634770        7.0332062508003652        7.0332062508003652     
   8.0350449389160215        7.9334660647527917        7.9334660647527917     
   8.7820985198856700        8.6740607539383454        8.6740607539383454     
   9.3942384984000178        9.2812549082891014        9.2812549082891014     
   9.8937546026750987        9.7770037086429049        9.7770037086429049     
   10.299264812331254        10.179659936389870        10.179659936389870     
   10.626320137262514        10.504564990179817        10.504564990179817     
   10.887909782883842        10.764542939643656        10.764542939643656     
   11.094883109195390        10.970313524002842        10.970313524002842     
   11.256302088620485        11.130837393574435        11.130837393574435     
   11.379735710219798        11.253604710490794        11.253604710490794     
   11.471505892340366        11.344876401195192        11.344876401195192     
   11.536892890783864        11.409885828724807        11.409885828724807     
   11.580306874019509        11.453007378362564        11.453007378362564     
   11.605431238094651        11.477897384893751        11.477897384893751     
   11.615342316020090        11.487611939139915        11.487611939139915     
   11.612609369714994        11.484705366986059        11.484705366986059     
   11.599378112186853        11.471312551797189        11.471312551797189     
   11.577440472694624        11.449217750898907        11.449217750898907     
   11.548292870824325        11.419912121923629        11.419912121923629     
   11.513184892183359        11.384641811296632        11.384641811296632     
   11.473159946670616        11.344448153249715        11.344448153249715     
   11.429089229878807        11.300201273719654        11.300201273719654     
   11.381700090675466        11.252628181134737        11.252628181134737     
   11.331599726325498        11.202336248577788        11.202336248577788     
   11.279294974759665        11.149832843422546        11.149832843422546     
   11.225208846831300        11.095541736494008        11.095541736494008     
   11.169694335520431        11.039816819108321        11.039816819108321     
   11.113045950601546        10.982953569665090        10.982953569665090     
   11.055509353415772        10.925198639003519        10.925198639003519     
   10.997289404680846        10.866757863160549        10.866757863160549     
   10.938556886728714        10.807802961533502        10.807802961533502     
   10.879454118506978        10.748477136121608        10.748477136121608     
   10.820099645717924        10.688899752136850        10.688899752136850     
   10.760592158430072        10.629170250696012        10.629170250696012     
   10.701013763405907        10.569371419579698        10.569371419579698     
   10.641432717431064        10.509572127374804        10.509572127374804     
   10.581905710423932        10.449829609038506        10.449829609038506     
   10.522479772481708        10.390191376478183        10.390191376478183     
   10.463193866804783        10.330696815667761        10.330696815667761     
   10.404080220238635        10.271378521727740        10.271378521727740     
   10.345165434650630        10.212263414959031        10.212263414959031     
   10.286471415240566        10.153373673767632        10.153373673767632     
   10.228016145938057        10.094727514521388        10.094727514521388     
   10.169814337073246        10.036339843451357        10.036339843451357     
   10.111877966358863        9.9782228015904320        9.9782228015904320     
   10.054216730756481        9.9203862202977078        9.9203862202977078     
   9.9968384239053396        9.8628380020380604        9.8628380020380604     
   9.9397492513744634        9.8055844386797659        9.8055844386797659     
   9.8829540939792953        9.7486304775610488        9.7486304775610488     
   9.8264567277172326        9.6919799438947667        9.6919799438947667     
   9.7702600074674795        9.6356357266744794        9.6356357266744794     
   9.7143660204236681        9.5795999340699893        9.5795999340699893     
   9.6587762142446323        9.5238740233180170        9.5238740233180170     
   9.6034915040876001        9.4684589092924174        9.4684589092924174     
   9.5485123620021657        9.4133550552518894        9.4133550552518894     
   9.4938388915904284        9.3585625486891715        9.3585625486891715     
   9.4394708903602211        9.3040811647261208        9.3040811647261208     
   9.3854079017985139        9.2499104190979136        9.2499104190979136     
   9.3316492588583060        9.1960496124344804        9.1960496124344804     
   9.2781941202732909        9.1424978672670267        9.1424978672670267     
   9.2250415008817406        9.0892541589531959        9.0892541589531959     
   9.1721902969463720        9.0363173415186875        9.0363173415186875     
   9.1196393072944915        8.9836861692493741        8.9836861692493741     
   9.0673872509669042        8.9313593147311749        8.9313593147311749     
   9.0154327819506790        8.8793353839204983        8.8793353839204983     
   8.9637745014761681        8.8276129287325222        8.8276129287325222     
   8.9124109682794863        8.7761904575545469        8.7761904575545469     
   8.8613407071656507        8.7250664440249430        8.7250664440249430     
   8.8105622161523076        8.6742393343622428        8.6742393343622428     
   8.7600739724279091        8.6237075534823564        8.6237075534823564     
   8.7098744373196411        8.5734695101027256        8.5734695101027256     
   8.6599620604342835        8.5235236009997433        8.5235236009997433     
   8.6103352831082614        8.4738682145583510        8.4738682145583510     
   8.5609925412807204        8.4245017337300201        8.4245017337300201     
   8.5119322678847293        8.3754225384962435        8.3754225384962435     
   8.4631528948360106        8.3266290079186938        8.3266290079186938     
   8.4146528546855528        8.2781195218439230        8.2781195218439230     
   8.3664305819914873        8.2298924623193432        8.2298924623193432     
   8.3184845144565713        8.1819462147678941        8.1819462147678941     
   8.2708130938698812        8.1342791689610472        8.1342791689610472     
   8.2234147668850408        8.0868897198232865        8.0868897198232865     
   8.1762879856619453        8.0397762680957481        8.0397762680957481     
   8.1294312083945215        7.9929372208822134        7.9929372208822134     
   8.0828428997433388        7.9463709920967602        7.9463709920967602     
   8.0365215311887876        7.9000760028293042        7.9000760028293042     
   7.9904655813179488        7.8540506816425149        7.8540506816425149     
   7.9446735360561558        7.8082934648114346        7.8082934648114346     
   7.8991438888523469        7.7628027965152544        7.7628027965152544     
   7.8538751408259291        7.7175771289891255        7.7175771289891255     
   7.8088658008814900        7.6726149226426328        7.6726149226426328     
   7.7641143857967236        7.6279146461504430        7.6279146461504430     
   7.7196194202880246        7.5834747765197301        7.5834747765197301     
   7.6753794370574626        7.5392937991382594        7.5392937991382594     
   7.6313929768242650        7.4953702078063245        7.4953702078063245     
   7.5876585883433894        7.4517025047552590        7.4517025047552590     
   7.5441748284133663        7.4082892006547603        7.4082892006547603     
   7.5009402618752210        7.3651288146109009        7.3651288146109009     
   7.4579534616039824        7.3222198741564304        7.3222198741564304     
   7.4152130084940495        7.2795609152346437        7.2795609152346437     
   7.3727174914394711        7.2371504821779462        7.2371504821779462     
   7.3304655073100138        7.1949871276820154        7.1949871276820154     
   7.2884556609237565        7.1530694127763423        7.1530694127763423     
   7.2466865650168328        7.1113959067917687        7.1113959067917687     
   7.2051568402108215        7.0699651873255913        7.0699651873255913     
   7.1638651149782282        7.0287758402046476        7.0287758402046476     
   7.1228100256063982        6.9878264594467767        6.9878264594467767     
   7.0819902161601753        6.9471156472209605        6.9471156472209605     
   7.0414043384435496        6.9066420138064064        6.9066420138064064     
   7.0010510519604976        6.8664041775507911        6.8664041775507911     
   6.9609290238751882        6.8264007648278495        6.8264007648278495     
   6.9210369289717120        6.7866304099944470        6.7866304099944470     
   6.8813734496134362        6.7470917553472889        6.7470917553472889     
   6.8419372757020946        6.7077834510793357        6.7077834510793357     
   6.8027271046367046        6.6687041552360533        6.6687041552360533     
   6.7637416412723574        6.6298525336715279        6.6298525336715279     
   6.7249795978789670        6.5912272600045476        6.5912272600045476     
   6.6864396941000015        6.5528270155746755        6.5528270155746755     
   6.6481206569112627        6.5146504893983597        6.5146504893983597     
   6.9731653150652573        6.8565575754547528        6.8565575754547528     
   8.0699267995632695        7.9425732954460821        7.9425732954460821     
   8.9731722323503647        8.8375351707570040        8.8375351707570040     
   9.7148495388108689        9.5728627868949374        9.5728627868949374     
   10.321644053483066        10.174820553970145        10.174820553970145     
   10.815845328011418        10.665363474046293        10.665363474046293     
   11.216071166456603        11.062844150780858        11.062844150780858     
   11.537872404159096        11.382603806126482        11.382603806126482     
   11.794238072980649        11.637466334046326        11.637466334046326     
   11.996017360362812        11.838151299117538        11.838151299117538     
   12.152272067159217        11.993619178030334        11.993619178030334     
   12.270571011844087        12.111359960301778        12.111359960301778     
   12.357235943155610        12.197634400765498        12.197634400765498     
   12.417546948258625        12.257675691848819        12.257675691848819     
   12.455914027951941        12.295858049218779        12.295858049218779     
   12.476020411573401        12.315837639032956        12.315837639032956     
   12.480942266379680        12.320670384467606        12.320670384467606     
   12.473248689485741        12.312910444739135        12.312910444739135     
   12.455085230039336        12.294692537514955        12.294692537514955     
   12.428243654378740        12.267800755388434        12.267800755388434     
   12.394220220102969        12.233726092219461        12.233726092219461     
   12.354264351760740        12.193714531614928        12.193714531614928     
   12.309419299115271        12.148807245936824        12.148807245936824     
   12.260556098541310        12.099874200195162        12.099874200195162     
   12.208401940600881        12.047642242829014        12.047642242829014     
   12.153563865160615        11.992718587864088        11.992718587864088     
   12.096548553655021        11.935610444543665        11.935610444543665     
   12.037778861338037        11.876741426483539        11.876741426483539     
   11.977607626482012        11.816465268706562        11.816465268706562     
   11.916329205040370        11.755077294229592        11.755077294229592     
   11.854189105414696        11.692823999414347        11.692823999414347     
   11.791392036259653        11.629911066720256        11.629911066720256     
   11.728108628715582        11.566510062861871        11.566510062861871     
   11.664481051404922        11.502764038045173        11.502764038045173     
   11.600627700566296        11.438792206573241        11.438792206573241     
   11.536647117661113        11.374693859533144        11.374693859533144     
   11.472621261696395        11.310551635549837        11.310551635549837     
   11.408618242549080        11.246434254923543        11.246434254923543     
   11.344694604070765        11.182398805188672        11.182398805188672     
   11.280897231128959        11.118492651688728        11.118492651688728     
   11.217264942526642        11.054755034687627        11.054755034687627     
   11.153829821539409        10.991218404444771        10.991218404444771     
   11.090618327287515        10.927909537243915        10.927909537243915     
   11.027652223041720        10.864850468312953        10.864850468312953     
   10.964949351615969        10.802059271675766        10.802059271675766     
   10.902524283033449        10.739550712048745        10.739550712048745     
   10.840388855504015        10.677336789774573        10.677336789774573     
   10.778552627285839        10.615427196341789        10.615427196341789     
   10.717023254109645        10.553829695159598        10.553829695159598     
   10.655806804426277        10.492550439850733        10.492550439850733     
   10.594908022718801        10.431594240313292        10.431594240313292     
   10.534330549433546        10.370964785120728        10.370964785120728     
   10.474077104675466        10.310664827423249        10.310664827423249     
   10.414149641636312        10.250696340338729        10.250696340338729     
   10.354549474740985        10.191060646838764        10.191060646838764     
   10.295277386676331        10.131758528314309        10.131758528314309     
   10.236333717780722        10.072790315318825        10.072790315318825     
   10.177718440699861        10.014155963412957        10.014155963412957     
   10.119431222735672        9.9558551165550959        9.9558551165550959     
   10.061471477915411        9.8978871600810994        9.8978871600810994     
   10.003838410474277        9.8402512649812941        9.8402512649812941     
   9.9465310511658274        9.7829464249025477        9.7829464249025477     
   9.8895482875816310        9.7259714870690388        9.7259714870690388     
   9.8328888894669380        9.6693251781195073        9.6693251781195073     
   9.7765515298566417        9.6130061256950210        9.6130061256950210     
   9.7205348027200262        9.5570128764745181        9.5570128764745181     
   9.6648372376894205        9.5013439112409568        9.5013439112409568     
   9.6094573123530811        9.4459976574653162        9.4459976574653162     
   9.5543934625136124        9.3909724998157156        9.3909724998157156     
   9.4996440907470276        9.3362667889321145        9.3362667889321145     
   9.4452075735424561        9.2818788487512336        9.2818788487512336     
   9.3910822672562873        9.2278069826195619        9.2278069826195619     
   9.3372665130761181        9.1740494783933979        9.1740494783933979     
   9.2837586411576467        9.1206046126921105        9.1206046126921105     
   9.2305569740707671        9.0674706544436532        9.0674706544436532     
   9.1776598296687304        9.0146458678384604        9.0146458678384604     
   9.1250655234754507        8.9621285147888869        8.9621285147888869     
   9.0727723706703394        8.9099168569753306        8.9099168569753306     
   9.0207786877370815        8.8580091575469293        8.8580091575469293     
   8.9690827938316691        8.8064036825335563        8.8064036825335563     
   8.9176830119160684        8.7550987020165252        8.7550987020165252     
   8.8665776696961363        8.7040924910976596        8.7040924910976596     
   8.8157651003960638        8.6533833306998513        8.6533833306998513     
   8.7652436433963654        8.6029695082268205        8.6029695082268205     
   8.7150116447579098        8.5528493181052294        8.5528493181052294     
   8.6650674576508280        8.5030210622284876        8.5030210622284876     
   8.6154094427040029        8.4534830503184715        8.4534830503184715     
   8.5660359682882881        8.4042336002186371        8.4042336002186371     
   8.5169454107444196        8.3552710381298620        8.3552710381298620     
   8.4681361545647515        8.3065936987984585        8.3065936987984585     
   8.4196065925365282        8.2581999256642487        8.2581999256642487     
   8.3713551258530003        8.2100880709753312        8.2100880709753312     
   8.3233801641978111        8.1622564958750257        8.1622564958750257     
   8.2756801258070425        8.1147035704656361        8.1147035704656361     
   8.2282534375126772        8.0674276738528814        8.0674276738528814     
   8.1810985347705767        8.0204271941742018        8.0204271941742018     
   8.1342138616755904        7.9737005286136693        7.9737005286136693     
   8.0875978709659240        7.9272460834057163        7.9272460834057163     
   8.0412490240186383        7.8810622738295919        7.8810622738295919     
   7.9951657908377349        7.8351475241961079        7.8351475241961079     
   7.9493466500361238        7.7895002678279921        7.7895002678279921     
   7.9037900888125261        7.7441189470349450        7.7441189470349450     
   7.8584946029241793        7.6990020130843204        7.6990020130843204     
   7.8134586966560979        7.6541479261682026        7.6541479261682026     
   7.7686808827874918        7.6095551553675023        7.6095551553675023     
   7.7241596825558547        7.5652221786136362        7.5652221786136362     
   7.6798936256191608        7.5211474826482148        7.5211474826482148     
   7.6358812500165181        7.4773295629811134        7.4773295629811134     
   7.5921211021275825        7.4337669238472550        7.4337669238472550     
   7.5486117366309706        7.3904580781623492        7.3904580781623492     
   7.5053517164619006        7.3474015474778094        7.3474015474778094     
   7.4623396127692052        7.3045958619350406        7.3045958619350406     
   7.4195740048718877        7.2620395602192227        7.2620395602192227     
   7.3770534802153245        7.2197311895127552        7.2197311895127552     
   7.3347766343272225        7.1776693054484291        7.1776693054484291     
   7.2927420707734134        7.1358524720624361        7.1358524720624361     
   7.2509484011135497        7.0942792617472916        7.0942792617472916     
   7.2093942448567683        7.0529482552047131        7.0529482552047131     
   7.1680782294173611        7.0118580413985230        7.0118580413985230     
   7.1269989900705033        6.9710072175076085        6.9710072175076085     
   7.4492992643957194        7.3102555862107019        7.3102555862107019     
   8.5433320927371010        8.3936280784348849        8.3936280784348849     
   9.4438645069091827        9.2859621253255522        9.2859621253255522     
   10.182844342679747        10.018677222674096        10.018677222674096     
   10.786956845484115        10.618037691397431        10.618037691397431     
   11.278491478374423        11.105998444885509        11.105998444885509     
   11.676065957326736        11.500911998638712        11.500911998638712     
   11.995231030101721        11.818119486966177        11.818119486966177     
   12.248975641483224        12.070444716698180        12.070444716698180     
   12.448148892333920        12.268607165786607        12.268607165786607     
   12.601812497424744        12.421567224801098        12.421567224801098     
   12.717535189640547        12.536814797639876        12.536814797639876     
   12.801638632620644        12.620610554016528        12.620610554016528     
   12.859402828918698        12.678187601734258        12.678187601734258     
   12.895237695207229        12.713920072328998        12.713920072328998     
   12.912826377179909        12.731464048317354        12.731464048317354     
   12.915244958928596        12.733875369721915        12.733875369721915     
   12.905062454880044        12.723708113089859        12.723708113089859     
   12.884424331967665        12.703096913901007        12.703096913901007     
   12.855122274786558        12.673825783039948        12.673825783039948     
   12.818652459661019        12.637385633133832        12.637385633133832     
   12.776264230330820        12.595022367030069        12.595022367030069     
   12.729000756213342        12.547777076801667        12.547777076801667     
   12.677732993797937        12.496519647637419        12.496519647637419     
   12.623188054219058        12.441976848620209        12.441976848620209     
   12.565972898370941        12.384755814881894        12.384755814881894     
   12.506594129168285        12.325363677231516        12.325363677231516     
   12.445474523795205        12.264223971307613        12.264223971307613     
   12.382966842901634        12.201690354610051        12.201690354610051     
   12.319365365263423        12.138058073084359        12.138058073084359     
   12.254915522546872        12.073573546469936        12.073573546469936     
   12.189821947111128        12.008442381050290        12.008442381050290     
   12.124255194238247        11.942836067807860        11.942836067807860     
   12.058357357127118        11.876897581657717        11.876897581657717     
   11.992246757025057        11.810746062050670        11.810746062050670     
   11.926021860831931        11.744480725657610        11.744480725657610     
   11.859764553420515        11.678184137120857        11.678184137120857     
   11.793542870958367        11.611924943189026        11.611924943189026     
   11.727413284010110        11.545760158273419        11.545760158273419     
   11.661422604576281        11.479737075020450        11.479737075020450     
   11.595609579010471        11.413894861420474        11.413894861420474     
   11.530006218554092        11.348265895880390        11.348265895880390     
   11.464638910706038        11.282876883250072        11.282876883250072     
   11.399529347526142        11.217749787739693        11.217749787739693     
   11.334695301025537        11.152902612769163        11.152902612769163     
   11.270151270830356        11.088350052862237        11.088350052862237     
   11.205909025156830        11.024104038577908        11.024104038577908     
   11.141978052670636        10.960174192027576        10.960174192027576     
   11.078365939908828        10.896568207647496        10.896568207647496     
   11.015078686525117        10.833292170489285        10.833292170489285     
   10.952120968599701        10.770350822279422        10.770350822279422     
   10.889496358568048        10.707747783816901        10.707747783816901     
   10.827207508914016        10.645485740872326        10.645485740872326     
   10.765256305595786        10.583566599576516        10.583566599576516     
   10.703643996189992        10.521991616304273        10.521991616304273     
   10.642371296918311        10.460761506237759        10.460761506237759     
   10.581438482034851        10.399876534107362        10.399876534107362     
   10.520845458479773        10.339336590034140        10.339336590034140     
   10.460591828225999        10.279141252918143        10.279141252918143     
   10.400676940346186        10.219289843415922        10.219289843415922     
   10.341099934493167        10.159781468215311        10.159781468215311     
   10.281859777208254        10.100615057035306        10.100615057035306     
   10.222955292238762        10.041789393544663        10.041789393544663     
   10.164385185851566        9.9833031411969682        9.9833031411969682     
   10.106148067966972        9.9251548648162480        9.9251548648162480     
   10.048242469801378        9.8673430486303673        9.8673430486303673     
   9.9906668585938494        9.8098661113350509        9.8098661113350509     
   9.9334196498969565        9.7527224186757682        9.7527224186757682     
   9.8764992178331248        9.6959102939547286        9.6959102939547286     
   9.8199039036516780        9.6394280268035057        9.6394280268035057     
   9.7636320228664992        9.5832738805058586        9.5832738805058586     
   9.7076818712081820        9.5274460981086904        9.5274460981086904     
   9.6520517295859616        9.4719429075199990        9.4719429075199990     
   9.5967398682226221        9.4167625257601255        9.4167625257601255     
   9.5417445500986062        9.3619031625052038        9.3619031625052038     
   9.4870640338192231        9.3073630230390609        9.3073630230390609     
   9.4326965759999730        9.2531403107106218        9.2531403107106218     
   9.3786404332494619        9.1992332289780450        9.1992332289780450     
   9.3248938638162198        9.1456399831074311        9.1456399831074311     
   9.2714551289548233        9.0923587815828402        9.0923587815828402     
   9.2183224940576576        9.0393878372750329        9.0393878372750329     
   9.1654942295909052        8.9867253684085870        8.9867253684085870     
   9.1129686118671316        8.9343695993605117        8.9343695993605117     
   9.0607439236813700        8.8823187613180785        8.8823187613180785     
   9.0088184548332890        8.8305710928190155        8.8305710928190155     
   8.9571905025542478        8.7791248401934077        8.7791248401934077     
   8.9058583718549365        8.7279782579235174        8.7279782579235174     
   8.8548203758067530        8.6771296089350045        8.6771296089350045     
   8.8040748357678904        8.6265771648309038        8.6265771648309038     
   8.7536200815632643        8.5763192060777733        8.5763192060777733     
   8.7034544516259587        8.5263540221519047        8.5263540221519047     
   8.6535762931065694        8.4766799116522602        8.4766799116522602     
   8.6039839619557981        8.4272951823855813        8.4272951823855813     
   8.5546758229847093        8.3781981514283324        8.3781981514283324     
   8.5056502499064504        8.3293871451693118        8.3293871451693118     
   8.4569056253624595        8.2808604993361747        8.2808604993361747     
   8.4084403409358330        8.2326165590085392        8.2326165590085392     
   8.3602527971539686        8.1846536786199469        8.1846536786199469     
   8.3123414034823213        8.1369702219505431        8.1369702219505431     
   8.2647045783107931        8.0895645621120700        8.0895645621120700     
   8.2173407489339834        8.0424350815264685        8.0424350815264685     
   8.1702483515264017        7.9955801718991983        7.9955801718991983     
   8.1234258311134884        7.9489982341881911        7.9489982341881911     
   8.0768716415391939        7.9026876785692082        7.9026876785692082     
   8.0305842454307381        7.8566469243982340        7.8566469243982340     
   7.9845621141610330        7.8108744001714516        7.8108744001714516     
   7.9388037278092467        7.7653685434832465        7.7653685434832465     
   7.8933075751198043        7.7201278009826000        7.7201278009826000     
   7.8480721534601781        7.6751506283282023        7.6751506283282023     
   7.8030959687776908        7.6304354901425304        7.6304354901425304     
   7.7583775355555291        7.5859808599651259        7.5859808599651259     
   7.7139153767681723        7.5417852202052318        7.5417852202052318     
   7.6697080238363480        7.4978470620939541        7.4978470620939541     
   7.6257540165816575        7.4541648856360849        7.4541648856360849     
   7.5820519031809566        7.4107371995616598        7.4107371995616598     
   7.5386002401205845        7.3675625212773737        7.3675625212773737     
   7.4953975921505105        7.3246393768179026        7.3246393768179026     
   7.4524425322384475        7.2819663007972055        7.2819663007972055     
   7.4097336415239825        7.2395418363598507        7.2395418363598507     
   7.3672695092727851        7.1973645351324134        7.1973645351324134     
   7.6881928273206626        7.5352941545088017        7.5352941545088017     
   8.7808565905234346        8.6173555803884501        8.6173555803884501     
   9.6800277854751648        9.5083861991584904        9.5083861991584904     
   10.417654202979778        10.239805462110294        10.239805462110294     
   11.020421043766426        10.837877645920013        10.837877645920013     
   11.510617726437282        11.324557619994589        11.324557619994589     
   11.906861922773182        11.718197856107629        11.718197856107629     
   12.224704336592838        12.034139445096253        12.034139445096253     
   12.477133868989979        12.285206150571984        12.285206150571984     
   12.674999577387533        12.482117407519750        12.482117407519750     
   12.827363133365642        12.633833563792553        12.633833563792553     
   12.941793226865880        12.747844480820847        12.747844480820847     
   13.024611478830398        12.830410786097863        12.830410786097863     
   13.081097849360370        12.886765545452430        12.886765545452430     
   13.115662212919130        12.921282848690637        12.921282848690637     
   13.131987673233054        12.937618736842374        12.937618736842374     
   13.133150272667214        12.938829008685202        12.938829008685202     
   13.121718984160704        12.927467699761573        12.927467699761573     
   13.099839233397047        12.905669404785474        12.905669404785474     
   13.069302663957838        12.875218094113155        12.875218094113155     
   13.031605411388924        12.837604640079547        12.837604640079547     
   12.987996778885307        12.794074905474583        12.794074905474583     
   12.939519895551966        12.745669942547160        12.745669942547160     
   12.887045677796877        12.693259596893981        12.693259596893981     
   12.831301196902812        12.637570598236509        12.637570598236509     
   12.772893374140713        12.579210042574477        12.579210042574477     
   12.712328773029062        12.518685021812811        12.518685021812811     
   12.650030131581531        12.456419032912564        12.456419032912564     
   12.586350171502085        12.392765694921469        12.392765694921469     
   12.521583132843800        12.328020215556927        12.328020215556927     
   12.455974408772130        12.262428976552936        12.262428976552936     
   12.389728593366005        12.196197546409019        12.196197546409019     
   12.323016203846651        12.129497378543757        12.129497378543757     
   12.255979295570238        12.062471410527200        12.062471410527200     
   12.188736152158244        11.995238744682725        11.995238744682725     
   12.121385203100319        11.927898560770076        11.927898560770076     
   12.054008296073420        11.860533386735481        11.860533386735481     
   11.986673430262442        11.793211832845245        11.793211832845245     
   11.919437039461299        11.725990877240910        11.725990877240910     
   11.852345899110539        11.658917776510435        11.658917776510435     
   11.785438719213289        11.592031662795794        11.592031662795794     
   11.718747474868811        11.525364878864357        11.525364878864357     
   11.652298517640975        11.458944094134104        11.458944094134104     
   11.586113503860538        11.392791237589739        11.392791237589739     
   11.520210170014304        11.326924277630924        11.326924277630924     
   11.454602980407664        11.261357873965197        11.261357873965197     
   11.389303668138531        11.196103922538164        11.196103922538164     
   11.324321686955516        11.131172011049502        11.131172011049502     
   11.259664588678712        11.066569799724219        11.066569799724219     
   11.195338338443831        11.002303339602003        11.002303339602003     
   11.131347578010889        10.938377338595553        10.938377338595553     
   11.067695845691855        10.874795383887081        10.874795383887081     
   11.004385760042641        10.811560127826265        10.811560127826265     
   10.941419173287924        10.748673443317694        10.748673443317694     
   10.878797299464155        10.686136553703530        10.686136553703530     
   10.816520821445039        10.623950141325729        10.623950141325729     
   10.754589980327831        10.562114438265807        10.562114438265807     
   10.693004650085847        10.500629302186161        10.500629302186161     
   10.631764399914097        10.439494279717277        10.439494279717277     
   10.570868546295172        10.378708659434150        10.378708659434150     
   10.510316196478609        10.318271516129956        10.318271516129956     
   10.450106284788120        10.258181747814859        10.258181747814859     
   10.390237602938058        10.198438106633514        10.198438106633514     
   10.330708825345907        10.139039224699063        10.139039224699063     
   10.271518530265110        10.079983635677674        10.079983635677674     
   10.212665217426682        10.021269792820886        10.021269792820886     
   10.154147322764743        9.9628960840285608        9.9628960840285608     
   10.095963230706314        9.9048608444297148        9.9048608444297148     
   10.038111284426661        9.8471623668884849        9.8471623668884849     
   9.9805897944052866        9.7897989107756924        9.7897989107756924     
   9.9233970455626075        9.7327687092906547        9.7327687092906547     
   9.8665313032110635        9.6760699755710906        9.6760699755710906     
   9.8099908180160664        9.6197009077900741        9.6197009077900741     
   9.7537738301298944        9.5636596934062510        9.5636596934062510     
   9.6978785726348171        9.5079445127062918        9.5079445127062918     
   9.6423032744093113        9.4525535417557691        9.4525535417557691     
   9.5870461625124097        9.3974849548555905        9.3974849548555905     
   9.5321054641656282        9.3427369265851254        9.3427369265851254     
   9.4774794083988212        9.2883076334999330        9.2883076334999330     
   9.4231662274153454        9.2341952555407953        9.2341952555407953     
   9.3691641577228424        9.1803979772014941        9.1803979772014941     
   9.3154714410682971        9.1269139884949428        9.1269139884949428     
   9.2620863252096530        9.0737414857508494        9.0737414857508494     
   9.2090070645509705        9.0208786722725893        9.0208786722725893     
   9.1562319206636467        8.9683237588764442        8.9683237588764442     
   9.1037591627125458        8.9160749643325552        8.9160749643325552     
   9.0515870678027017        8.8641305157238008        8.8641305157238008     
   8.9997139212597865        8.8124886487360978        8.8124886487360978     
   8.9481380168552693        8.7611476078914219        8.7611476078914219     
   8.8968576569854338        8.7101056467330444        8.7101056467330444     
   8.8458711528119292        8.6593610279708386        8.6593610279708386     
   8.7951768243702055        8.6089120235932750        8.6089120235932750     
   8.7447730006512039        8.5587569149516423        8.5587569149516423     
   8.6946580196607410        8.5088939928210756        8.5088939928210756     
   8.6448302284603216        8.4593215574422800        8.4593215574422800     
   8.5952879831924882        8.4100379185471503        8.4100379185471503     
   8.5460296490933008        8.3610413953710001        8.3610413953710001     
   8.4970536004941071        8.3123303166536253        8.3123303166536253     
   8.4483582208144448        8.2639030206311261        8.2639030206311261     
   8.3999419025475568        8.2157578550200139        8.2157578550200139     
   8.3518030472397982        8.1678931769949497        8.1678931769949497     
   8.3039400654649924        8.1203073531612038        8.1203073531612038     
   8.2563513767946102        8.0729987595227524        8.0729987595227524     
   8.2090354097644997        8.0259657814467804        8.0259657814467804     
   8.1619906018388200        7.9792068136252317        7.9792068136252317     
   8.1152153993716301        7.9327202600339390        7.9327202600339390     
   8.0687082575666196        7.8865045338897914        7.8865045338897914     
   8.0224676404352948        7.8405580576062999        7.8405580576062999     
   7.9764920207539509        7.7948792627478740        7.7948792627478740     
   7.9307798800196609        7.7494665899830881        7.7494665899830881     
   7.8853297084054841        7.7043184890371288        7.7043184890371288     
   7.8401400047150895        7.6594334186436317        7.6594334186436317     
   7.7952092763369141        7.6148098464960290        7.6148098464960290     
   7.7505360391979936        7.5704462491985627        7.5704462491985627     
   7.7061188177175550        7.5263411122170538        7.5263411122170538     
   7.6619561447604605        7.4824929298295171        7.4824929298295171     
   7.6180465615905746        7.4389002050766972        7.4389002050766972     
   7.5743886178240976        7.3955614497125817        7.3955614497125817     
   7.5309808713829334        7.3524751841549500        7.3524751841549500     
   7.4878218884481189        7.3096399374359917        7.3096399374359917     
   7.4449102434133501        7.2670542471530384        7.2670542471530384     
   7.4022445188386339        7.2247166594194248        7.2247166594194248     
   7.3598233054040874        7.1826257288155171        7.1826257288155171     
   7.3176452018639013        7.1407800183399157        7.1407800183399157     
   7.2757088150004892        7.0991780993608646        7.0991780993608646     
   7.2340127595788255        7.0578185515678546        7.0578185515678546     
   7.1925556583009920        7.0166999629234645        7.0166999629234645     
   7.1513361417609334        6.9758209296154199        6.9758209296154199     
   7.1103528483994349        6.9351800560088899        6.9351800560088899     
   7.0696044244593255        6.8947759545990328        6.8947759545990328     
   7.0290895239409004        6.8546072459637823        6.8546072459637823     
   6.9888068085575892        6.8146725587168824        6.8146725587168824     
   6.9487549476918495        6.7749705294611804        6.7749705294611804     
   6.9089326183512982        6.7354998027421695        6.7354998027421695     
   6.8693385051250875        6.6962590310017918        6.6962590310017918     
   6.8299713001405067        6.6572468745324969        6.6572468745324969     
   6.7908297030198339        6.6184620014315518        6.6184620014315518     
   6.7519124208374253        6.5799030875556221        6.5799030875556221     
   6.7132181680770380        6.5415688164755954        6.5415688164755954     
   6.6747456665893976        6.5034578794316724        6.5034578794316724     
   6.6364936455500052        6.4655689752887087        6.4655689752887087     
   6.5984608414171761        6.4279008104918196        6.4279008104918196     
   6.5606459978903207        6.3904520990222311        6.3904520990222311     
   6.5230478658684614        6.3532215623533910        6.3532215623533910     
   6.4856652034089821        6.3162079294073310        6.3162079294073310     
   6.4484967756866158        6.2794099365112857        6.2794099365112857     
   6.4115413549526652        6.2428263273545541        6.2428263273545541     
   6.3747977204944490        6.2064558529456173        6.2064558529456173     
   6.3382646585949942        6.1702972715695061        6.1702972715695061     
   6.3019409624929414        6.1343493487454088        6.1343493487454088     
   6.2658254323426874        6.0986108571845330        6.0986108571845330     
   6.2299168751747622        6.0630805767482059        6.0630805767482059     
   6.1942141048564183        6.0277572944062214        6.0277572944062214     
   6.1587159420524547        5.9926398041954334        5.9926398041954334     
   6.1234212141862665        5.9577269071785777        5.9577269071785777     
   6.0883287554011085        5.9230174114033485        5.9230174114033485     
   6.0534374065215886        5.8885101318616995        5.8885101318616995     
   6.0187460150153811        5.8542038904493925        5.8542038904493925     
   5.9842534349551526        5.8200975159257773        5.8200975159257773     
   5.9499585269807138        5.7861898438738013        5.7861898438738013     
   5.9158601582613857        5.7524797166602601        5.7524797166602601     
   5.8819572024585742        5.7189659833962745        5.7189659833962745     
   5.8482485396885746        5.6856474998979989        5.6856474998979989     
   5.8147330564855713        5.6525231286475570        5.6525231286475570     
   5.7814096457648638        5.6195917387542096        5.6195917387542096     
   5.7482772067862955        5.5868522059157426        5.5868522059157426     
   5.7153346451178937        5.5543034123800821        5.5543034123800821     
   5.6825808725997193        5.5219442469071351        5.5219442469071351     
   5.6500148073079242        5.4897736047308561        5.4897736047308561     
   5.6176353735190112        5.4577903875215181        5.4577903875215181     
   5.5854415016742998        5.4259935033482272        5.4259935033482272     
   5.5534321283446006        5.3943818666416350        5.3943818666416350     
   5.5216061961950835        5.3629543981568801        5.3629543981568801     
   5.4899626539503563        5.3317100249367400        5.3317100249367400     
   5.4585004563597348        5.3006476802750049        5.3006476802750049     
   5.4272185641627191        5.2697663036800506        5.2697663036800506     
   5.3961159440546638        5.2390648408386413        5.2390648408386413     
   5.3651915686526443        5.2085422435799273        5.2085422435799273     
   5.3344444164615235        5.1781974698396658        5.1781974698396658     
   5.3038734718402081        5.1480294836246410        5.1480294836246410     
   5.2734777249680986        5.1180372549772946        5.1180372549772946     
   5.2432561718117361        5.0882197599405625        5.0882197599405625     
   5.2132078140916303        5.0585759805229173        5.0585759805229173     
   5.1833316592492933        5.0291049046636109        5.0291049046636109     
   5.1536267204144499        4.9998055261981253        4.9998055261981253     
   5.1240920163724359        4.9706768448238190        4.9706768448238190     
   5.0947265715317895        4.9417178660657752        4.9417178660657752     
   5.0655294158920254        4.9129276012428527        4.9129276012428527     
   5.0364995850115948        4.8843050674339281        4.8843050674339281     
   5.0076361199760253        4.8558492874443422        4.8558492874443422     
   4.9789380673662480        4.8275592897725339        4.8275592897725339     
   4.9504044792271040        4.7994341085768761        4.7994341085768761     
   4.9220344130360276        4.7714727836426967        4.7714727836426967     
   4.8938269316719225        4.7436743603494982        4.7436743603494982     
   4.8657811033841947        4.7160378896383710        4.7160378896383710     
   4.8378960017619841        4.6885624279795817        4.6885624279795817     
   4.8101707057035581        4.6612470373403720        4.6612470373403720     
   4.7826042993858886        4.6340907851529227        4.6340907851529227     
   4.7551958722343990        4.6070927442825225        4.6070927442825225     
   4.7279445188928868        4.5802519929959100        4.5802519929959100     
   4.7008493391936170        4.5535676149298130        4.5535676149298130     
   4.6739094381275885        4.5270386990596512        4.5270386990596512     
   4.6471239258149701        4.5006643396684449        4.5006643396684449     
   4.6204919174757064        4.4744436363158853        4.4744436363158853     
   4.5940125334002895        4.4483756938075949        4.4483756938075949     
   4.5676848989207022        4.4224596221645678        4.4224596221645678     
   4.5415081443815266        4.3966945365927801        4.3966945365927801     
   4.5154814051112169        4.3710795574529859        4.3710795574529859     
   4.4896038213935361        4.3456138102306872        4.3456138102306872     
   4.4638745384391605        4.3202964255062701        4.3202964255062701     
   4.4382927063574407        4.2951265389253326        4.2951265389253326     
   4.4128574801283325        4.2701032911691659        4.2701032911691659     
   4.3875680195744797        4.2452258279254202        4.2452258279254202     
   4.3624234893334659        4.2204932998589397        4.2204932998589397     
   4.3374230588302147        4.1959048625827622        4.1959048625827622     
   4.3125659022495615        4.1714596766292917        4.1714596766292917     
   4.2878511985089682        4.1471569074216417        4.1471569074216417     
   4.2632781312314076        4.1229957252451381        4.1229957252451381     
   4.2388458887183900        4.0989753052189934        4.0989753052189934     
   4.2145536639231569        4.0750948272681464        4.0750948272681464     
   4.1904006544240202        4.0513534760952608        4.0513534760952608     
   4.1663860623978550        4.0277504411528948        4.0277504411528948     
   4.1425090945937493        4.0042849166158234        4.0042849166158234     
   4.1187689623067989        3.9809561013535304        3.9809561013535304     
   4.0951648813520567        3.9577631989028572        3.9577631989028572     
   4.0716960720386268        3.9347054174408083        3.9347054174408083     
   4.0483617591439121        3.9117819697575213        3.9117819697575213     
   4.0251611718880058        3.8889920732293874        3.8889920732293874     
   4.0020935439082326        3.8663349497923356        3.8663349497923356     
   3.9791581132338321        3.8438098259152662        3.8438098259152662     
   3.9563541222607896        3.8214159325736436        3.8214159325736436     
   0.0000000000000000     
  0.20000000000000001     
  0.40000000000000002     
  0.60000000000000009     
  0.80000000000000004     
   1.0000000000000000     
   1.2000000000000000     
   1.3999999999999999     
   1.5999999999999999     
   1.7999999999999998     
   1.9999999999999998     
   2.1999999999999997     
   2.3999999999999999     
   2.6000000000000001     
   2.8000000000000003     
   3.0000000000000004     
   3.2000000000000006     
   3.4000000000000008     
   3.6000000000000010     
   3.8000000000000012     
   4.0000000000000009     
   4.2000000000000011     
   4.4000000000000012     
   4.6000000000000014     
   4.8000000000000016     
   5.0000000000000018     
   5.2000000000000020     
   5.4000000000000021     
   5.6000000000000023     
   5.8000000000000025     
   6.0000000000000027     
   6.2000000000000028     
   6.4000000000000030     
   6.6000000000000032     
   6.8000000000000034     
   7.0000000000000036     
   7.2000000000000037     
   7.4000000000000039     
   7.6000000000000041     
   7.8000000000000043     
   8.0000000000000036     
   8.2000000000000028     
   8.4000000000000021     
   8.6000000000000014     
   8.8000000000000007     
   9.0000000000000000     
   9.1999999999999993     
   9.3999999999999986     
   9.5999999999999979     
   9.7999999999999972     
   9.9999999999999964     
   10.199999999999996     
   10.399999999999995     
   10.599999999999994     
   10.799999999999994     
   10.999999999999993     
   11.199999999999992     
   11.399999999999991     
   11.599999999999991     
   11.799999999999990     
   11.999999999999989     
   12.199999999999989     
   12.399999999999988     
   12.599999999999987     
   12.799999999999986     
   12.999999999999986     
   13.199999999999985     
   13.399999999999984     
   13.599999999999984     
   13.799999999999983     
   13.999999999999982     
   14.199999999999982     
   14.399999999999981     
   14.599999999999980     
   14.799999999999979     
   14.999999999999979     
   15.199999999999978     
   15.399999999999977     
   15.599999999999977     
   15.799999999999976     
   15.999999999999975     
   16.199999999999974     
   16.399999999999974     
   16.599999999999973     
   16.799999999999972     
   16.999999999999972     
   17.199999999999971     
   17.399999999999970     
   17.599999999999969     
   17.799999999999969     
   17.999999999999968     
   18.199999999999967     
   18.399999999999967     
   18.599999999999966     
   18.799999999999965     
   18.999999999999964     
   19.199999999999964     
   19.399999999999963     
   19.599999999999962     
   19.799999999999962     
   19.999999999999961     
   20.199999999999960     
   20.399999999999959     
   20.599999999999959     
   20.799999999999958     
   20.999999999999957     
   21.199999999999957     
   21.399999999999956     
   21.599999999999955     
   21.799999999999955     
   21.999999999999954     
   22.199999999999953     
   22.399999999999952     
   22.599999999999952     
   22.799999999999951     
   22.999999999999950     
   23.199999999999950     
   23.399999999999949     
   23.599999999999948     
   23.799999999999947     
   23.999999999999947     
   24.199999999999946     
   24.399999999999945     
   24.599999999999945     
   24.799999999999944     
   24.999999999999943     
   25.199999999999942     
   25.399999999999942     
   25.599999999999941     
   25.799999999999940     
   25.999999999999940     
   26.199999999999939     
   26.399999999999938     
   26.599999999999937     
   26.799999999999937     
   26.999999999999936     
   27.199999999999935     
   27.399999999999935     
   27.599999999999934     
   27.799999999999933     
   27.999999999999932     
   28.199999999999932     
   28.399999999999931     
   28.599999999999930     
   28.799999999999930     
   28.999999999999929     
   29.199999999999928     
   29.399999999999928     
   29.599999999999927     
   29.799999999999926     
   29.999999999999925     
   30.199999999999925     
   30.399999999999924     
   30.599999999999923     
   30.799999999999923     
   30.999999999999922     
   31.199999999999921     
   31.399999999999920     
   31.599999999999920     
   31.799999999999919     
   31.999999999999918     
   32.199999999999918     
   32.399999999999920     
   32.599999999999923     
   32.799999999999926     
   32.999999999999929     
   33.199999999999932     
   33.399999999999935     
   33.599999999999937     
   33.799999999999940     
   33.999999999999943     
   34.199999999999946     
   34.399999999999949     
   34.599999999999952     
   34.799999999999955     
   34.999999999999957     
   35.199999999999960     
   35.399999999999963     
   35.599999999999966     
   35.799999999999969     
   35.999999999999972     
   36.199999999999974     
   36.399999999999977     
   36.599999999999980     
   36.799999999999983     
   36.999999999999986     
   37.199999999999989     
   37.399999999999991     
   37.599999999999994     
   37.799999999999997     
   38.000000000000000     
   38.200000000000003     
   38.400000000000006     
   38.600000000000009     
   38.800000000000011     
   39.000000000000014     
   39.200000000000017     
   39.400000000000020     
   39.600000000000023     
   39.800000000000026     
   40.000000000000028     
   40.200000000000031     
   40.400000000000034     
   40.600000000000037     
   40.800000000000040     
   41.000000000000043     
   41.200000000000045     
   41.400000000000048     
   41.600000000000051     
   41.800000000000054     
   42.000000000000057     
   42.200000000000060     
   42.400000000000063     
   42.600000000000065     
   42.800000000000068     
   43.000000000000071     
   43.200000000000074     
   43.400000000000077     
   43.600000000000080     
   43.800000000000082     
   44.000000000000085     
   44.200000000000088     
   44.400000000000091     
   44.600000000000094     
   44.800000000000097     
   45.000000000000099     
   45.200000000000102     
   45.400000000000105     
   45.600000000000108     
   45.800000000000111     
   46.000000000000114     
   46.200000000000117     
   46.400000000000119     
   46.600000000000122     
   46.800000000000125     
   47.000000000000128     
   47.200000000000131     
   47.400000000000134     
   47.600000000000136     
   47.800000000000139     
   48.000000000000142     
   48.200000000000145     
   48.400000000000148     
   48.600000000000151     
   48.800000000000153     
   49.000000000000156     
   49.200000000000159     
   49.400000000000162     
   49.600000000000165     
   49.800000000000168     
   50.000000000000171     
   50.200000000000173     
   50.400000000000176     
   50.600000000000179     
   50.800000000000182     
   51.000000000000185     
   51.200000000000188     
   51.400000000000190     
   51.600000000000193     
   51.800000000000196     
   52.000000000000199     
   52.200000000000202     
   52.400000000000205     
   52.600000000000207     
   52.800000000000210     
   53.000000000000213     
   53.200000000000216     
   53.400000000000219     
   53.600000000000222     
   53.800000000000225     
   54.000000000000227     
   54.200000000000230     
   54.400000000000233     
   54.600000000000236     
   54.800000000000239     
   55.000000000000242     
   55.200000000000244     
   55.400000000000247     
   55.600000000000250     
   55.800000000000253     
   56.000000000000256     
   56.200000000000259     
   56.400000000000261     
   56.600000000000264     
   56.800000000000267     
   57.000000000000270     
   57.200000000000273     
   57.400000000000276     
   57.600000000000279     
   57.800000000000281     
   58.000000000000284     
   58.200000000000287     
   58.400000000000290     
   58.600000000000293     
   58.800000000000296     
   59.000000000000298     
   59.200000000000301     
   59.400000000000304     
   59.600000000000307     
   59.800000000000310     
   60.000000000000313     
   60.200000000000315     
   60.400000000000318     
   60.600000000000321     
   60.800000000000324     
   61.000000000000327     
   61.200000000000330     
   61.400000000000333     
   61.600000000000335     
   61.800000000000338     
   62.000000000000341     
   62.200000000000344     
   62.400000000000347     
   62.600000000000350     
   62.800000000000352     
   63.000000000000355     
   63.200000000000358     
   63.400000000000361     
   63.600000000000364     
   63.800000000000367     
   64.000000000000369     
   64.200000000000372     
   64.400000000000375     
   64.600000000000378     
   64.800000000000381     
   65.000000000000384     
   65.200000000000387     
   65.400000000000389     
   65.600000000000392     
   65.800000000000395     
   66.000000000000398     
   66.200000000000401     
   66.400000000000404     
   66.600000000000406     
   66.800000000000409     
   67.000000000000412     
   67.200000000000415     
   67.400000000000418     
   67.600000000000421     
   67.800000000000423     
   68.000000000000426     
   68.200000000000429     
   68.400000000000432     
   68.600000000000435     
   68.800000000000438     
   69.000000000000441     
   69.200000000000443     
   69.400000000000446     
   69.600000000000449     
   69.800000000000452     
   70.000000000000455     
   70.200000000000458     
   70.400000000000460     
   70.600000000000463     
   70.800000000000466     
   71.000000000000469     
   71.200000000000472     
   71.400000000000475     
   71.600000000000477     
   71.800000000000480     
   72.000000000000483     
   72.200000000000486     
   72.400000000000489     
   72.600000000000492     
   72.800000000000495     
   73.000000000000497     
   73.200000000000500     
   73.400000000000503     
   73.600000000000506     
   73.800000000000509     
   74.000000000000512     
   74.200000000000514     
   74.400000000000517     
   74.600000000000520     
   74.800000000000523     
   75.000000000000526     
   75.200000000000529     
   75.400000000000531     
   75.600000000000534     
   75.800000000000537     
   76.000000000000540     
   76.200000000000543     
   76.400000000000546     
   76.600000000000549     
   76.800000000000551     
   77.000000000000554     
   77.200000000000557     
   77.400000000000560     
   77.600000000000563     
   77.800000000000566     
   78.000000000000568     
   78.200000000000571     
   78.400000000000574     
   78.600000000000577     
   78.800000000000580     
   79.000000000000583     
   79.200000000000585     
   79.400000000000588     
   79.600000000000591     
   79.800000000000594     
   80.000000000000597     
   80.200000000000600     
   80.400000000000603     
   80.600000000000605     
   80.800000000000608     
   81.000000000000611     
   81.200000000000614     
   81.400000000000617     
   81.600000000000620     
   81.800000000000622     
   82.000000000000625     
   82.200000000000628     
   82.400000000000631     
   82.600000000000634     
   82.800000000000637     
   83.000000000000639     
   83.200000000000642     
   83.400000000000645     
   83.600000000000648     
   83.800000000000651     
   84.000000000000654     
   84.200000000000657     
   84.400000000000659     
   84.600000000000662     
   84.800000000000665     
   85.000000000000668     
   85.200000000000671     
   85.400000000000674     
   85.600000000000676     
   85.800000000000679     
   86.000000000000682     
   86.200000000000685     
   86.400000000000688     
   86.600000000000691     
   86.800000000000693     
   87.000000000000696     
   87.200000000000699     
   87.400000000000702     
   87.600000000000705     
   87.800000000000708     
   88.000000000000711     
   88.200000000000713     
   88.400000000000716     
   88.600000000000719     
   88.800000000000722     
   89.000000000000725     
   89.200000000000728     
   89.400000000000730     
   89.600000000000733     
   89.800000000000736     
   90.000000000000739     
   90.200000000000742     
   90.400000000000745     
   90.600000000000747     
   90.800000000000750     
   91.000000000000753     
   91.200000000000756     
   91.400000000000759     
   91.600000000000762     
   91.800000000000765     
   92.000000000000767     
   92.200000000000770     
   92.400000000000773     
   92.600000000000776     
   92.800000000000779     
   93.000000000000782     
   93.200000000000784     
   93.400000000000787     
   93.600000000000790     
   93.800000000000793     
   94.000000000000796     
   94.200000000000799     
   94.400000000000801     
   94.600000000000804     
   94.800000000000807     
   95.000000000000810     
   95.200000000000813     
   95.400000000000816     
   95.600000000000819     
   95.800000000000821     
   96.000000000000824     
   96.200000000000827     
   96.400000000000830     
   96.600000000000833     
   96.800000000000836     
   97.000000000000838     
   97.200000000000841     
   97.400000000000844     
   97.600000000000847     
   97.800000000000850     
   98.000000000000853     
   98.200000000000855     
   98.400000000000858     
   98.600000000000861     
   98.800000000000864     
   99.000000000000867     
   99.200000000000870     
   99.400000000000873     
   99.600000000000875     
   99.800000000000878     
   100.00000000000088     
   100.20000000000088     
   100.40000000000089     
   100.60000000000089     
   100.80000000000089     
   101.00000000000090     
   101.20000000000090     
   101.40000000000090     
   101.60000000000090     
   101.80000000000091     
   102.00000000000091     
   102.20000000000091     
   102.40000000000092     
   102.60000000000092     
   102.80000000000092     
   103.00000000000092     
   103.20000000000093     
   103.40000000000093     
   103.60000000000093     
   103.80000000000094     
   104.00000000000094     
   104.20000000000094     
   104.40000000000094     
   104.60000000000095     
   104.80000000000095     
   105.00000000000095     
   105.20000000000095     
   105.40000000000096     
   105.60000000000096     
   105.80000000000096     
   106.00000000000097     
   106.20000000000097     
   106.40000000000097     
   106.60000000000097     
   106.80000000000098     
   107.00000000000098     
   107.20000000000098     
   107.40000000000099     
   107.60000000000099     
   107.80000000000099     
   108.00000000000099     
   108.20000000000100     
   108.40000000000100     
   108.60000000000100     
   108.80000000000101     
   109.00000000000101     
   109.20000000000101     
   109.40000000000101     
   109.60000000000102     
   109.80000000000102     
   110.00000000000102     
   110.20000000000103     
   110.40000000000103     
   110.60000000000103     
   110.80000000000103     
   111.00000000000104     
   111.20000000000104     
   111.40000000000104     
   111.60000000000105     
   111.80000000000105     
   112.00000000000105     
   112.20000000000105     
   112.40000000000106     
   112.60000000000106     
   112.80000000000106     
   113.00000000000107     
   113.20000000000107     
   113.40000000000107     
   113.60000000000107     
   113.80000000000108     
   114.00000000000108     
   114.20000000000108     
   114.40000000000109     
   114.60000000000109     
   114.80000000000109     
   115.00000000000109     
   115.20000000000110     
   115.40000000000110     
   115.60000000000110     
   115.80000000000111     
   116.00000000000111     
   116.20000000000111     
   116.40000000000111     
   116.60000000000112     
   116.80000000000112     
   117.00000000000112     
   117.20000000000113     
   117.40000000000113     
   117.60000000000113     
   117.80000000000113     
   118.00000000000114     
   118.20000000000114     
   118.40000000000114     
   118.60000000000115     
   118.80000000000115     
   119.00000000000115     
   119.20000000000115     
   119.40000000000116     
   119.60000000000116     
   119.80000000000116     
   120.00000000000117     
   120.20000000000117     
   120.40000000000117     
   120.60000000000117     
   120.80000000000118     
   121.00000000000118     
   121.20000000000118     
   121.40000000000119     
   121.60000000000119     
   121.80000000000119     
   122.00000000000119     
   122.20000000000120     
   122.40000000000120     
   122.60000000000120     
   122.80000000000121     
   123.00000000000121     
   123.20000000000121     
   123.40000000000121     
   123.60000000000122     
   123.80000000000122     
   124.00000000000122     
   124.20000000000122     
   124.40000000000123     
   124.60000000000123     
   124.80000000000123     
   125.00000000000124     
   125.20000000000124     
   125.40000000000124     
   125.60000000000124     
   125.80000000000125     
   126.00000000000125     
   126.20000000000125     
   126.40000000000126     
   126.60000000000126     
   126.80000000000126     
   127.00000000000126     
   127.20000000000127     
   127.40000000000127     
   127.60000000000127     
   127.80000000000128     
   128.00000000000128     
   128.20000000000127     
   128.40000000000126     
   128.60000000000124     
   128.80000000000123     
   129.00000000000122     
   129.20000000000121     
   129.40000000000120     
   129.60000000000119     
   129.80000000000118     
   130.00000000000117     
   130.20000000000115     
   130.40000000000114     
   130.60000000000113     
   130.80000000000112     
   131.00000000000111     
   131.20000000000110     
   131.40000000000109     
   131.60000000000107     
   131.80000000000106     
   132.00000000000105     
   132.20000000000104     
   132.40000000000103     
   132.60000000000102     
   132.80000000000101     
   133.00000000000099     
   133.20000000000098     
   133.40000000000097     
   133.60000000000096     
   133.80000000000095     
   134.00000000000094     
   134.20000000000093     
   134.40000000000092     
   134.60000000000090     
   134.80000000000089     
   135.00000000000088     
   135.20000000000087     
   135.40000000000086     
   135.60000000000085     
   135.80000000000084     
   136.00000000000082     
   136.20000000000081     
   136.40000000000080     
   136.60000000000079     
   136.80000000000078     
   137.00000000000077     
   137.20000000000076     
   137.40000000000074     
   137.60000000000073     
   137.80000000000072     
   138.00000000000071     
   138.20000000000070     
   138.40000000000069     
   138.60000000000068     
   138.80000000000067     
   139.00000000000065     
   139.20000000000064     
   139.40000000000063     
   139.60000000000062     
   139.80000000000061     
   140.00000000000060     
   140.20000000000059     
   140.40000000000057     
   140.60000000000056     
   140.80000000000055     
   141.00000000000054     
   141.20000000000053     
   141.40000000000052     
   141.60000000000051     
   141.80000000000049     
   142.00000000000048     
   142.20000000000047     
   142.40000000000046     
   142.60000000000045     
   142.80000000000044     
   143.00000000000043     
   143.20000000000041     
   143.40000000000040     
   143.60000000000039     
   143.80000000000038     
   144.00000000000037     
   144.20000000000036     
   144.40000000000035     
   144.60000000000034     
   144.80000000000032     
   145.00000000000031     
   145.20000000000030     
   145.40000000000029     
   145.60000000000028     
   145.80000000000027     
   146.00000000000026     
   146.20000000000024     
   146.40000000000023     
   146.60000000000022     
   146.80000000000021     
   147.00000000000020     
   147.20000000000019     
   147.40000000000018     
   147.60000000000016     
   147.80000000000015     
   148.00000000000014     
   148.20000000000013     
   148.40000000000012     
   148.60000000000011     
   148.80000000000010     
   149.00000000000009     
   149.20000000000007     
   149.40000000000006     
   149.60000000000005     
   149.80000000000004     
   150.00000000000003     
   150.20000000000002     
   150.40000000000001     
   150.59999999999999     
   150.79999999999998     
   150.99999999999997     
   151.19999999999996     
   151.39999999999995     
   151.59999999999994     
   151.79999999999993     
   151.99999999999991     
   152.19999999999990     
   152.39999999999989     
   152.59999999999988     
   152.79999999999987     
   152.99999999999986     
   153.19999999999985     
   153.39999999999984     
   153.59999999999982     
   153.79999999999981     
   153.99999999999980     
   154.19999999999979     
   154.39999999999978     
   154.59999999999977     
   154.79999999999976     
   154.99999999999974     
   155.19999999999973     
   155.39999999999972     
   155.59999999999971     
   155.79999999999970     
   155.99999999999969     
   156.19999999999968     
   156.39999999999966     
   156.59999999999965     
   156.79999999999964     
   156.99999999999963     
   157.19999999999962     
   157.39999999999961     
   157.59999999999960     
   157.79999999999959     
   157.99999999999957     
   158.19999999999956     
   158.39999999999955     
   158.59999999999954     
   158.79999999999953     
   158.99999999999952     
   159.19999999999951     
   159.39999999999949     
   159.59999999999948     
   159.79999999999947     
   159.99999999999946     
   160.19999999999945     
   160.39999999999944     
   160.59999999999943     
   160.79999999999941     
   160.99999999999940     
   161.19999999999939     
   161.39999999999938     
   161.59999999999937     
   161.79999999999936     
   161.99999999999935     
   162.19999999999933     
   162.39999999999932     
   162.59999999999931     
   162.79999999999930     
   162.99999999999929     
   163.19999999999928     
   163.39999999999927     
   163.59999999999926     
   163.79999999999924     
   163.99999999999923     
   164.19999999999922     
   164.39999999999921     
   164.59999999999920     
   164.79999999999919     
   164.99999999999918     
   165.19999999999916     
   165.39999999999915     
   165.59999999999914     
   165.79999999999913     
   165.99999999999912     
   166.19999999999911     
   166.39999999999910     
   166.59999999999908     
   166.79999999999907     
   166.99999999999906     
   167.19999999999905     
   167.39999999999904     
   167.59999999999903     
   167.79999999999902     
   7.7139153767684405        7.5417852202055098        7.5417852202055098     
   7.4997066920033388        7.3289204140725293        7.3289204140725293     
   8.6808753568504073        8.5183140230301237        8.5183140230301237     
   12.987996778885611        12.794074905474892        12.794074905474892     
   11.996768643807203        11.803304926812167        11.803304926812167     
   11.013860412316482        10.821023232648770        10.821023232648770     
   7.8469019142136069        7.6661494713447853        7.6661494713447853     
  0.89988631346418702        2.8736712978267801E-002   61.768881360176813        1.7431315278820321     
  0.89600000000000035        2.9215000000000012E-002   61.949999999999946        1.7400000000000009     
  0.89600000000000035        2.9215000000000012E-002   61.949999999999946        1.7400000000000009     
