  icycle     fobj1          gamma          res     grid points (start and end)
    1     -13.252128       4.545455      0.20000     20011    1
    2     -12.725627       3.787879      0.20000         8    1
    3     -11.806007       2.705628      0.20000         8    1
    4     -10.571171       2.705628      0.20000         8    1
    5     -10.571171       1.932591      0.10000         9    1
    6     -10.411987       1.932591      0.10000         9    1
    7     -10.411987       1.932591      0.05000         9    1
    8     -10.400560       2.319109      0.02500         9    1
    9     -10.298880       2.319109      0.02500         9    1
   10     -10.288919       2.319109      0.02500         9    1
   11     -10.280289       2.108281      0.02500         9    1
   12     -10.250100       2.108281      0.02500         9    1
   13     -10.250100       2.108281      0.02500         8    1
   14     -10.246167       2.213695      0.01250         9    1
   15     -10.242884       2.213695      0.01250         8    1
   16     -10.225373       2.213695      0.00625         9    1
   17     -10.223541       2.159703      0.00625         9    1
   18     -10.220018       2.159703      0.00625         8    1
   19     -10.219769       2.159703      0.00313         8    1
   20     -10.219769       2.159703      0.00313         8    1
   21     -10.218843       2.159703      0.00156         8    1
   22     -10.218843       2.159703      0.00156         8    1
   23     -10.218668       2.159703      0.00078         9    1
   24     -10.218543       2.159703      0.00078         8    1
   25     -10.218114       2.159703      0.00078         8    1
   26     -10.217111       2.159703      0.00078         8    1
   27     -10.216879       2.159703      0.00078         8    1
   28     -10.216879       2.159703      0.00078         8    1
   29     -10.216517       2.159703      0.00039         9    1
   30     -10.216233       2.159703      0.00039         9    1
   31     -10.216137       2.159703      0.00039         9    1
   32     -10.216068       2.159703      0.00020         8    1
 res set to .2  checkbig=   1.0000000000000000E+030
   33     -10.216068       2.159703      0.20000         8    1
   34     -10.216068       2.159703      0.10000         8    1
   35     -10.216068       2.159703      0.05000         8    1
   36     -10.216068       2.159703      0.02500         8    1
   37     -10.216068       2.159703      0.01250         8    1
   38     -10.216068       2.159703      0.00625         8    1
   39     -10.216068       2.159703      0.00313         8    1
   40     -10.216068       2.159703      0.00156         8    1
   41     -10.216068       2.159703      0.00078         8    1
   42     -10.216046       2.159703      0.00039         8    1
   43     -10.215904       2.159703      0.00020         8    1
   44     -10.215783       2.159703      0.00020         8    1
   45     -10.215711       2.159703      0.00020         8    1
 res set to .2  checkbig=   3.5655442576931762E-004
