  SUBJECT NO.     1

 COL. 1. = PREDICTION TIMES
 COL. 2. = PRED. VALUES FOR OUTPUT EQ. 1, BASED ON POSTERIOR MEANS
 COL. 3. = PRED. VALUES FOR OUTPUT EQ. 1, BASED ON POSTERIOR MEDIANS
 COL. 4. = PRED. VALUES FOR OUTPUT EQ. 1, BASED ON POSTERIOR MODES
 EACH ADDITIONAL OUTPUT EQ. HAS 3 COLUMNS OF PREDICTED VALUES
 BASED, IN ORDER, ON THE POSTERIOR MEANS, MEDIANS, AND MODES: 
-------------------------------------------------------------
      0.0000            0.0000            0.0000            0.0000    
     0.20000            0.0000            0.0000            0.0000    
     0.40000            0.0000            0.0000            0.0000    
     0.60000            0.0000            0.0000            0.0000    
     0.80000            0.0000            0.0000            0.0000    
      1.0000            0.0000            0.0000            0.0000    
      1.2000            0.0000            0.0000            0.0000    
      1.4000            0.0000            0.0000            0.0000    
      1.6000            0.0000            0.0000            0.0000    
      1.8000           0.36314           0.37986           0.37986    
      2.0000            1.4978            1.5036            1.5036    
      2.2000            2.4387            2.4361            2.4361    
      2.4000            3.2178            3.2087            3.2087    
      2.6000            3.8618            3.8477            3.8477    
      2.8000            4.3931            4.3751            4.3751    
      3.0000            4.8301            4.8093            4.8093    
      3.2000            5.1885            5.1655            5.1655    
      3.4000            5.4813            5.4565            5.4565    
      3.6000            5.7192            5.6932            5.6932    
      3.8000            5.9114            5.8845            5.8845    
      4.0000            6.0655            6.0378            6.0378    
      4.2000            6.1877            6.1595            6.1595    
      4.4000            6.2834            6.2547            6.2547    
      4.6000            6.3569            6.3279            6.3279    
      4.8000            6.4120            6.3826            6.3826    
      5.0000            6.4517            6.4220            6.4220    
      5.2000            6.4785            6.4486            6.4486    
      5.4000            6.4947            6.4646            6.4646    
      5.6000            6.5020            6.4717            6.4717    
      5.8000            6.5020            6.4713            6.4713    
      6.0000            6.4958            6.4649            6.4649    
      6.2000            6.4845            6.4534            6.4534    
      6.4000            6.4690            6.4376            6.4376    
      6.6000            6.4501            6.4184            6.4184    
      6.8000            6.4282            6.3963            6.3963    
      7.0000            6.4040            6.3717            6.3717    
      7.2000            6.3779            6.3453            6.3453    
      7.4000            6.3501            6.3172            6.3172    
      7.6000            6.3211            6.2879            6.2879    
      7.8000            6.2910            6.2575            6.2575    
      8.0000            6.2601            6.2262            6.2262    
      8.2000            6.2285            6.1943            6.1943    
      8.4000            6.1964            6.1619            6.1619    
      8.6000            6.1639            6.1290            6.1290    
      8.8000            6.1311            6.0959            6.0959    
      9.0000            6.0980            6.0625            6.0625    
      9.2000            6.0648            6.0289            6.0289    
      9.4000            6.0315            5.9953            5.9953    
      9.6000            5.9982            5.9616            5.9616    
      9.8000            5.9648            5.9279            5.9279    
      10.000            5.9315            5.8942            5.8942    
      10.200            5.8982            5.8606            5.8606    
      10.400            5.8650            5.8271            5.8271    
      10.600            5.8319            5.7936            5.7936    
      10.800            5.7989            5.7603            5.7603    
      11.000            5.7660            5.7271            5.7271    
      11.200            5.7332            5.6940            5.6940    
      11.400            5.7006            5.6611            5.6611    
      11.600            5.6681            5.6283            5.6283    
      11.800            5.6358            5.5957            5.5957    
      12.000            5.6037            5.5633            5.5633    
      12.200            5.5717            5.5310            5.5310    
      12.400            5.5398            5.4989            5.4989    
      12.600            5.5082            5.4669            5.4669    
      12.800            5.4767            5.4351            5.4351    
      13.000            5.4454            5.4035            5.4035    
      13.200            5.4142            5.3721            5.3721    
      13.400            5.3832            5.3408            5.3408    
      13.600            5.3524            5.3098            5.3098    
      13.800            5.3217            5.2788            5.2788    
      14.000            5.2913            5.2481            5.2481    
      14.200            5.2610            5.2176            5.2176    
      14.400            5.2308            5.1872            5.1872    
      14.600            5.2009            5.1570            5.1570    
      14.800            5.1711            5.1269            5.1269    
      15.000            5.1414            5.0971            5.0971    
      15.200            5.1120            5.0674            5.0674    
      15.400            5.0827            5.0379            5.0379    
      15.600            5.0536            5.0085            5.0085    
      15.800            5.0246            4.9794            4.9794    
      16.000            4.9958            4.9504            4.9504    
      16.200            4.9672            4.9215            4.9215    
      16.400            4.9387            4.8928            4.8928    
      16.600            4.9104            4.8643            4.8643    
      16.800            4.8823            4.8360            4.8360    
      17.000            4.8543            4.8078            4.8078    
      17.200            4.8265            4.7798            4.7798    
      17.400            4.7988            4.7520            4.7520    
      17.600            4.7713            4.7243            4.7243    
      17.800            4.7440            4.6968            4.6968    
      18.000            4.7168            4.6694            4.6694    
      18.200            4.6898            4.6422            4.6422    
      18.400            4.6629            4.6152            4.6152    
      18.600            4.6362            4.5883            4.5883    
      18.800            4.6096            4.5615            4.5615    
      19.000            4.5832            4.5350            4.5350    
      19.200            4.5569            4.5085            4.5085    
      19.400            4.5308            4.4823            4.4823    
      19.600            4.5049            4.4562            4.4562    
      19.800            4.4790            4.4302            4.4302    
      20.000            4.4534            4.4044            4.4044    
      20.200            4.4278            4.3787            4.3787    
      20.400            4.4025            4.3532            4.3532    
      20.600            4.3772            4.3279            4.3279    
      20.800            4.3522            4.3027            4.3027    
      21.000            4.3272            4.2776            4.2776    
      21.200            4.3024            4.2527            4.2527    
      21.400            4.2778            4.2279            4.2279    
      21.600            4.2532            4.2033            4.2033    
      21.800            4.2289            4.1788            4.1788    
      22.000            4.2046            4.1544            4.1544    
      22.200            4.1805            4.1302            4.1302    
      22.400            4.1566            4.1062            4.1062    
      22.600            4.1328            4.0822            4.0822    
      22.800            4.1091            4.0585            4.0585    
      23.000            4.0855            4.0348            4.0348    
      23.200            4.0621            4.0113            4.0113    
      23.400            4.0388            3.9879            3.9879    
      23.600            4.0157            3.9647            3.9647    
      23.800            3.9927            3.9416            3.9416    
      24.000            3.9698            3.9186            3.9186    
      24.200            3.9470            3.8958            3.8958    
      24.400            3.9244            3.8731            3.8731    
      24.600            3.9019            3.8505            3.8505    
      24.800            3.8796            3.8281            3.8281    
      25.000            3.8573            3.8058            3.8058    
      25.200            3.8352            3.7836            3.7836    
      25.400            3.8133            3.7616            3.7616    
      25.600            3.7914            3.7397            3.7397    
      25.800            4.1328            4.0978            4.0978    
      26.000            5.2459            5.1998            5.1998    
      26.200            6.1653            6.1108            6.1108    
      26.400            6.9231            6.8620            6.8620    
      26.600            7.5458            7.4797            7.4797    
      26.800            8.0560            7.9860            7.9860    
      27.000            8.4720            8.3991            8.3991    
      27.200            8.8095            8.7344            8.7344    
      27.400            9.0815            9.0047            9.0047    
      27.600            9.2989            9.2207            9.2207    
      27.800            9.4706            9.3914            9.3914    
      28.000            9.6042            9.5243            9.5243    
      28.200            9.7062            9.6256            9.6256    
      28.400            9.7817            9.7007            9.7007    
      28.600            9.8352            9.7537            9.7537    
      28.800            9.8703            9.7885            9.7885    
      29.000            9.8901            9.8081            9.8081    
      29.200            9.8973            9.8150            9.8150    
      29.400            9.8939            9.8113            9.8113    
      29.600            9.8817            9.7989            9.7989    
      29.800            9.8623            9.7792            9.7792    
      30.000            9.8368            9.7535            9.7535    
      30.200            9.8064            9.7228            9.7228    
      30.400            9.7719            9.6880            9.6880    
      30.600            9.7340            9.6498            9.6498    
      30.800            9.6934            9.6089            9.6089    
      31.000            9.6504            9.5656            9.5656    
      31.200            9.6057            9.5206            9.5206    
      31.400            9.5595            9.4740            9.4740    
      31.600            9.5120            9.4263            9.4263    
      31.800            9.4637            9.3776            9.3776    
      32.000            9.4146            9.3282            9.3282    
      32.200            9.3649            9.2782            9.2782    
      32.400            9.3148            9.2278            9.2278    
      32.600            9.2644            9.1770            9.1770    
      32.800            9.2139            9.1261            9.1261    
      33.000            9.1631            9.0751            9.0751    
      33.200            9.1124            9.0240            9.0240    
      33.400            9.0616            8.9729            8.9729    
      33.600            9.0109            8.9219            8.9219    
      33.800            8.9603            8.8709            8.8709    
      34.000            8.9098            8.8201            8.8201    
      34.200            8.8594            8.7695            8.7695    
      34.400            8.8092            8.7190            8.7190    
      34.600            8.7592            8.6687            8.6687    
      34.800            8.7095            8.6186            8.6186    
      35.000            8.6599            8.5687            8.5687    
      35.200            8.6106            8.5191            8.5191    
      35.400            8.5615            8.4697            8.4697    
      35.600            8.5126            8.4206            8.4206    
      35.800            8.4640            8.3717            8.3717    
      36.000            8.4156            8.3231            8.3231    
      36.200            8.3675            8.2747            8.2747    
      36.400            8.3196            8.2266            8.2266    
      36.600            8.2720            8.1788            8.1788    
      36.800            8.2247            8.1312            8.1312    
      37.000            8.1776            8.0839            8.0839    
      37.200            8.1308            8.0368            8.0368    
      37.400            8.0843            7.9900            7.9900    
      37.600            8.0380            7.9435            7.9435    
      37.800            7.9919            7.8973            7.8973    
      38.000            7.9461            7.8513            7.8513    
      38.200            7.9006            7.8056            7.8056    
      38.400            7.8554            7.7601            7.7601    
      38.600            7.8104            7.7149            7.7149    
      38.800            7.7656            7.6700            7.6700    
      39.000            7.7211            7.6253            7.6253    
      39.200            7.6769            7.5809            7.5809    
      39.400            7.6329            7.5367            7.5367    
      39.600            7.5892            7.4928            7.4928    
      39.800            7.5457            7.4492            7.4492    
      40.000            7.5024            7.4058            7.4058    
      40.200            7.4594            7.3626            7.3626    
      40.400            7.4167            7.3198            7.3198    
      40.600            7.3742            7.2771            7.2771    
      40.800            7.3319            7.2347            7.2347    
      41.000            7.2899            7.1926            7.1926    
      41.200            7.2481            7.1507            7.1507    
      41.400            7.2066            7.1090            7.1090    
      41.600            7.1653            7.0676            7.0676    
      41.800            7.1242            7.0264            7.0264    
      42.000            7.0834            6.9855            6.9855    
      42.200            7.0428            6.9448            6.9448    
      42.400            7.0025            6.9043            6.9043    
      42.600            6.9623            6.8641            6.8641    
      42.800            6.9224            6.8241            6.8241    
      43.000            6.8828            6.7844            6.7844    
      43.200            6.8433            6.7448            6.7448    
      43.400            6.8041            6.7055            6.7055    
      43.600            6.7651            6.6665            6.6665    
      43.800            6.7263            6.6276            6.6276    
      44.000            6.6878            6.5890            6.5890    
      44.200            6.6495            6.5506            6.5506    
      44.400            6.6113            6.5125            6.5125    
      44.600            6.5735            6.4745            6.4745    
      44.800            6.5358            6.4368            6.4368    
      45.000            6.4983            6.3993            6.3993    
      45.200            6.4611            6.3620            6.3620    
      45.400            6.4241            6.3250            6.3250    
      45.600            6.3872            6.2881            6.2881    
      45.800            6.3506            6.2515            6.2515    
      46.000            6.3142            6.2151            6.2151    
      46.200            6.2781            6.1788            6.1788    
      46.400            6.2421            6.1429            6.1429    
      46.600            6.2063            6.1071            6.1071    
      46.800            6.1707            6.0715            6.0715    
      47.000            6.1354            6.0361            6.0361    
      47.200            6.1002            6.0009            6.0009    
      47.400            6.0653            5.9660            5.9660    
      47.600            6.0305            5.9312            5.9312    
      47.800            5.9959            5.8967            5.8967    
      48.000            5.9616            5.8623            5.8623    
      48.200            5.9274            5.8282            5.8282    
      48.400            5.8934            5.7942            5.7942    
      48.600            5.8597            5.7605            5.7605    
      48.800            5.8261            5.7269            5.7269    
      49.000            5.7927            5.6935            5.6935    
      49.200            5.7595            5.6604            5.6604    
      49.400            5.7265            5.6274            5.6274    
      49.600            5.6937            5.5946            5.5946    
      49.800            6.0242            5.9419            5.9419    
      50.000            7.1264            7.0332            7.0332    
      50.200            8.0350            7.9335            7.9335    
      50.400            8.7821            8.6741            8.6741    
      50.600            9.3942            9.2813            9.2813    
      50.800            9.8938            9.7770            9.7770    
      51.000            10.299            10.180            10.180    
      51.200            10.626            10.505            10.505    
      51.400            10.888            10.765            10.765    
      51.600            11.095            10.970            10.970    
      51.800            11.256            11.131            11.131    
      52.000            11.380            11.254            11.254    
      52.200            11.472            11.345            11.345    
      52.400            11.537            11.410            11.410    
      52.600            11.580            11.453            11.453    
      52.800            11.605            11.478            11.478    
      53.000            11.615            11.488            11.488    
      53.200            11.613            11.485            11.485    
      53.400            11.599            11.471            11.471    
      53.600            11.577            11.449            11.449    
      53.800            11.548            11.420            11.420    
      54.000            11.513            11.385            11.385    
      54.200            11.473            11.344            11.344    
      54.400            11.429            11.300            11.300    
      54.600            11.382            11.253            11.253    
      54.800            11.332            11.202            11.202    
      55.000            11.279            11.150            11.150    
      55.200            11.225            11.096            11.096    
      55.400            11.170            11.040            11.040    
      55.600            11.113            10.983            10.983    
      55.800            11.056            10.925            10.925    
      56.000            10.997            10.867            10.867    
      56.200            10.939            10.808            10.808    
      56.400            10.879            10.748            10.748    
      56.600            10.820            10.689            10.689    
      56.800            10.761            10.629            10.629    
      57.000            10.701            10.569            10.569    
      57.200            10.641            10.510            10.510    
      57.400            10.582            10.450            10.450    
      57.600            10.522            10.390            10.390    
      57.800            10.463            10.331            10.331    
      58.000            10.404            10.271            10.271    
      58.200            10.345            10.212            10.212    
      58.400            10.286            10.153            10.153    
      58.600            10.228            10.095            10.095    
      58.800            10.170            10.036            10.036    
      59.000            10.112            9.9782            9.9782    
      59.200            10.054            9.9204            9.9204    
      59.400            9.9968            9.8628            9.8628    
      59.600            9.9397            9.8056            9.8056    
      59.800            9.8830            9.7486            9.7486    
      60.000            9.8265            9.6920            9.6920    
      60.200            9.7703            9.6356            9.6356    
      60.400            9.7144            9.5796            9.5796    
      60.600            9.6588            9.5239            9.5239    
      60.800            9.6035            9.4685            9.4685    
      61.000            9.5485            9.4134            9.4134    
      61.200            9.4938            9.3586            9.3586    
      61.400            9.4395            9.3041            9.3041    
      61.600            9.3854            9.2499            9.2499    
      61.800            9.3316            9.1960            9.1960    
      62.000            9.2782            9.1425            9.1425    
      62.200            9.2250            9.0893            9.0893    
      62.400            9.1722            9.0363            9.0363    
      62.600            9.1196            8.9837            8.9837    
      62.800            9.0674            8.9314            8.9314    
      63.000            9.0154            8.8793            8.8793    
      63.200            8.9638            8.8276            8.8276    
      63.400            8.9124            8.7762            8.7762    
      63.600            8.8613            8.7251            8.7251    
      63.800            8.8106            8.6742            8.6742    
      64.000            8.7601            8.6237            8.6237    
      64.200            8.7099            8.5735            8.5735    
      64.400            8.6600            8.5235            8.5235    
      64.600            8.6103            8.4739            8.4739    
      64.800            8.5610            8.4245            8.4245    
      65.000            8.5119            8.3754            8.3754    
      65.200            8.4632            8.3266            8.3266    
      65.400            8.4147            8.2781            8.2781    
      65.600            8.3664            8.2299            8.2299    
      65.800            8.3185            8.1819            8.1819    
      66.000            8.2708            8.1343            8.1343    
      66.200            8.2234            8.0869            8.0869    
      66.400            8.1763            8.0398            8.0398    
      66.600            8.1294            7.9929            7.9929    
      66.800            8.0828            7.9464            7.9464    
      67.000            8.0365            7.9001            7.9001    
      67.200            7.9905            7.8541            7.8541    
      67.400            7.9447            7.8083            7.8083    
      67.600            7.8991            7.7628            7.7628    
      67.800            7.8539            7.7176            7.7176    
      68.000            7.8089            7.6726            7.6726    
      68.200            7.7641            7.6279            7.6279    
      68.400            7.7196            7.5835            7.5835    
      68.600            7.6754            7.5393            7.5393    
      68.800            7.6314            7.4954            7.4954    
      69.000            7.5877            7.4517            7.4517    
      69.200            7.5442            7.4083            7.4083    
      69.400            7.5009            7.3651            7.3651    
      69.600            7.4580            7.3222            7.3222    
      69.800            7.4152            7.2796            7.2796    
      70.000            7.3727            7.2372            7.2372    
      70.200            7.3305            7.1950            7.1950    
      70.400            7.2885            7.1531            7.1531    
      70.600            7.2467            7.1114            7.1114    
      70.800            7.2052            7.0700            7.0700    
      71.000            7.1639            7.0288            7.0288    
      71.200            7.1228            6.9878            6.9878    
      71.400            7.0820            6.9471            6.9471    
      71.600            7.0414            6.9066            6.9066    
      71.800            7.0011            6.8664            6.8664    
      72.000            6.9609            6.8264            6.8264    
      72.200            6.9210            6.7866            6.7866    
      72.400            6.8814            6.7471            6.7471    
      72.600            6.8419            6.7078            6.7078    
      72.800            6.8027            6.6687            6.6687    
      73.000            6.7637            6.6299            6.6299    
      73.200            6.7250            6.5912            6.5912    
      73.400            6.6864            6.5528            6.5528    
      73.600            6.6481            6.5147            6.5147    
      73.800            6.9732            6.8566            6.8566    
      74.000            8.0699            7.9426            7.9426    
      74.200            8.9732            8.8375            8.8375    
      74.400            9.7148            9.5729            9.5729    
      74.600            10.322            10.175            10.175    
      74.800            10.816            10.665            10.665    
      75.000            11.216            11.063            11.063    
      75.200            11.538            11.383            11.383    
      75.400            11.794            11.637            11.637    
      75.600            11.996            11.838            11.838    
      75.800            12.152            11.994            11.994    
      76.000            12.271            12.111            12.111    
      76.200            12.357            12.198            12.198    
      76.400            12.418            12.258            12.258    
      76.600            12.456            12.296            12.296    
      76.800            12.476            12.316            12.316    
      77.000            12.481            12.321            12.321    
      77.200            12.473            12.313            12.313    
      77.400            12.455            12.295            12.295    
      77.600            12.428            12.268            12.268    
      77.800            12.394            12.234            12.234    
      78.000            12.354            12.194            12.194    
      78.200            12.309            12.149            12.149    
      78.400            12.261            12.100            12.100    
      78.600            12.208            12.048            12.048    
      78.800            12.154            11.993            11.993    
      79.000            12.097            11.936            11.936    
      79.200            12.038            11.877            11.877    
      79.400            11.978            11.816            11.816    
      79.600            11.916            11.755            11.755    
      79.800            11.854            11.693            11.693    
      80.000            11.791            11.630            11.630    
      80.200            11.728            11.567            11.567    
      80.400            11.664            11.503            11.503    
      80.600            11.601            11.439            11.439    
      80.800            11.537            11.375            11.375    
      81.000            11.473            11.311            11.311    
      81.200            11.409            11.246            11.246    
      81.400            11.345            11.182            11.182    
      81.600            11.281            11.118            11.118    
      81.800            11.217            11.055            11.055    
      82.000            11.154            10.991            10.991    
      82.200            11.091            10.928            10.928    
      82.400            11.028            10.865            10.865    
      82.600            10.965            10.802            10.802    
      82.800            10.903            10.740            10.740    
      83.000            10.840            10.677            10.677    
      83.200            10.779            10.615            10.615    
      83.400            10.717            10.554            10.554    
      83.600            10.656            10.493            10.493    
      83.800            10.595            10.432            10.432    
      84.000            10.534            10.371            10.371    
      84.200            10.474            10.311            10.311    
      84.400            10.414            10.251            10.251    
      84.600            10.355            10.191            10.191    
      84.800            10.295            10.132            10.132    
      85.000            10.236            10.073            10.073    
      85.200            10.178            10.014            10.014    
      85.400            10.119            9.9559            9.9559    
      85.600            10.061            9.8979            9.8979    
      85.800            10.004            9.8403            9.8403    
      86.000            9.9465            9.7829            9.7829    
      86.200            9.8895            9.7260            9.7260    
      86.400            9.8329            9.6693            9.6693    
      86.600            9.7766            9.6130            9.6130    
      86.800            9.7205            9.5570            9.5570    
      87.000            9.6648            9.5013            9.5013    
      87.200            9.6095            9.4460            9.4460    
      87.400            9.5544            9.3910            9.3910    
      87.600            9.4996            9.3363            9.3363    
      87.800            9.4452            9.2819            9.2819    
      88.000            9.3911            9.2278            9.2278    
      88.200            9.3373            9.1740            9.1740    
      88.400            9.2838            9.1206            9.1206    
      88.600            9.2306            9.0675            9.0675    
      88.800            9.1777            9.0146            9.0146    
      89.000            9.1251            8.9621            8.9621    
      89.200            9.0728            8.9099            8.9099    
      89.400            9.0208            8.8580            8.8580    
      89.600            8.9691            8.8064            8.8064    
      89.800            8.9177            8.7551            8.7551    
      90.000            8.8666            8.7041            8.7041    
      90.200            8.8158            8.6534            8.6534    
      90.400            8.7652            8.6030            8.6030    
      90.600            8.7150            8.5528            8.5528    
      90.800            8.6651            8.5030            8.5030    
      91.000            8.6154            8.4535            8.4535    
      91.200            8.5660            8.4042            8.4042    
      91.400            8.5169            8.3553            8.3553    
      91.600            8.4681            8.3066            8.3066    
      91.800            8.4196            8.2582            8.2582    
      92.000            8.3714            8.2101            8.2101    
      92.200            8.3234            8.1623            8.1623    
      92.400            8.2757            8.1147            8.1147    
      92.600            8.2283            8.0674            8.0674    
      92.800            8.1811            8.0204            8.0204    
      93.000            8.1342            7.9737            7.9737    
      93.200            8.0876            7.9272            7.9272    
      93.400            8.0412            7.8811            7.8811    
      93.600            7.9952            7.8351            7.8351    
      93.800            7.9493            7.7895            7.7895    
      94.000            7.9038            7.7441            7.7441    
      94.200            7.8585            7.6990            7.6990    
      94.400            7.8135            7.6541            7.6541    
      94.600            7.7687            7.6096            7.6096    
      94.800            7.7242            7.5652            7.5652    
      95.000            7.6799            7.5211            7.5211    
      95.200            7.6359            7.4773            7.4773    
      95.400            7.5921            7.4338            7.4338    
      95.600            7.5486            7.3905            7.3905    
      95.800            7.5054            7.3474            7.3474    
      96.000            7.4623            7.3046            7.3046    
      96.200            7.4196            7.2620            7.2620    
      96.400            7.3771            7.2197            7.2197    
      96.600            7.3348            7.1777            7.1777    
      96.800            7.2927            7.1359            7.1359    
      97.000            7.2509            7.0943            7.0943    
      97.200            7.2094            7.0529            7.0529    
      97.400            7.1681            7.0119            7.0119    
      97.600            7.1270            6.9710            6.9710    
      97.800            7.4493            7.3103            7.3103    
      98.000            8.5433            8.3936            8.3936    
      98.200            9.4439            9.2860            9.2860    
      98.400            10.183            10.019            10.019    
      98.600            10.787            10.618            10.618    
      98.800            11.278            11.106            11.106    
      99.000            11.676            11.501            11.501    
      99.200            11.995            11.818            11.818    
      99.400            12.249            12.070            12.070    
      99.600            12.448            12.269            12.269    
      99.800            12.602            12.422            12.422    
      100.00            12.718            12.537            12.537    
      100.20            12.802            12.621            12.621    
      100.40            12.859            12.678            12.678    
      100.60            12.895            12.714            12.714    
      100.80            12.913            12.731            12.731    
      101.00            12.915            12.734            12.734    
      101.20            12.905            12.724            12.724    
      101.40            12.884            12.703            12.703    
      101.60            12.855            12.674            12.674    
      101.80            12.819            12.637            12.637    
      102.00            12.776            12.595            12.595    
      102.20            12.729            12.548            12.548    
      102.40            12.678            12.497            12.497    
      102.60            12.623            12.442            12.442    
      102.80            12.566            12.385            12.385    
      103.00            12.507            12.325            12.325    
      103.20            12.445            12.264            12.264    
      103.40            12.383            12.202            12.202    
      103.60            12.319            12.138            12.138    
      103.80            12.255            12.074            12.074    
      104.00            12.190            12.008            12.008    
      104.20            12.124            11.943            11.943    
      104.40            12.058            11.877            11.877    
      104.60            11.992            11.811            11.811    
      104.80            11.926            11.744            11.744    
      105.00            11.860            11.678            11.678    
      105.20            11.794            11.612            11.612    
      105.40            11.727            11.546            11.546    
      105.60            11.661            11.480            11.480    
      105.80            11.596            11.414            11.414    
      106.00            11.530            11.348            11.348    
      106.20            11.465            11.283            11.283    
      106.40            11.400            11.218            11.218    
      106.60            11.335            11.153            11.153    
      106.80            11.270            11.088            11.088    
      107.00            11.206            11.024            11.024    
      107.20            11.142            10.960            10.960    
      107.40            11.078            10.897            10.897    
      107.60            11.015            10.833            10.833    
      107.80            10.952            10.770            10.770    
      108.00            10.889            10.708            10.708    
      108.20            10.827            10.645            10.645    
      108.40            10.765            10.584            10.584    
      108.60            10.704            10.522            10.522    
      108.80            10.642            10.461            10.461    
      109.00            10.581            10.400            10.400    
      109.20            10.521            10.339            10.339    
      109.40            10.461            10.279            10.279    
      109.60            10.401            10.219            10.219    
      109.80            10.341            10.160            10.160    
      110.00            10.282            10.101            10.101    
      110.20            10.223            10.042            10.042    
      110.40            10.164            9.9833            9.9833    
      110.60            10.106            9.9252            9.9252    
      110.80            10.048            9.8673            9.8673    
      111.00            9.9907            9.8099            9.8099    
      111.20            9.9334            9.7527            9.7527    
      111.40            9.8765            9.6959            9.6959    
      111.60            9.8199            9.6394            9.6394    
      111.80            9.7636            9.5833            9.5833    
      112.00            9.7077            9.5274            9.5274    
      112.20            9.6521            9.4719            9.4719    
      112.40            9.5967            9.4168            9.4168    
      112.60            9.5417            9.3619            9.3619    
      112.80            9.4871            9.3074            9.3074    
      113.00            9.4327            9.2531            9.2531    
      113.20            9.3786            9.1992            9.1992    
      113.40            9.3249            9.1456            9.1456    
      113.60            9.2715            9.0924            9.0924    
      113.80            9.2183            9.0394            9.0394    
      114.00            9.1655            8.9867            8.9867    
      114.20            9.1130            8.9344            8.9344    
      114.40            9.0607            8.8823            8.8823    
      114.60            9.0088            8.8306            8.8306    
      114.80            8.9572            8.7791            8.7791    
      115.00            8.9059            8.7280            8.7280    
      115.20            8.8548            8.6771            8.6771    
      115.40            8.8041            8.6266            8.6266    
      115.60            8.7536            8.5763            8.5763    
      115.80            8.7035            8.5264            8.5264    
      116.00            8.6536            8.4767            8.4767    
      116.20            8.6040            8.4273            8.4273    
      116.40            8.5547            8.3782            8.3782    
      116.60            8.5057            8.3294            8.3294    
      116.80            8.4569            8.2809            8.2809    
      117.00            8.4084            8.2326            8.2326    
      117.20            8.3603            8.1847            8.1847    
      117.40            8.3123            8.1370            8.1370    
      117.60            8.2647            8.0896            8.0896    
      117.80            8.2173            8.0424            8.0424    
      118.00            8.1702            7.9956            7.9956    
      118.20            8.1234            7.9490            7.9490    
      118.40            8.0769            7.9027            7.9027    
      118.60            8.0306            7.8566            7.8566    
      118.80            7.9846            7.8109            7.8109    
      119.00            7.9388            7.7654            7.7654    
      119.20            7.8933            7.7201            7.7201    
      119.40            7.8481            7.6752            7.6752    
      119.60            7.8031            7.6304            7.6304    
      119.80            7.7584            7.5860            7.5860    
      120.00            7.7139            7.5418            7.5418    
      120.20            7.6697            7.4978            7.4978    
      120.40            7.6258            7.4542            7.4542    
      120.60            7.5821            7.4107            7.4107    
      120.80            7.5386            7.3676            7.3676    
      121.00            7.4954            7.3246            7.3246    
      121.20            7.4524            7.2820            7.2820    
      121.40            7.4097            7.2395            7.2395    
      121.60            7.3673            7.1974            7.1974    
      121.80            7.6882            7.5353            7.5353    
      122.00            8.7809            8.6174            8.6174    
      122.20            9.6800            9.5084            9.5084    
      122.40            10.418            10.240            10.240    
      122.60            11.020            10.838            10.838    
      122.80            11.511            11.325            11.325    
      123.00            11.907            11.718            11.718    
      123.20            12.225            12.034            12.034    
      123.40            12.477            12.285            12.285    
      123.60            12.675            12.482            12.482    
      123.80            12.827            12.634            12.634    
      124.00            12.942            12.748            12.748    
      124.20            13.025            12.830            12.830    
      124.40            13.081            12.887            12.887    
      124.60            13.116            12.921            12.921    
      124.80            13.132            12.938            12.938    
      125.00            13.133            12.939            12.939    
      125.20            13.122            12.927            12.927    
      125.40            13.100            12.906            12.906    
      125.60            13.069            12.875            12.875    
      125.80            13.032            12.838            12.838    
      126.00            12.988            12.794            12.794    
      126.20            12.940            12.746            12.746    
      126.40            12.887            12.693            12.693    
      126.60            12.831            12.638            12.638    
      126.80            12.773            12.579            12.579    
      127.00            12.712            12.519            12.519    
      127.20            12.650            12.456            12.456    
      127.40            12.586            12.393            12.393    
      127.60            12.522            12.328            12.328    
      127.80            12.456            12.262            12.262    
      128.00            12.390            12.196            12.196    
      128.20            12.323            12.129            12.129    
      128.40            12.256            12.062            12.062    
      128.60            12.189            11.995            11.995    
      128.80            12.121            11.928            11.928    
      129.00            12.054            11.861            11.861    
      129.20            11.987            11.793            11.793    
      129.40            11.919            11.726            11.726    
      129.60            11.852            11.659            11.659    
      129.80            11.785            11.592            11.592    
      130.00            11.719            11.525            11.525    
      130.20            11.652            11.459            11.459    
      130.40            11.586            11.393            11.393    
      130.60            11.520            11.327            11.327    
      130.80            11.455            11.261            11.261    
      131.00            11.389            11.196            11.196    
      131.20            11.324            11.131            11.131    
      131.40            11.260            11.067            11.067    
      131.60            11.195            11.002            11.002    
      131.80            11.131            10.938            10.938    
      132.00            11.068            10.875            10.875    
      132.20            11.004            10.812            10.812    
      132.40            10.941            10.749            10.749    
      132.60            10.879            10.686            10.686    
      132.80            10.817            10.624            10.624    
      133.00            10.755            10.562            10.562    
      133.20            10.693            10.501            10.501    
      133.40            10.632            10.439            10.439    
      133.60            10.571            10.379            10.379    
      133.80            10.510            10.318            10.318    
      134.00            10.450            10.258            10.258    
      134.20            10.390            10.198            10.198    
      134.40            10.331            10.139            10.139    
      134.60            10.272            10.080            10.080    
      134.80            10.213            10.021            10.021    
      135.00            10.154            9.9629            9.9629    
      135.20            10.096            9.9049            9.9049    
      135.40            10.038            9.8472            9.8472    
      135.60            9.9806            9.7898            9.7898    
      135.80            9.9234            9.7328            9.7328    
      136.00            9.8665            9.6761            9.6761    
      136.20            9.8100            9.6197            9.6197    
      136.40            9.7538            9.5637            9.5637    
      136.60            9.6979            9.5079            9.5079    
      136.80            9.6423            9.4526            9.4526    
      137.00            9.5870            9.3975            9.3975    
      137.20            9.5321            9.3427            9.3427    
      137.40            9.4775            9.2883            9.2883    
      137.60            9.4232            9.2342            9.2342    
      137.80            9.3692            9.1804            9.1804    
      138.00            9.3155            9.1269            9.1269    
      138.20            9.2621            9.0737            9.0737    
      138.40            9.2090            9.0209            9.0209    
      138.60            9.1562            8.9683            8.9683    
      138.80            9.1038            8.9161            8.9161    
      139.00            9.0516            8.8641            8.8641    
      139.20            8.9997            8.8125            8.8125    
      139.40            8.9481            8.7611            8.7611    
      139.60            8.8969            8.7101            8.7101    
      139.80            8.8459            8.6594            8.6594    
      140.00            8.7952            8.6089            8.6089    
      140.20            8.7448            8.5588            8.5588    
      140.40            8.6947            8.5089            8.5089    
      140.60            8.6448            8.4593            8.4593    
      140.80            8.5953            8.4100            8.4100    
      141.00            8.5460            8.3610            8.3610    
      141.20            8.4971            8.3123            8.3123    
      141.40            8.4484            8.2639            8.2639    
      141.60            8.3999            8.2158            8.2158    
      141.80            8.3518            8.1679            8.1679    
      142.00            8.3039            8.1203            8.1203    
      142.20            8.2564            8.0730            8.0730    
      142.40            8.2090            8.0260            8.0260    
      142.60            8.1620            7.9792            7.9792    
      142.80            8.1152            7.9327            7.9327    
      143.00            8.0687            7.8865            7.8865    
      143.20            8.0225            7.8406            7.8406    
      143.40            7.9765            7.7949            7.7949    
      143.60            7.9308            7.7495            7.7495    
      143.80            7.8853            7.7043            7.7043    
      144.00            7.8401            7.6594            7.6594    
      144.20            7.7952            7.6148            7.6148    
      144.40            7.7505            7.5704            7.5704    
      144.60            7.7061            7.5263            7.5263    
      144.80            7.6620            7.4825            7.4825    
      145.00            7.6180            7.4389            7.4389    
      145.20            7.5744            7.3956            7.3956    
      145.40            7.5310            7.3525            7.3525    
      145.60            7.4878            7.3096            7.3096    
      145.80            7.4449            7.2671            7.2671    
      146.00            7.4022            7.2247            7.2247    
      146.20            7.3598            7.1826            7.1826    
      146.40            7.3176            7.1408            7.1408    
      146.60            7.2757            7.0992            7.0992    
      146.80            7.2340            7.0578            7.0578    
      147.00            7.1926            7.0167            7.0167    
      147.20            7.1513            6.9758            6.9758    
      147.40            7.1104            6.9352            6.9352    
      147.60            7.0696            6.8948            6.8948    
      147.80            7.0291            6.8546            6.8546    
      148.00            6.9888            6.8147            6.8147    
      148.20            6.9488            6.7750            6.7750    
      148.40            6.9089            6.7355            6.7355    
      148.60            6.8693            6.6963            6.6963    
      148.80            6.8300            6.6572            6.6572    
      149.00            6.7908            6.6185            6.6185    
      149.20            6.7519            6.5799            6.5799    
      149.40            6.7132            6.5416            6.5416    
      149.60            6.6747            6.5035            6.5035    
      149.80            6.6365            6.4656            6.4656    
      150.00            6.5985            6.4279            6.4279    
      150.20            6.5606            6.3905            6.3905    
      150.40            6.5230            6.3532            6.3532    
      150.60            6.4857            6.3162            6.3162    
      150.80            6.4485            6.2794            6.2794    
      151.00            6.4115            6.2428            6.2428    
      151.20            6.3748            6.2065            6.2065    
      151.40            6.3383            6.1703            6.1703    
      151.60            6.3019            6.1343            6.1343    
      151.80            6.2658            6.0986            6.0986    
      152.00            6.2299            6.0631            6.0631    
      152.20            6.1942            6.0278            6.0278    
      152.40            6.1587            5.9926            5.9926    
      152.60            6.1234            5.9577            5.9577    
      152.80            6.0883            5.9230            5.9230    
      153.00            6.0534            5.8885            5.8885    
      153.20            6.0187            5.8542            5.8542    
      153.40            5.9843            5.8201            5.8201    
      153.60            5.9500            5.7862            5.7862    
      153.80            5.9159            5.7525            5.7525    
      154.00            5.8820            5.7190            5.7190    
      154.20            5.8482            5.6856            5.6856    
      154.40            5.8147            5.6525            5.6525    
      154.60            5.7814            5.6196            5.6196    
      154.80            5.7483            5.5869            5.5869    
      155.00            5.7153            5.5543            5.5543    
      155.20            5.6826            5.5219            5.5219    
      155.40            5.6500            5.4898            5.4898    
      155.60            5.6176            5.4578            5.4578    
      155.80            5.5854            5.4260            5.4260    
      156.00            5.5534            5.3944            5.3944    
      156.20            5.5216            5.3630            5.3630    
      156.40            5.4900            5.3317            5.3317    
      156.60            5.4585            5.3006            5.3006    
      156.80            5.4272            5.2698            5.2698    
      157.00            5.3961            5.2391            5.2391    
      157.20            5.3652            5.2085            5.2085    
      157.40            5.3344            5.1782            5.1782    
      157.60            5.3039            5.1480            5.1480    
      157.80            5.2735            5.1180            5.1180    
      158.00            5.2433            5.0882            5.0882    
      158.20            5.2132            5.0586            5.0586    
      158.40            5.1833            5.0291            5.0291    
      158.60            5.1536            4.9998            4.9998    
      158.80            5.1241            4.9707            4.9707    
      159.00            5.0947            4.9417            4.9417    
      159.20            5.0655            4.9129            4.9129    
      159.40            5.0365            4.8843            4.8843    
      159.60            5.0076            4.8558            4.8558    
      159.80            4.9789            4.8276            4.8276    
      160.00            4.9504            4.7994            4.7994    
      160.20            4.9220            4.7715            4.7715    
      160.40            4.8938            4.7437            4.7437    
      160.60            4.8658            4.7160            4.7160    
      160.80            4.8379            4.6886            4.6886    
      161.00            4.8102            4.6612            4.6612    
      161.20            4.7826            4.6341            4.6341    
      161.40            4.7552            4.6071            4.6071    
      161.60            4.7279            4.5803            4.5803    
      161.80            4.7008            4.5536            4.5536    
      162.00            4.6739            4.5270            4.5270    
      162.20            4.6471            4.5007            4.5007    
      162.40            4.6205            4.4744            4.4744    
      162.60            4.5940            4.4484            4.4484    
      162.80            4.5677            4.4225            4.4225    
      163.00            4.5415            4.3967            4.3967    
      163.20            4.5155            4.3711            4.3711    
      163.40            4.4896            4.3456            4.3456    
      163.60            4.4639            4.3203            4.3203    
      163.80            4.4383            4.2951            4.2951    
      164.00            4.4129            4.2701            4.2701    
      164.20            4.3876            4.2452            4.2452    
      164.40            4.3624            4.2205            4.2205    
      164.60            4.3374            4.1959            4.1959    
      164.80            4.3126            4.1715            4.1715    
      165.00            4.2879            4.1472            4.1472    
      165.20            4.2633            4.1230            4.1230    
      165.40            4.2388            4.0990            4.0990    
      165.60            4.2146            4.0751            4.0751    
      165.80            4.1904            4.0514            4.0514    
      166.00            4.1664            4.0278            4.0278    
      166.20            4.1425            4.0043            4.0043    
      166.40            4.1188            3.9810            3.9810    
      166.60            4.0952            3.9578            3.9578    
      166.80            4.0717            3.9347            3.9347    
      167.00            4.0484            3.9118            3.9118    
      167.20            4.0252            3.8890            3.8890    
      167.40            4.0021            3.8663            3.8663    
      167.60            3.9792            3.8438            3.8438    
      167.80            3.9564            3.8214            3.8214    


  SUBJECT NO.     1 ...  OUTPUT EQUATION NO.  1

     TIMES                   OBSERVED VALUES          PREDICTED VALUES, BASED ON POSTERIOR MEANS; THEN MEDIANS; THEN MODES
--------------------------------------------------------------------------------------------------------------------------
      120.00            7.9500            7.7139            7.5418            7.5418    
      120.98            7.4700            7.4997            7.3289            7.3289    
      121.98            8.6700            8.6809            8.5183            8.5183    
      126.00            13.830            12.988            12.794            12.794    
      129.17            14.010            11.997            11.803            11.803    
      132.17            8.9700            11.014            10.821            10.821    
      143.97            8.4000            7.8469            7.6661            7.6661    


