DENSITY OCT_15 ... Made by npagranfix6
          -1
           4
          20
           4
Ka         
Ke         
V          
Tlag1      
           0

           0

  0.10000000000000001       0.90000000000000002     
   1.0000000000000000E-003  0.10000000000000001     
   30.000000000000000        120.00000000000000     
   0.0000000000000000        4.0000000000000000     


         100
          36
   0.0000000000000000     
 0.265411103277347959         0.033235928999618899         49.62898348744665355         0.264368011339903008         1        
 0.754049952283792790         0.039670624487926000         119.9871866964719515         0.000098952352090981         1        
 0.899944014021992866         0.041207798802506322         114.2038889182431660         2.080295035690888916         1        
 0.899908314544074384         0.056206831083503460         119.9892634124967685         0.678060270937625553         1        
 0.100100500466890646         0.063877901969811607         119.9966828193646790         0.000121261197943423         1        
 0.899086013791769778         0.037463680804877289         65.79480060376525330         2.114230032439082585         1        
 0.899389012335255811         0.050785430365168895         60.07535686595672785         3.160770061041862089         1        
 0.661229210720449712         0.039808984732104667         64.62037955684988332         2.513014792367797234         1        
 0.834459813687071339         0.042561104050484883         105.4119631141680741         0.890142766487579951         1        
 0.606646209498926892         0.064337874614224744         58.91207307501901624         0.775231022252068080         1        
 0.295246803489238263         0.082964180373367738         61.12051567487530690         0.820084023893177805         1        
 0.898997214767008557         0.023162660191185524         119.1829365199025687         1.452786026511937445         1        
 0.184972003509223465         0.093486048976339678         30.73147510874681387         1.654210026995688754         1        
 0.525164408662408433         0.045030795335496088         115.2349963344734220         0.267422010088414097         1        
 0.899496013244748260         0.031136652481742084         79.21717602049670858         1.085280022923946541         1        
 0.601394008714943196         0.040590595621102399         77.72716963542653445         0.586295016289577031         1        
 0.874842212919339501         0.076184276764412195         60.10018561160602246         1.193198524741865940         1        
 0.899886313464187015         0.028736712978267801         61.76888136017681318         1.743131527882032072         1        
 0.620876458246130469         0.063663931988997349         30.00058503519930042         1.906207284546364233         1        
 0.308704804555714196         0.074180931206894868         39.41679030297026287         1.752899033349081925         1        
   1.5613110791765466E-005
   11.187763934195035        11.282497495965300        11.282497495965300     
   12.944606168688468        13.050078062221106        13.050078062221106     
   14.803947616869342        14.908933912643688        14.908933912643688     
   17.585552860304922        17.700070981516824        17.700070981516824     
   17.289506404171512        17.408898373881843        17.408898373881843     
   16.267445484342332        16.386805821320149        16.386805821320149     
   11.311524577900443        11.408033682746630        11.408033682746630     
         840
   0.0000000000000000        0.0000000000000000        0.0000000000000000     
   0.0000000000000000        0.0000000000000000        0.0000000000000000     
  0.42650020631319957       0.44012967433003636       0.44012967433003636     
   1.0245716148896760        1.0378102056473346        1.0378102056473346     
   1.5876155641572456        1.6006496762369427        1.6006496762369427     
   2.1174701209805535        2.1304670998873450        2.1304670998873450     
   2.6158781475882273        2.6289877585783117        2.6289877585783117     
   3.0844922246531050        3.0978480243216033        3.0978480243216033     
   3.5248793198513431        3.5385999330051527        3.5385999330051527     
   3.9385252150586743        3.9527155229953084        3.9527155229953084     
   4.3268387046618368        4.3415909505957515        4.3415909505957515     
   4.6911555768181081        4.7065503938394713        4.7065503938394713     
   5.0327423888841238        5.0488497554999299        5.0488497554999299     
   5.3528000476550810        5.3696801756476980        5.3696801756476980     
   5.6524672045052622        5.6701713635477287        5.6701713635477287     
   5.9328234749991688        5.9513947581886946        5.9513947581886946     
   6.1948924920478081        6.2143665262579333        6.2143665262579333     
   6.4396448012155867        6.4600504059222823        6.4600504059222823     
   6.6680006063383237        6.6893604043450816        6.6893604043450816     
   6.8808323731910557        6.9031633564617945        6.9031633564617945     
   7.0789672985442316        7.1022813521498156        7.1022813521498156     
   7.2631896515674539        7.2874940385610198        7.2874940385610198     
   7.4342429941802299        7.4595408040375206        7.4595408040375206     
   7.5928322866079441        7.6191228497009149        7.6191228497009149     
   7.7396258840777623        7.7669051544920169        7.7669051544920169     
   7.8752574302823701        7.9035183391410229        7.9035183391410229     
   8.0003276529484584        8.0295604342661822        8.0295604342661822     
   8.1154060665710244        8.1455985575317129        8.1455985575317129     
   8.2210325871128305        8.2521705045421392        8.2521705045421392     
   8.3177190632203271        8.3497862579096314        8.3497862579096314     
   8.4059507282719874        8.4389294187027861        8.4389294187027861     
   8.4861875773519166        8.5200585642688580        8.5200585642688580     
   8.5588656730299810        8.5936085362160988        8.5936085362160988     
   8.6243983836290674        8.6599916621481334        8.6599916621481334     
   8.6831775574697883        8.7195989145575918        8.7195989145575918     
   8.7355746364025180        8.7728010101109302        8.7728010101109302     
   8.7819417117655281        8.8199494523902064        8.8199494523902064     
   8.8226125257456971        8.8613775209998664        8.8613775209998664     
   8.8579034209644529        8.8974012097970494        8.8974012097970494     
   8.8881142409655904        8.9283201168620412        8.9283201168620412     
   8.9135291841433322        8.9544182886909525        8.9544182886909525     
   8.9344176135176756        8.9759650209650115        8.9759650209650115     
   8.9510348246397022        8.9932156181297991        8.9932156181297991     
   8.9636227737914673        9.0064121139028757        9.0064121139028757     
   8.9724107685332246        9.0157839547193248        9.0157839547193248     
   8.9776161225445605        9.0215486480213389        9.0215486480213389     
   8.9794447766054422        9.0239123772000056        9.0239123772000056     
   8.9780918874676967        9.0230705849043709        9.0230705849043709     
   8.9737423862769745        9.0192085263447623        9.0192085263447623     
   8.9665715081194026        9.0125017941335592        9.0125017941335592     
   8.9567452941857724        9.0031168161273314        9.0031168161273314     
   8.9444210679689178        8.9912113276588901        8.9912113276588901     
   8.9297478868367506        8.9769348194764707        8.9769348194764707     
   8.9128669702540169        8.9604289626394316        8.9604289626394316     
   8.8939121058600357        8.9418280115556747        8.9418280115556747     
   8.8730100345472671        8.9212591862849902        8.9212591862849902     
   8.8502808156263271        8.8988430351747052        8.8988430351747052     
   8.8258381731070195        8.8746937788392355        8.8746937788392355     
   8.7997898240716594        8.8489196364430125        8.8489196364430125     
   8.7722377900665354        8.8216231351969991        8.8216231351969991     
   8.7432786923894525        8.7929014039321594        8.7929014039321594     
   8.7130040321059585        8.7628464515688371        8.7628464515688371     
   8.6815004555837660        8.7315454312588763        8.7315454312588763     
   8.6488500062941025        8.6990808909374113        8.6990808909374113     
   8.6151303635899801        8.6655310109832726        8.6655310109832726     
   8.5804150691347107        8.6309698296510859        8.6309698296510859     
   8.5447737416191281        8.5954674569039931        8.5954674569039931     
   8.5082722803730384        8.5590902772435875        8.5590902772435875     
   8.4709730584450451        8.5219011421029691        8.5219011421029691     
   8.4329351056952753        8.4839595523397549        8.4839595523397549     
   8.3942142824173427        8.4453218313381910        8.4453218313381910     
   8.3548634439792018        8.4060412892034435        8.4060412892034435     
   8.3149325969472212        8.3661683785061634        8.3661683785061634     
   8.2744690471338469        8.3257508420119901        8.3257508420119901     
   8.2335175399863747        8.2848338528082088        8.2848338528082088     
   8.1921203937128571        8.2434601472186237        8.2434601472186237     
   8.1503176255206196        8.2016701508775895        8.2016701508775895     
   8.1081470713235202        8.1595020983150484        8.1595020983150484     
   8.0656444992555922        8.1169921463863481        8.1169921463863481     
   8.0228437173113463        8.0741744818634285        8.0741744818634285     
   7.9797766754163844        8.0310814234876968        8.0310814234876968     
   7.9364735622162721        7.9877435187694710        7.9877435187694710     
   7.8929628968568233        7.9441896358041735        7.9441896358041735     
   7.8492716160146934        7.9004470503616515        7.9004470503616515     
   7.8054251564239010        7.8565415284917064        7.8565415284917064     
   7.7614475331311601        7.8124974048764981        7.8124974048764981     
   7.7173614137008499        7.7683376571485940        7.7683376571485940     
   7.6731881885790587        7.7240839763821585        7.7240839763821585     
   7.6289480378153023        7.6797568339541540        7.6797568339541540     
   7.5846599943302433        7.6353755449622716        7.6353755449622716     
   7.5403420039080125        7.5909583283766997        7.5909583283766997     
   7.4960109820824856        7.5465223640937493        7.5465223640937493     
   7.4516828680781337        7.5020838470506934        7.5020838470506934     
   7.4073726759577374        7.4576580385530136        7.4576580385530136     
   7.3630945431214005        7.4132593149574273        7.4132593149574273     
   7.3188617762938293        7.3689012138467342        7.3689012138467342     
   7.2746868951297472        7.3245964778254971        7.3245964778254971     
   7.2305816735606205        7.2803570960589505        7.2803570960589505     
   7.1865571789994958        7.2361943436712384        7.2361943436712384     
   7.1426238095146939        7.1921188191130971        7.1921188191130971     
   7.0987913290774189        7.1481404796034376        7.1481404796034376     
   7.0550689009828602        7.1042686747439427        7.1042686747439427     
   7.0114651195392605        7.0605121784006348        7.0605121784006348     
   6.9679880401145153        7.0168792189415932        7.0168792189415932     
   6.9246452076252378        6.9733775079153899        6.9733775079153899     
   6.8814436835488504        6.9300142672504554        6.9300142672504554     
   6.8383900715350743        6.8867962550514950        6.8867962550514950     
   6.7954905416892624        6.8437297900650940        6.8437297900650940     
   6.7527508535962610        6.8008207748830376        6.8008207748830376     
   6.7101763781499359        6.7580747179482410        6.7580747179482410     
   6.6677721182501433        6.7154967544249340        6.7154967544249340     
   6.6255427284257191        6.6730916659915138        6.6730916659915138     
   6.5834925334390322        6.6308638996115254        6.6308638996115254     
   6.5416255459247807        6.5888175853353204        6.5888175853353204     
   6.4999454831129908        6.5469565531822971        6.5469565531822971     
   6.4584557826835765        6.5052843491510233        6.5052843491510233     
   6.4171596177973971        6.4638042504021227        6.4638042504021227     
   6.3760599113464060        6.4225192796564912        6.4225192796564912     
   6.3351593494632734        6.3814322188492287        6.3814322188492287     
   6.2944603943288220        6.3405456220775935        6.3405456220775935     
   6.2539652963135737        6.2998618278792984        6.2998618278792984     
   6.2136761054878651        6.2593829708756354        6.2593829708756354     
   6.6000948888462423        6.6592406671419582        6.6592406671419582     
   7.1582943239754222        7.2168578586746941        7.2168578586746941     
   7.6816772616992646        7.7398442146179809        7.7398442146179809     
   8.1720831213332144        8.2300201725529298        8.2300201725529298     
   8.6312559664217847        8.6891122841105091        8.6891122841105091     
   9.0608494361702139        9.1187580452748858        9.1187580452748858     
   9.4624314219196961        9.5205104782514702        9.5205104782514702     
   9.8374885018469680        9.8958424776768297        9.8958424776768297     
   10.187430146387642        10.246150933290536        10.246150933290536     
   10.513592706236469        10.572760640565610        10.572760640565610     
   10.817243194164964        10.876928010203043        10.876928010203043     
   11.099582871315645        11.159844586834888        11.159844586834888     
   11.361750648081147        11.422640386748501        11.422640386748501     
   11.604826309153873        11.666387063939769        11.666387063939769     
   11.829833571836259        11.892100913324519        11.892100913324519     
   12.037742986231830        12.100745719483127        12.100745719483127     
   12.229474685491548        12.293235458882736        12.293235458882736     
   12.405900993867354        12.470436863112797        12.470436863112797     
   12.567848899924075        12.633171850282151        12.633171850282151     
   12.716102401880775        12.782219831358198        12.782219831358198     
   12.851404731692300        12.918319897879996        12.918319897879996     
   12.974460464139931        13.042172897146337        13.042172897146337     
   13.085937516876040        13.154443400666031        13.154443400666031     
   13.186469047060269        13.255761571360086        13.255761571360086     
   13.276655249933290        13.346724934722996        13.346724934722996     
   13.357065064397853        13.427900058882662        13.427900058882662     
   13.428237790414727        13.499824148244379        13.499824148244379     
   13.490684622772584        13.563006555163330        13.563006555163330     
   13.544890105555185        13.617930213861497        13.617930213861497     
   13.591313511405728        13.665053000588014        13.665053000588014     
   13.630390149476263        13.704809023816381        13.704809023816381     
   13.662532605749051        13.737609848076822        13.737609848076822     
   13.688131919226194        13.763845654836981        13.763845654836981     
   13.707558697303066        13.783886343668692        13.783886343668692     
   13.721164173469669        13.798082576771945        13.798082576771945     
   13.729281210321529        13.806766769769308        13.806766769769308     
   13.732225250707575        13.810254031534159        13.810254031534159     
   13.730295219696256        13.808843055674011        13.808843055674011     
   13.723774379902579        13.802816966155385        13.802816966155385     
   13.712931142587262        13.792444119428810        13.792444119428810     
   13.698019836814554        13.777978865291198        13.777978865291198     
   13.679281438837075        13.759662268607828        13.759662268607828     
   13.656944263763901        13.737722793907002        13.737722793907002     
   13.631224621461854        13.712376954756868        13.712376954756868     
   13.602327438539104        13.683829929735788        13.683829929735788     
   13.570446848164632        13.652276146714346        13.652276146714346     
   13.535766749386440        13.617899837078863        13.617899837078863     
   13.498461337525390        13.580875561442330        13.580875561442330     
   13.458695607140100        13.541368708309300        13.541368708309300     
   13.416625828980949        13.499535967085691        13.499535967085691     
   13.372400002277942        13.455525776753094        13.455525776753094     
   13.326158283637744        13.409478751459172        13.409478751459172     
   13.278033393759115        13.361528084211418        13.361528084211418     
   13.228151003113611        13.311799929800507        13.311799929800507     
   13.176630097679045        13.260413768021511        13.260413768021511     
   13.123583325756941        13.207482748206294        13.207482748206294     
   13.069117326852055        13.153114016028367        13.153114016028367     
   13.013333043541282        13.097409023491918        13.097409023491918     
   12.956326017211445        13.040463822969999        13.040463822969999     
   12.898186668500012        12.982369346112202        12.982369346112202     
   12.839000563229536        12.923211668400080        12.923211668400080     
   12.778848664585897        12.863072260088513        12.863072260088513     
   12.717807572251505        12.802028224233224        12.802028224233224     
   12.655949749167970        12.740152522468682        12.740152522468682     
   12.593343736567778        12.677514189166416        12.677514189166416     
   12.530054357881518        12.614178534571433        12.614178534571433     
   12.466142912095817        12.550207337483604        12.550207337483604     
   12.401667357107423        12.485659028021800        12.485659028021800     
   12.336682483590629        12.420588860980876        12.420588860980876     
   12.271240079868571        12.355049080265363        12.355049080265363     
   12.205389088253513        12.289089074858824        12.289089074858824     
   12.139175753297199        12.222755526764285        12.222755526764285     
   12.072643762369573        12.156092551328678        12.156092551328678     
   12.005834378962490        12.089141830343088        12.089141830343088     
   11.938786569094622        12.021942738290329        12.021942738290329     
   11.871537121174203        11.954532462092407        11.954532462092407     
   11.804120759657929        11.886946114692138        11.886946114692138     
   11.736570252826739        11.819216842786162        11.819216842786162     
   11.668916514982723        11.751375929010134        11.751375929010134     
   11.601188703355566        11.683452888861495        11.683452888861495     
   11.533414309992128        11.615475562630508        11.615475562630508     
   11.465619248888528        11.547470202596323        11.547470202596323     
   11.397827938610762        11.479461555731664        11.479461555731664     
   11.330063380637130        11.411472942147158        11.411472942147158     
   11.262347233643652        11.343526329494445        11.343526329494445     
   11.194699883942338        11.275642403535993        11.275642403535993     
   11.127140512271151        11.207840635078794        11.207840635078794     
   11.059687157124392        11.140139343458968        11.140139343458968     
   10.992356774802374        11.072555756754754        11.072555756754754     
   10.925165296350025        11.005106068896147        11.005106068896147     
   10.858127681545339        10.937805493830856        10.937805493830856     
   10.791257970090172        10.870668316898021        10.870668316898021     
   10.724569330148137        10.803707943553311        10.803707943553311     
   10.658074104366722        10.736936945581714        10.736936945581714     
   10.591783853513776        10.670367104927207        10.670367104927207     
   10.525709397851722        10.604009455261979        10.604009455261979     
   10.459860856366488        10.537874321411442        10.537874321411442     
   10.394247683962126        10.471971356745396        10.471971356745396     
   10.328878706726311        10.406309578639972        10.406309578639972     
   10.263762155366496        10.340897402109603        10.340897402109603     
   10.198905696911343        10.275742671703203        10.275742671703203     
   10.134316464767148        10.210852691753848        10.210852691753848     
   10.070001087214351        10.146234255066695        10.146234255066695     
   10.005965714424809        10.081893670125480        10.081893670125480     
   9.9422160440763356        10.017836786893843        10.017836786893843     
   9.8787573456370872        9.9540690212837806        9.9540690212837806     
   9.8155944833885957        9.8905953783598157        9.8905953783598157     
   9.7527319382526763        9.8274204743439455        9.8274204743439455     
   9.6901738284841059        9.7645485574830779        9.7645485574830779     
   9.6279239292877552        9.7019835278375091        9.7019835278375091     
   9.5659856914157864        9.6397289560459605        9.6397289560459605     
   9.5043622587977143        9.5777881011198485        9.5777881011198485     
   9.4430564852533578        9.5161639273167662        9.5161639273167662     
   9.3820709503361019        9.4548591201405490        9.4548591201405490     
   9.3214079743515352        9.3938761015128946        9.3938761015128946     
   9.2610696325940669        9.3332170441591806        9.3332170441591806     
   9.2010577688420128        9.2728838852489321        9.2728838852489321     
   9.1413740081495423        9.2128783393292970        9.2128783393292970     
   9.0820197689718327        9.1532019105879385        9.1532019105879385     
   9.0229962746579755        9.0938559044798630        9.0938559044798630     
   9.3908047706579989        9.4749711130814394        9.4749711130814394     
   9.9305171181695595        10.013969659536949        10.013969659536949     
   10.435535356767344        10.518460399270518        10.518460399270518     
   10.907698099634892        10.990262961253485        10.990262961253485     
   11.348748609282088        11.431103093598049        11.431103093598049     
   11.760339728955639        11.842617493840129        11.842617493840129     
   12.144038559092611        12.226358390786380        12.226358390786380     
   12.501330891997842        12.583797890702588        12.583797890702588     
   12.833625417244679        12.916332099963505        12.916332099963505     
   13.142257709652228        13.225285035660878        13.225285035660878     
   13.428494011079584        13.511912335075131        13.511912335075131     
   13.693534816696348        13.777404774355260        13.777404774355260     
   13.938518275837710        14.022891606219531        14.022891606219531     
   14.164523417029745        14.249443725984859        14.249443725984859     
   14.372573206275083        14.458076674754059        14.458076674754059     
   14.563637447219140        14.649753488136085        14.649753488136085     
   14.738635531371392        14.825387398443569        14.825387398443569     
   14.898439046133667        14.985844397903538        14.985844397903538     
   15.043874247986633        15.131945670029419        15.131945670029419     
   15.175724407805548        15.264469895934990        15.264469895934990     
   15.294732034916075        15.384155442022090        15.384155442022090     
   15.401600986159092        15.491702435143166        15.491702435143166     
   15.496998465909380        15.587774731025931        15.587774731025931     
   15.581556922685760        15.673001781449756        15.673001781449756     
   15.655875847698713        15.747980405381135        15.747980405381135     
   15.720523480405255        15.813276469007683        15.813276469007683     
   15.776038425878610        15.869426479356116        15.869426479356116     
   15.822931188551825        15.916939095938734        15.916939095938734     
   15.861685626658645        15.956296564644214        15.956296564644214     
   15.892760331471520        15.987956077871885        15.987956077871885     
   15.916589935224691        16.012351064702816        16.012351064702816     
   15.933586351409218        16.029892414706008        16.029892414706008     
   15.944139950936272        16.040969638792983        16.040969638792983     
   15.948620677484271        16.045951970358416        16.045951970358416     
   15.947379105173958        16.045189409778004        16.045189409778004     
   15.940747441553050        16.039013715176800        16.039013715176800     
   15.929040478717912        16.027739342231396        16.027739342231396     
   15.912556495253522        16.011664335627252        16.011664335627252     
   15.891578111534415        15.991071174657591        15.991071174657591     
   15.866373100797784        15.966227575322510        15.966227575322510     
   15.837195158275343        15.937387251165489        15.937387251165489     
   15.804284630552241        15.904790634969610        15.904790634969610     
   15.767869207209342        15.868665563326479        15.868665563326479     
   15.728164576698747        15.829227925987427        15.829227925987427     
   15.685375048301738        15.786682281808288        15.786682281808288     
   15.639694141922670        15.741222443005954        15.741222443005954     
   15.591305147381687        15.693032029356479        15.693032029356479     
   15.540381654783188        15.642284993880720        15.642284993880720     
   15.487088057455402        15.589146121484005        15.589146121484005     
   15.431580028879223        15.533771501940832        15.533771501940832     
   15.374004974950989        15.476308978544161        15.476308978544161     
   15.314502462854525        15.416898573670895        15.416898573670895     
   15.253204627751719        15.355672892450848        15.355672892450848     
   15.190236558438452        15.292757505665376        15.292757505665376     
   15.125716663053414        15.228271312944019        15.228271312944019     
   15.059757015871030        15.162326887272407        15.162326887272407     
   14.992463686156565        15.095030801772756        15.095030801772756     
   14.923937050010727        15.026483939668656        15.026483939668656     
   14.854272086083295        14.956781788299105        14.956781788299105     
   14.783558655989758        14.886014718002187        14.886014718002187     
   14.711881770221837        14.814268246646593        14.814268246646593     
   14.639321840301912        14.741623290549215        14.741623290549215     
   14.565954917892540        14.668156402479010        14.668156402479010     
   14.491852921535560        14.593939997411368        14.593939997411368     
   14.417083851660340        14.519042566663034        14.519042566663034     
   14.341711994467699        14.443528881005230        14.443528881005230     
   14.265798115264655        14.367460183321896        14.367460183321896     
   14.189399641795454        14.290894371350795        14.290894371350795     
   14.112570838086080        14.213886171017602        14.213886171017602     
   14.035362969292752        14.136487300846797        14.136487300846797     
   13.957824458019550        14.058746627908402        14.058746627908402     
   13.880001032546224        13.980710315735875        13.980710315735875     
   13.801935867384506        13.902421964628170        13.902421964628170     
   13.723669716559556        13.823922744727712        13.823922744727712     
   13.645241039992715        13.745251522245850        13.745251522245850     
   13.566686123342228        13.666444979188293        13.666444979188293     
   13.488039191640269        13.587537726914878        13.587537726914878     
   13.409332517046963        13.508562413850820        13.508562413850820     
   13.330596521025655        13.429549827650275        13.429549827650275     
   13.251859871227879        13.350528992097637        13.350528992097637     
   13.173149573361552        13.271527259017196        13.271527259017196     
   13.094491058301834        13.192570395447984        13.192570395447984     
   13.015908264690633        13.113682666327342        13.113682666327342     
   12.937423717258044        13.034886912914274        13.034886912914274     
   12.859058601086931        12.956204627171706        12.956204627171706     
   12.780832832030454        12.877656022315591        12.877656022315591     
   12.702765123481461        12.799260099727977        12.799260099727977     
   12.624873049682387        12.721034712421178        12.721034712421178     
   12.547173105754599        12.642996625230397        12.642996625230397     
   12.469680764616783        12.565161571903154        12.565161571903154     
   12.392410530953301        12.487544309245155        12.487544309245155     
   12.315375992385047        12.410158668474038        12.410158668474038     
   12.238589867987484        12.333017603924636        12.333017603924636     
   12.162064054293065        12.256133239242043        12.256133239242043     
   12.085809668908128        12.179516911191696        12.179516911191696     
   12.009837091867647        12.103179211209120        12.103179211209120     
   11.934156004844834        12.027130024805611        12.027130024805611     
   11.858775428326535        11.951378568940155        11.951378568940155     
   11.783703756859634        11.875933427462282        11.875933427462282     
   11.708948792468243        11.800802584725046        11.800802584725046     
   11.634517776336278        11.725993457462355        11.725993457462355     
   11.560417418845160        11.651512925019908        11.651512925019908     
   11.486653928051716        11.577367358024480        11.577367358024480     
   11.413233036686950        11.503562645571940        11.503562645571940     
   11.340160027752233        11.430104221010179        11.430104221010179     
   11.267439758785429        11.356997086389304        11.356997086389304     
   11.195076684865777        11.284245835647656        11.284245835647656     
   11.123074880422800        11.211854676598726        11.211854676598726     
   11.051438059911083        11.139827451780688        11.139827451780688     
   10.980169597409612        11.068167658227058        11.068167658227058     
   10.909272545201297        10.996878466214062        10.996878466214062     
   10.838749651385495        10.925962737037333        10.925962737037333     
   10.768603376573497        10.855423039867931        10.855423039867931     
   10.698835909714491        10.785261667735069        10.785261667735069     
   10.629449183096957        10.715480652680501        10.715480652680501     
   10.560444886568190        10.646081780127226        10.646081780127226     
   10.491824481012410        10.577066602502931        10.577066602502931     
   10.423589211125794        10.508436452156596        10.508436452156596     
   10.355740117524897        10.440192453604570        10.440192453604570     
   10.288278048222875        10.372335535140744        10.372335535140744     
   10.647703875821019        10.744996114175015        10.744996114175015     
   11.179089091134680        11.275595941659201        11.275595941659201     
   11.675835365812931        11.771743503288986        11.771743503288986     
   12.139780947549694        12.235258060750725        12.235258060750725     
   12.572668735786229        12.667864997300052        12.667864997300052     
   12.976151213105616        13.071200648028695        13.071200648028695     
   13.351795121670365        13.446816881695575        13.446816881695575     
   13.701085897884015        13.796185446899356        13.796185446899356     
   14.025431877776180        14.120702094712573        14.120702094712573     
   14.326168284964185        14.421690489274031        14.421690489274031     
   14.604561012431812        14.700405917244968        14.700405917244968     
   14.861810208784409        14.958038806473544        14.958038806473544     
   15.099053679088660        15.195718063680218        15.195718063680218     
   15.317370109882722        15.414514240471908        15.414514240471908     
   15.517782127446781        15.615442536514138        15.615442536514138     
   15.701259197954272        15.799465648236241        15.799465648236241     
   15.868720377678278        15.967496471014007        15.967496471014007     
   16.021036921005020        16.120400662365565        16.120400662365565     
   16.159034753605617        16.258999073308665        16.258999073308665     
   16.283496817737273        16.384070054660011        16.384070054660011     
   16.395165296284549        16.496351644708451        16.496351644708451     
   16.494743721809762        16.596543644363056        16.596543644363056     
   16.582898976557384        16.685309585563481        16.685309585563481     
   16.660263189049914        16.763278598442092        16.763278598442092     
   16.727435532621403        16.831047182445278        16.831047182445278     
   16.784983930958266        16.889180886353401        16.889180886353401     
   16.833446675455026        16.938215901884810        16.938215901884810     
   16.873333958944073        16.978660575328444        16.978660575328444     
   16.905129330122769        17.010996841420848        17.010996841420848     
   16.929291072777811        17.035681583466776        17.035681583466776     
   16.946253513694700        17.053147923496628        17.053147923496628     
   16.956428262939305        17.063806446059196        17.063806446059196     
   16.960205390007747        17.068046359062780        17.068046359062780     
   16.957954539160230        17.066236594902513        17.066236594902513     
   16.950025987082867        17.058726854944979        17.058726854944979     
   16.936751645859232        17.045848600283389        17.045848600283389     
   16.918446014078945        17.027915991526683        17.027915991526683     
   16.895407078764709        17.005226780243888        17.005226780243888     
   16.867917170660341        16.978063154550117        16.978063154550117     
   16.836243775291106        16.946692541192839        16.946692541192839     
   16.800640302082847        16.911368366375697        16.911368366375697     
   16.761346813708311        16.872330777442045        16.872330777442045     
   16.718590717716843        16.829807327431329        16.829807327431329     
   16.672587422397481        16.784013624417799        16.784013624417799     
   16.623540958724508        16.735153947442907        16.735153947442907     
   16.571644570139068        16.683421830759517        16.683421830759517     
   16.517081271829646        16.629000618017805        16.629000618017805     
   16.460024381088417        16.572063987938730        16.572063987938730     
   16.400638020238770        16.512776452941623        16.512776452941623     
   16.339077593552155        16.451293832116914        16.451293832116914     
   16.275490239498993        16.387763699863495        16.387763699863495     
   16.210015259608884        16.322325811442372        16.322325811442372     
   16.142784525149459        16.255112506633868        16.255112506633868     
   16.073922862770647        16.186249092624593        16.186249092624593     
   16.003548420201913        16.115854207192445        16.115854207192445     
   15.931773013033672        16.044040163203043        16.044040163203043     
   15.858702453560978        15.970913275378733        15.970913275378733     
   15.784436862616758        15.896574170252013        15.896574170252013     
   15.709070965274183        15.821118080168276        15.821118080168276     
   15.632694371252084        15.744635122158256        15.744635122158256     
   15.555391840814359        15.667210562458404        15.667210562458404     
   15.477243536913331        15.588925067417398        15.588925067417398     
   15.398325264288305        15.509854941489014        15.509854941489014     
   15.318708696193744        15.430072352975554        15.430072352975554     
   15.238461589396687        15.349645548151914        15.349645548151914     
   15.157647988049906        15.268639054367926        15.268639054367926     
   15.076328417015960        15.187113872695871        15.187113872695871     
   14.994560065187597        15.105127660660951        15.105127660660951     
   14.912396959321720        15.022734905564791        15.022734905564791     
   14.829890128877391        14.939987088885845        14.939987088885845     
   14.747087762323048        14.856932842215684        14.856932842215684     
   14.664035355353967        14.773618095166531        14.773618095166531     
   14.580775851438302        14.690086215663023        14.690086215663023     
   14.497349775088324        14.606378143009954        14.606378143009954     
   14.413795358233024        14.522532514107573        14.522532514107573     
   14.330148660048778        14.438585783166914        14.438585783166914     
   14.246443680586346        14.354572335259549        14.354572335259549     
   14.162712468514968        14.270524594018870        14.270524594018870     
   14.078985223287759        14.186473123793757        14.186473123793757     
   13.995290392016861        14.102446726540045        14.102446726540045     
   13.911654761331897        14.018472533720416        14.018472533720416     
   13.828103544481152        13.934576093469548        13.934576093469548     
   13.744660463921454        13.850781453268047        13.850781453268047     
   13.661347829630079        13.767111238356216        13.767111238356216     
   13.578186613359831        13.683586726106819        13.683586726106819     
   13.495196519047143        13.600227916564727        13.600227916564727     
   13.412396049572108        13.517053599350614        13.517053599350614     
   13.329802570059087        13.434081417115802        13.434081417115802     
   13.247432367896794        13.351327925725615        13.351327925725615     
   13.165300709647521        13.268808651339619        13.268808651339619     
   13.083421895006374        13.186538144548347        13.186538144548347     
   13.001809307963066        13.104530031717964        13.104530031717964     
   12.920475465310961        13.022797063686525        13.022797063686525     
   12.839432062640556        12.941351161948065        12.941351161948065     
   12.758690017947508        12.860203462453796        12.860203462453796     
   12.678259512978544        12.779364357153007        12.779364357153007     
   12.598150032432319        12.698843533389955        12.698843533389955     
   12.518370401126102        12.618650011267080        12.618650011267080     
   12.438928819233535        12.538792179079174        12.538792179079174     
   12.359832895693240        12.459277826917770        12.459277826917770     
   12.281089679882852        12.380114178539905        12.380114178539905     
   12.202705691648262        12.301307921590565        12.301307921590565     
   12.124686949773084        12.222865236263543        12.222865236263543     
   12.047038998969068        12.144791822481050        12.144791822481050     
   11.969766935463985        12.067092925668339        12.067092925668339     
   11.892875431259494        11.989773361195617        11.989773361195617     
   11.816368757127842        11.912837537555840        11.912837537555840     
   11.740250804412607        11.836289478343469        11.836289478343469     
   11.664525105695406        11.760132843095892        11.760132843095892     
   11.589194854387179        11.684370947056033        11.684370947056033     
   11.514262923299754        11.609006779911713        11.609006779911713     
   11.439731882250413        11.534043023564386        11.534043023564386     
   11.365604014749525        11.459482068977286        11.459482068977286     
   11.291881333818667        11.385326032150282        11.385326032150282     
   11.218565596984252        11.311576769266489        11.311576769266489     
   11.145658320489339        11.238235891053225        11.238235891053225     
   11.073160792764050        11.165304776397768        11.165304776397768     
   11.001074087193008        11.092784585256306        11.092784585256306     
   10.929399074216169        11.020676270892444        11.020676270892444     
   10.858136432797535        10.948980591479833        10.948980591479833     
   11.213786867610269        11.317827795434171        11.317827795434171     
   11.741421702650934        11.844639465827461        11.844639465827461     
   12.234442443858280        12.337023921589012        12.337023921589012     
   12.694687174312637        12.796800258740532        12.796800258740532     
   13.123898629932279        13.225693695968554        13.225693695968554     
   13.523729130860655        13.625340404884005        13.625340404884005     
   13.895745257896822        13.997292091846111        13.997292091846111     
   14.241432287149934        14.343020344127794        14.343020344127794     
   14.562198395417182        14.663920752542698        14.663920752542698     
   14.859378648138414        14.961316822030536        14.961316822030536     
   15.134238781167872        15.236463681106247        15.236463681106247     
   15.387978787022375        15.490551600517515        15.490551600517515     
   15.621736315714191        15.724709330923227        15.724709330923227     
   15.836589899754312        15.940007268900786        15.940007268900786     
   16.033562012416205        16.137460460111395        16.137460460111395     
   16.213621967880293        16.318031447998518        16.318031447998518     
   16.377688671433607        16.482632975963774        16.482632975963774     
   16.526633227476623        16.632130550556123        16.632130550556123     
   16.661281412688403        16.767344872822527        16.767344872822527     
   16.782416021321172        16.889054144600649        16.889054144600649     
   16.890779089235068        16.997996256185498        16.997996256185498     
   16.987074002942052        17.094870861471012        17.094870861471012     
   17.071967499603829        17.180341346353906        17.180341346353906     
   17.146091563621351        17.255036695889412        17.255036695889412     
   17.210045225161913        17.319553265406178        17.319553265406178     
   17.264396265693698        17.374456460519877        17.374456460519877     
   17.309682835335206        17.420282330730931        17.420282330730931     
   17.346414986578779        17.457539081050832        17.457539081050832     
   17.375076128711502        17.486708505872972        17.486708505872972     
   17.396124407033405        17.508247349087014        17.508247349087014     
   17.409994010760816        17.522588594230260        17.522588594230260     
   17.417096413301856        17.530142688274228        17.530142688274228     
   17.417821548400266        17.531298702459779        17.531298702459779     
   17.412538925463245        17.526425433418371        17.526425433418371     
   17.401598687217330        17.515872447650739        17.515872447650739     
   17.385332612674013        17.499971072276104        17.499971072276104     
   17.364055068232464        17.479035334815404        17.479035334815404     
   17.338063909600699        17.453362854629770        17.453362854629770     
   17.307641337077843        17.423235688500718        17.423235688500718     
   17.273054706608676        17.388921132710635        17.388921132710635     
   17.234557298897048        17.350672483860848        17.350672483860848     
   17.192389048746506        17.308729760549461        17.308729760549461     
   17.146777236684361        17.263320387922079        17.263320387922079     
   17.097937144819138        17.214659847004857        17.214659847004857     
   17.046072678780593        17.162952290631338        17.162952290631338     
   16.991376957495746        17.108391127681099        17.108391127681099     
   16.934032872463899        17.051159577260112        17.051159577260112     
   16.874213618107486        16.991431194368758        16.991431194368758     
   16.812083194694196        16.929370368523955        16.929370368523955     
   16.747796885248420        16.865132796726488        16.865132796726488     
   16.681501707796784        16.798865932092973        16.798865932092973     
   16.613336844223060        16.730709409404191        16.730709409404191     
   16.543434046941716        16.660795448756982        16.660795448756982     
   16.471918024536944        16.589249238445927        16.589249238445927     
   16.398906807454669        16.516189298143168        16.516189298143168     
   16.324512094778793        16.441727823389570        16.441727823389570     
   16.248839583069717        16.365971012358617        16.365971012358617     
   16.171989278192484        16.289019375804681        16.289019375804681     
   16.094055791014057        16.210968031060681        16.210968031060681     
   16.015128617803686        16.131906980905445        16.131906980905445     
   15.935292406127312        16.051921378079079        16.051921378079079     
   15.854627206985947        15.971091776184474        15.971091776184474     
   15.773208713909263        15.889494367675203        15.889494367675203     
   15.691108489678882        15.807201209594034        15.807201209594034     
   15.608394181320902        15.724280437692089        15.724280437692089     
   15.525129723974192        15.640796469526324        15.640796469526324     
   15.441375534209646        15.556810197102209        15.556810197102209     
   15.357188693345803        15.472379169599396        15.472379169599396     
   15.272623121278032        15.387557766690454        15.387557766690454     
   15.187729741311857        15.302397362936539        15.302397362936539     
   15.102556636465438        15.216946483718965        15.216946483718965     
   15.017149197682416        15.131250953142077        15.131250953142077     
   14.931550264373294        15.045354034320360        15.045354034320360     
   14.845800257682090        14.959296562441567        14.959296562441567     
   14.759937306854365        14.873117070977433        14.873117070977433     
   14.673997369063368        14.786851911394468        14.786851911394468     
   14.588014343032514        14.700535366699160        14.700535366699160     
   14.502020176775007        14.614199759134776        14.614199759134776     
   14.416044969754783        14.527875552330581        14.527875552330581     
   14.330117069757243        14.441591448188845        14.441591448188845     
   14.244263164743337        14.355374478780352        14.355374478780352     
   14.158508369946354        14.269250093505155        14.269250093505155     
   14.072876310457509        14.183242241762175        14.183242241762175     
   13.987389199533503        14.097373451358646        14.097373451358646     
   13.902067912847372        14.011664902878598        14.011664902878598     
   13.816932058892316        13.926136500218233        13.926136500218233     
   13.732000045737518        13.840806937485389        13.840806937485389     
   13.647289144324565        13.755693762450173        13.755693762450173     
   13.562815548483373        13.670813436724163        13.670813436724163     
   13.478594431837280        13.586181392836474        13.586181392836474     
   13.394640001758166        13.501812088366371        13.501812088366371     
   13.310965550524168        13.417719057283836        13.417719057283836     
   13.227583503824686        13.333914958641765        13.333914958641765     
   13.144505466749834        13.250411622756008        13.250411622756008     
   13.061742267394445        13.167220095002559        13.167220095002559     
   12.979303998200045        13.084350677354465        13.084350677354465     
   12.897200055151739        13.001812967774759        13.001812967774759     
   12.815439174940991        12.919615897575735        12.919615897575735     
   12.734029470199479        12.837767766849216        12.837767766849216     
   12.652978462903839        12.756276278067052        12.756276278067052     
   12.572293116045863        12.675148567946030        12.675148567946030     
   12.491979863657908        12.594391237666489        12.594391237666489     
   12.412044639278587        12.514010381529364        12.514010381529364     
   12.332492902939407        12.434011614132027        12.434011614132027     
   12.253329666748915        12.354400096139145        12.354400096139145     
   12.174559519146849        12.275180558720860        12.275180558720860     
   12.096186647897138        12.196357326726885        12.196357326726885     
   12.018214861884996        12.117934340661574        12.117934340661574     
   11.940647611779962        12.039915177521689        12.039915177521689     
   11.863488009623588        11.962303070555366        11.962303070555366     
   11.786738847397389        11.885100927997875        11.885100927997875     
   11.710402614623852        11.808311350836771        11.808311350836771     
   11.634481515050512        11.731936649656467        11.731936649656467     
   11.558977482464549        11.655978860609569        11.655978860609569     
   11.483892195682932        11.580439760559958        11.580439760559958     
   11.409227092760721        11.505320881440253        11.505320881440253     
   11.334983384458056        11.430623523864119        11.430623523864119     
   11.261162067004147        11.356348770031746        11.356348770031746     
   11.187763934194704        11.282497495964947        11.282497495964947     
   11.114789588857263        11.209070383106381        11.209070383106381     
   11.468739660033995        11.576197603649240        11.576197603649240     
   11.994685396588308        12.101300664943869        12.101300664943869     
   12.486028229826847        12.591987810701928        12.591987810701928     
   12.944606168691177        13.050078062223793        13.050078062223793     
   13.372161875451978        13.477296563968798        13.477296563968798     
   13.770347597093037        13.875279413811541        13.875279413811541     
   14.140729841738441        14.245578244862529        14.245578244862529     
   14.484793813303854        14.589664571630376        14.589664571630376     
   14.803947616871271        14.908933912645599        14.908933912645599     
   15.099526246640469        15.204709701042807        15.204709701042807     
   15.372795367697591        15.478246994006675        15.478246994006675     
   15.624954902260205        15.730735991426332        15.730735991426332     
   15.857142430507075        15.963305373570714        15.963305373570714     
   16.070436415578346        16.177025467092740        16.177025467092740     
   16.265859261836223        16.372911248191567        16.372911248191567     
   16.444380215006419        16.551925191307959        16.551925191307959     
   16.606918112374778        16.714979971297147        16.714979971297147     
   16.754343990791110        16.862941026615008        16.862941026615008     
   16.887483559831331        16.996628990665720        16.996628990665720     
   17.007119547089097        17.116821998091492        17.116821998091492     
   17.113993922207602        17.224257872436237        17.224257872436237     
   17.208810005920551        17.319636201284229        17.319636201284229     
   17.292234470047198        17.403620304661036        17.403620304661036     
   17.364899234078919        17.476839102186332        17.476839102186332     
   17.427403263703507        17.539888884185949        17.539888884185949     
   17.480314276336792        17.593334991702605        17.593334991702605     
   17.524170358469302        17.637713410090793        17.637713410090793     
   17.559481499386937        17.673532280640277        17.673532280640277     
   17.586731045589104        17.701273334444100        17.701273334444100     
   17.606377080004119        17.721393252510207        17.721393252510207     
   17.618853729889832        17.734324955910008        17.734324955910008     
   17.624572407106353        17.740478829562221        17.740478829562221     
   17.623922984257188        17.740243883065258        17.740243883065258     
   17.617274910014359        17.733988851815784        17.733988851815784     
   17.604978266771614        17.722063241484680        17.722063241484680     
   17.587364773607355        17.704798318763579        17.704798318763579     
   17.564748737384740        17.682508051145451        17.682508051145451     
   17.537427954670200        17.655489998360427        17.655489998360427     
   17.505684567013095        17.624026157953356        17.624026157953356     
   17.469785871997672        17.588383767361702        17.588383767361702     
   17.429985092353895        17.548816064731000        17.548816064731000     
   17.386522105295505        17.505563010590144        17.505563010590144     
   17.339624134141545        17.458851972399536        17.458851972399536     
   17.289506404171295        17.408898373881609        17.408898373881609     
   17.236372764561757        17.355906310945127        17.355906310945127     
   17.180416278161214        17.300069135921337        17.300069135921337     
   17.121819780761758        17.241570011741842        17.241570011741842     
   17.060756411447677        17.180582437604134        17.180582437604134     
   16.997390115515145        17.117270747591267        17.117270747591267     
   16.931876121381215        17.051790583636741        17.051790583636741     
   16.864361392826979        16.984289344154067        16.984289344154067     
   16.794985057850045        16.914906609582665        16.914906609582665     
   16.723878815335723        16.843774546037366        16.843774546037366     
   16.651167320693695        16.771018288187751        16.771018288187751     
   16.576968551547640        16.696756302435560        16.696756302435560     
   16.501394154509200        16.621100731403551        16.621100731403551     
   16.424549774014125        16.544157720697047        16.544157720697047     
   16.346535364148163        16.466027728849888        16.466027728849888     
   16.267445484342012        16.386805821319804        16.386805821319804     
   16.187369579769431        16.306581949353490        16.306581949353490     
   16.106392247239395        16.225441214499696        16.225441214499696     
   16.024593487332208        16.143464119508486        16.143464119508486     
   15.942048943490889        16.060726806316904        16.060726806316904     
   15.858830128742239        15.977301281785254        15.977301281785254     
   15.775004640687154        15.893255631814048        15.893255631814048     
   15.690636365366766        15.808654224439303        15.808654224439303     
   15.605785670579506        15.723557902473031        15.723557902473031     
   15.520509589194564        15.638024166226741        15.638024166226741     
   15.434861992978968        15.552107346828029        15.552107346828029     
   15.348893757428732        15.465858770614112        15.465858770614112     
   15.262652918069266        15.379326915061267        15.379326915061267     
   15.176184818666105        15.292557556685596        15.292557556685596     
   15.089532251764204        15.205593911328050        15.205593911328050     
   15.002735591952524        15.118476767215466        15.118476767215466     
   14.915832922230010        15.031244611169221        15.031244611169221     
   14.828860153829677        14.943933748313960        14.943933748313960     
   14.741851139839071        14.856578415620778        14.856578415620778     
   14.654837782937864        14.769210889601974        14.769210889601974     
   14.567850137556816        14.681861588458270        14.681861588458270     
   14.480916506746491        14.594559168963807        14.594559168963807     
   14.394063534029378        14.507330618359680        14.507330618359680     
   14.307316290494724        14.420201341512712        14.420201341512712     
   14.220698357382147        14.333195243583098        14.333195243583098     
   14.134231904387294        14.246334808431893        14.246334808431893     
   14.047937763910724        14.159641172987564        14.159641172987564     
   13.961835501459866        14.073134197779448        14.073134197779448     
   13.875943482402905        13.986832533835308        13.986832533835308     
   13.790278935263338        13.900753686130066        13.900753686130066     
   13.704858011734011        13.814914073763116        13.814914073763116     
   13.619695843580361        13.729329087032527        13.729329087032527     
   13.534806596593679        13.644013141565791        13.644013141565791     
   13.450203521746991        13.558979729658557        13.558979729658557     
   13.365899003698242        13.474241468964957        13.474241468964957     
   13.281904606777918        13.389810148675870        13.389810148675870     
   13.198231118591277        13.305696773314279        13.305696773314279     
   13.114888591358513        13.221911604270371        13.221911604270371     
   13.031886381109871        13.138464199192708        13.138464199192708     
   12.949233184846657        13.055363449345704        13.055363449345704     
   12.866937075773350        12.972617615038141        12.972617615038141     
   12.785005536700600        12.890234359221923        12.890234359221923     
   12.703445491713687        12.808220779355226        12.808220779355226     
   12.622263336196223        12.726583437619405        12.726583437619405     
   12.541464965294120        12.645328389574313        12.645328389574313     
   12.461055800900551        12.564461211332434        12.564461211332434     
   12.381040817238398        12.483987025328044        12.483987025328044     
   12.301424565112729        12.403910524753721        12.403910524753721     
   12.222211194902144        12.324235996732758        12.324235996732758     
   12.143404478354201        12.244967344292574        12.244967344292574     
   12.065007829246840        12.166108107200833        12.166108107200833     
   11.987024322974406        12.087661481722771        12.087661481722771     
   11.909456715114018        12.009630339355327        12.009630339355327     
   11.832307459024946        11.932017244590678        11.932017244590678     
   11.755578722531091        11.854824471759201        11.854824471759201     
   11.679272403734002        11.778054020999219        11.778054020999219     
   11.603390146001436        11.701707633398494        11.701707633398494     
   11.527933352174101        11.625786805350113        11.625786805350113     
   11.452903198031079        11.550292802163231        11.550292802163231     
   11.378300645052283        11.475226670967000        11.475226670967000     
   11.304126452514344        11.400589252944124        11.400589252944124     
   11.230381188954411        11.326381194928542        11.326381194928542     
   11.157065243034614        11.252602960399969        11.252602960399969     
   11.084178833838216        11.179254839906404        11.179254839906404     
   11.011722020626843        11.106336960944025        11.106336960944025     
   10.939694712086755        11.033849297322432        11.033849297322432     
   10.868096675090561        10.961791678041783        10.961791678041783     
   10.796927542999516        10.890163795706899        10.890163795706899     
   10.726186823530155        10.818965214502288        10.818965214502288     
   10.655873906207864        10.748195377750617        10.748195377750617     
   10.585988069428769        10.677853615076176        10.677853615076176     
   10.516528487150222        10.607939149193625        10.607939149193625     
   10.447494235229152        10.538451102341400        10.538451102341400     
   10.378884297426518        10.469388502378047        10.469388502378047     
   10.310697571095144        10.400750288558880        10.400750288558880     
   10.242932872567383        10.332535317009446        10.332535317009446     
   10.175588942258152        10.264742365911417        10.264742365911417     
   10.108664449498077        10.197370140415757        10.197370140415757     
   10.042157997110774        10.130417277297232        10.130417277297232     
   9.9760681257474939        10.063882349363571        10.063882349363571     
   9.9103933179917636        9.9977638696319726        9.9977638696319726     
   9.8451320022459043        9.9320602952849608        9.9320602952849608     
   9.7802825564107767        9.8667700314169462        9.8667700314169462     
   9.7158433113694613        9.8018914345823180        9.8018914345823180     
   9.6518125542850584        9.7374228161553233        9.7374228161553233     
   9.5881885317222615        9.6733624455114118        9.6733624455114118     
   9.5249694526018391        9.6097085530393205        9.6097085530393205     
   9.4621534909967089        9.5464593329925833        9.5464593329925833     
   9.3997387887778192        9.4836129461888099        9.4836129461888099     
   9.3377234581176705        9.4211675225645681        9.4211675225645681     
   9.2761055838588362        9.3591211635933433        9.3591211635933433     
   9.2148832257545266        9.2974719445736689        9.2974719445736689     
   9.1540544205878263        9.2362179167941054        9.2362179167941054     
   9.0936171841759332        9.1753571095814781        9.1753571095814781     
   9.0335695132653626        9.1148875322383827        9.1148875322383827     
   8.9739093873238200        9.0548071758757018        9.0548071758757018     
   8.9146347702340591        8.9951140151455817        8.9951140151455817     
   8.8557436118949067        8.9358060098799754        8.9358060098799754     
   8.7972338497342246        8.8768811066397220        8.8768811066397220     
   8.7391034101384300        8.8183372401787103        8.8183372401787103     
   8.6813502098029112        8.7601723348275993        8.7601723348275993     
   8.6239721570074614        8.7023843058012229        8.7023843058012229     
   8.5669671528206486        8.6449710604336651        8.6449710604336651     
   8.5103330922368254        8.5879304993447398        8.5879304993447398     
   8.4540678652492947        8.5312605175414458        8.5312605175414458     
   8.3981693578629599        8.4749590054577713        8.4749590054577713     
   8.3426354530496329        8.4190238499360674        8.4190238499360674     
   8.2874640316489891        8.3634529351529938        8.3634529351529938     
   8.2326529732180269        8.3082441434929546        8.3082441434929546     
   8.1782001568316804        8.2533953563717439        8.2533953563717439     
   8.1241034618372243        8.1989044550129790        8.1989044550129790     
   8.0703607685648020        8.1447693211798278        8.1447693211798278     
   8.0169699589964534        8.0909878378642848        8.0909878378642848     
   7.9639289173957595        8.0375578899363003        8.0375578899363003     
   7.9112355309002167        7.9844773647547855        7.9844773647547855     
   7.8588876900782711        7.9317441527425228        7.9317441527425228     
   7.8068832894528883        7.8793561479268606        7.8793561479268606     
   7.7552202279934042        7.8273112484479803        7.8273112484479803     
   7.7038964095773350        7.7756073570364412        7.7756073570364412     
   7.6529097434237405        7.7242423814616004        7.7242423814616004     
   7.6022581444996176        7.6732142349524457        7.6732142349524457     
   7.5519395339007724        7.6225208365922974        7.6225208365922974     
   7.5019518392085018        7.5721601116887260        7.5721601116887260     
   7.4522929948233845        7.5221299921200266        7.5221299921200266     
   7.4029609422773666        7.4724284166594490        7.4724284166594490     
   7.3539536305253277        7.4230533312783882        7.4230533312783882     
   7.3052690162171832        7.3740026894296182        7.3740026894296182     
   7.2569050639515895        7.3252744523116506        7.3252744523116506     
   7.2088597465122035        7.2768665891151940        7.2768665891151940     
   7.1611310450874477        7.2287770772526789        7.2287770772526789     
   7.1137169494746528        7.1810039025717423        7.1810039025717423     
   7.0666154582694132        7.1335450595535219        7.1335450595535219     
   7.0198245790409564        7.0863985514965755        7.0863985514965755     
   6.9733423284942635        7.0395623906871814        7.0395623906871814     
   6.9271667326196624        6.9930345985567657        6.9930345985567657     
   6.8812958268305708        6.9468132058271257        6.9468132058271257     
   6.8357276560900262        6.9008962526441220        6.9008962526441220     
   6.7904602750266001        6.8552817887004398        6.8552817887004398     
   6.7454917480402905        6.8099678733480351        6.8099678733480351     
   6.7008201493989201        6.7649525757007902        6.7649525757007902     
   6.6564435633255750        6.7202339747279378        6.7202339747279378     
   6.6123600840775536        6.6758101593387362        6.6758101593387362     
   6.5685678160173095        6.6316792284588830        6.6316792284588830     
   6.5250648736758121        6.5878392910991055        6.5878392910991055     
   6.4818493818087592        6.5442884664163703        6.5442884664163703     
   6.4389194754460215        6.5010248837681033        6.5010248837681033     
   6.3962732999347063        6.4580466827598224        6.4580466827598224     
   6.3539090109761869        6.4153520132865172        6.4153520132865172     
   6.3118247746574401        6.3729390355681677        6.3729390355681677     
   6.2700187674770103        6.3308059201796780        6.3308059201796780     
   6.2284891763658985        6.2889508480755714        6.2889508480755714     
   6.1872341987036750        6.2473720106097304        6.2473720106097304     
   6.1462520423300706        6.2060676095504643        6.2060676095504643     
   6.1055409255523170        6.1650358570911523        6.1650358570911523     
   6.0650990771484743        6.1242749758567392        6.1242749758567392     
   6.0249247363669864        6.0837831989063060        6.0837831989063060     
   5.9850161529226638        6.0435587697319377        6.0435587697319377     
   5.9453715869893253        6.0035999422541177        6.0035999422541177     
   5.9059893091892786        5.9639049808138260        5.9639049808138260     
   5.8668676005798313        5.9244721601615700        5.9244721601615700     
   5.8280047526370167        5.8852997654434889        5.8852997654434889     
   5.7893990672366913        5.8463860921847353        5.8463860921847353     
   5.7510488566331555        5.8077294462702795        5.8077294462702795     
   5.7129524434354781        5.7693281439233024        5.7693281439233024     
   5.6751081605816358        5.7311805116813224        5.7311805116813224     
   5.6375143513106130        5.6932848863701784        5.6932848863701784     
   5.6001693691325984        5.6556396150760282        5.6556396150760282     
   5.5630715777973840        5.6182430551154674        5.6182430551154674     
   5.5262193512610960        5.5810935740038969        5.5810935740038969     
   5.4896110736513544        5.5441895494222369        5.5441895494222369     
   5.4532451392309689        5.5075293691821177        5.5075293691821177     
   5.4171199523602729        5.4711114311896276        5.4711114311896276     
   5.3812339274581777        5.4349341434077125        5.4349341434077125     
   5.3455854889620387        5.3989959238173375        5.3989959238173375     
   5.3101730712864290        5.3632952003774763        5.3632952003774763     
   5.2749951187808692        5.3278304109840082        5.3278304109840082     
   5.2400500856866126        5.2926000034276228        5.2926000034276228     
   5.2053364360925585        5.2576024353507771        5.2576024353507771     
   5.1708526438903277        5.2228361742037865        5.2228361742037865     
   5.1365971927286047        5.1882996972001205        5.1882996972001205     
   0.0000000000000000     
  0.20000000000000001     
  0.40000000000000002     
  0.60000000000000009     
  0.80000000000000004     
   1.0000000000000000     
   1.2000000000000000     
   1.3999999999999999     
   1.5999999999999999     
   1.7999999999999998     
   1.9999999999999998     
   2.1999999999999997     
   2.3999999999999999     
   2.6000000000000001     
   2.8000000000000003     
   3.0000000000000004     
   3.2000000000000006     
   3.4000000000000008     
   3.6000000000000010     
   3.8000000000000012     
   4.0000000000000009     
   4.2000000000000011     
   4.4000000000000012     
   4.6000000000000014     
   4.8000000000000016     
   5.0000000000000018     
   5.2000000000000020     
   5.4000000000000021     
   5.6000000000000023     
   5.8000000000000025     
   6.0000000000000027     
   6.2000000000000028     
   6.4000000000000030     
   6.6000000000000032     
   6.8000000000000034     
   7.0000000000000036     
   7.2000000000000037     
   7.4000000000000039     
   7.6000000000000041     
   7.8000000000000043     
   8.0000000000000036     
   8.2000000000000028     
   8.4000000000000021     
   8.6000000000000014     
   8.8000000000000007     
   9.0000000000000000     
   9.1999999999999993     
   9.3999999999999986     
   9.5999999999999979     
   9.7999999999999972     
   9.9999999999999964     
   10.199999999999996     
   10.399999999999995     
   10.599999999999994     
   10.799999999999994     
   10.999999999999993     
   11.199999999999992     
   11.399999999999991     
   11.599999999999991     
   11.799999999999990     
   11.999999999999989     
   12.199999999999989     
   12.399999999999988     
   12.599999999999987     
   12.799999999999986     
   12.999999999999986     
   13.199999999999985     
   13.399999999999984     
   13.599999999999984     
   13.799999999999983     
   13.999999999999982     
   14.199999999999982     
   14.399999999999981     
   14.599999999999980     
   14.799999999999979     
   14.999999999999979     
   15.199999999999978     
   15.399999999999977     
   15.599999999999977     
   15.799999999999976     
   15.999999999999975     
   16.199999999999974     
   16.399999999999974     
   16.599999999999973     
   16.799999999999972     
   16.999999999999972     
   17.199999999999971     
   17.399999999999970     
   17.599999999999969     
   17.799999999999969     
   17.999999999999968     
   18.199999999999967     
   18.399999999999967     
   18.599999999999966     
   18.799999999999965     
   18.999999999999964     
   19.199999999999964     
   19.399999999999963     
   19.599999999999962     
   19.799999999999962     
   19.999999999999961     
   20.199999999999960     
   20.399999999999959     
   20.599999999999959     
   20.799999999999958     
   20.999999999999957     
   21.199999999999957     
   21.399999999999956     
   21.599999999999955     
   21.799999999999955     
   21.999999999999954     
   22.199999999999953     
   22.399999999999952     
   22.599999999999952     
   22.799999999999951     
   22.999999999999950     
   23.199999999999950     
   23.399999999999949     
   23.599999999999948     
   23.799999999999947     
   23.999999999999947     
   24.199999999999946     
   24.399999999999945     
   24.599999999999945     
   24.799999999999944     
   24.999999999999943     
   25.199999999999942     
   25.399999999999942     
   25.599999999999941     
   25.799999999999940     
   25.999999999999940     
   26.199999999999939     
   26.399999999999938     
   26.599999999999937     
   26.799999999999937     
   26.999999999999936     
   27.199999999999935     
   27.399999999999935     
   27.599999999999934     
   27.799999999999933     
   27.999999999999932     
   28.199999999999932     
   28.399999999999931     
   28.599999999999930     
   28.799999999999930     
   28.999999999999929     
   29.199999999999928     
   29.399999999999928     
   29.599999999999927     
   29.799999999999926     
   29.999999999999925     
   30.199999999999925     
   30.399999999999924     
   30.599999999999923     
   30.799999999999923     
   30.999999999999922     
   31.199999999999921     
   31.399999999999920     
   31.599999999999920     
   31.799999999999919     
   31.999999999999918     
   32.199999999999918     
   32.399999999999920     
   32.599999999999923     
   32.799999999999926     
   32.999999999999929     
   33.199999999999932     
   33.399999999999935     
   33.599999999999937     
   33.799999999999940     
   33.999999999999943     
   34.199999999999946     
   34.399999999999949     
   34.599999999999952     
   34.799999999999955     
   34.999999999999957     
   35.199999999999960     
   35.399999999999963     
   35.599999999999966     
   35.799999999999969     
   35.999999999999972     
   36.199999999999974     
   36.399999999999977     
   36.599999999999980     
   36.799999999999983     
   36.999999999999986     
   37.199999999999989     
   37.399999999999991     
   37.599999999999994     
   37.799999999999997     
   38.000000000000000     
   38.200000000000003     
   38.400000000000006     
   38.600000000000009     
   38.800000000000011     
   39.000000000000014     
   39.200000000000017     
   39.400000000000020     
   39.600000000000023     
   39.800000000000026     
   40.000000000000028     
   40.200000000000031     
   40.400000000000034     
   40.600000000000037     
   40.800000000000040     
   41.000000000000043     
   41.200000000000045     
   41.400000000000048     
   41.600000000000051     
   41.800000000000054     
   42.000000000000057     
   42.200000000000060     
   42.400000000000063     
   42.600000000000065     
   42.800000000000068     
   43.000000000000071     
   43.200000000000074     
   43.400000000000077     
   43.600000000000080     
   43.800000000000082     
   44.000000000000085     
   44.200000000000088     
   44.400000000000091     
   44.600000000000094     
   44.800000000000097     
   45.000000000000099     
   45.200000000000102     
   45.400000000000105     
   45.600000000000108     
   45.800000000000111     
   46.000000000000114     
   46.200000000000117     
   46.400000000000119     
   46.600000000000122     
   46.800000000000125     
   47.000000000000128     
   47.200000000000131     
   47.400000000000134     
   47.600000000000136     
   47.800000000000139     
   48.000000000000142     
   48.200000000000145     
   48.400000000000148     
   48.600000000000151     
   48.800000000000153     
   49.000000000000156     
   49.200000000000159     
   49.400000000000162     
   49.600000000000165     
   49.800000000000168     
   50.000000000000171     
   50.200000000000173     
   50.400000000000176     
   50.600000000000179     
   50.800000000000182     
   51.000000000000185     
   51.200000000000188     
   51.400000000000190     
   51.600000000000193     
   51.800000000000196     
   52.000000000000199     
   52.200000000000202     
   52.400000000000205     
   52.600000000000207     
   52.800000000000210     
   53.000000000000213     
   53.200000000000216     
   53.400000000000219     
   53.600000000000222     
   53.800000000000225     
   54.000000000000227     
   54.200000000000230     
   54.400000000000233     
   54.600000000000236     
   54.800000000000239     
   55.000000000000242     
   55.200000000000244     
   55.400000000000247     
   55.600000000000250     
   55.800000000000253     
   56.000000000000256     
   56.200000000000259     
   56.400000000000261     
   56.600000000000264     
   56.800000000000267     
   57.000000000000270     
   57.200000000000273     
   57.400000000000276     
   57.600000000000279     
   57.800000000000281     
   58.000000000000284     
   58.200000000000287     
   58.400000000000290     
   58.600000000000293     
   58.800000000000296     
   59.000000000000298     
   59.200000000000301     
   59.400000000000304     
   59.600000000000307     
   59.800000000000310     
   60.000000000000313     
   60.200000000000315     
   60.400000000000318     
   60.600000000000321     
   60.800000000000324     
   61.000000000000327     
   61.200000000000330     
   61.400000000000333     
   61.600000000000335     
   61.800000000000338     
   62.000000000000341     
   62.200000000000344     
   62.400000000000347     
   62.600000000000350     
   62.800000000000352     
   63.000000000000355     
   63.200000000000358     
   63.400000000000361     
   63.600000000000364     
   63.800000000000367     
   64.000000000000369     
   64.200000000000372     
   64.400000000000375     
   64.600000000000378     
   64.800000000000381     
   65.000000000000384     
   65.200000000000387     
   65.400000000000389     
   65.600000000000392     
   65.800000000000395     
   66.000000000000398     
   66.200000000000401     
   66.400000000000404     
   66.600000000000406     
   66.800000000000409     
   67.000000000000412     
   67.200000000000415     
   67.400000000000418     
   67.600000000000421     
   67.800000000000423     
   68.000000000000426     
   68.200000000000429     
   68.400000000000432     
   68.600000000000435     
   68.800000000000438     
   69.000000000000441     
   69.200000000000443     
   69.400000000000446     
   69.600000000000449     
   69.800000000000452     
   70.000000000000455     
   70.200000000000458     
   70.400000000000460     
   70.600000000000463     
   70.800000000000466     
   71.000000000000469     
   71.200000000000472     
   71.400000000000475     
   71.600000000000477     
   71.800000000000480     
   72.000000000000483     
   72.200000000000486     
   72.400000000000489     
   72.600000000000492     
   72.800000000000495     
   73.000000000000497     
   73.200000000000500     
   73.400000000000503     
   73.600000000000506     
   73.800000000000509     
   74.000000000000512     
   74.200000000000514     
   74.400000000000517     
   74.600000000000520     
   74.800000000000523     
   75.000000000000526     
   75.200000000000529     
   75.400000000000531     
   75.600000000000534     
   75.800000000000537     
   76.000000000000540     
   76.200000000000543     
   76.400000000000546     
   76.600000000000549     
   76.800000000000551     
   77.000000000000554     
   77.200000000000557     
   77.400000000000560     
   77.600000000000563     
   77.800000000000566     
   78.000000000000568     
   78.200000000000571     
   78.400000000000574     
   78.600000000000577     
   78.800000000000580     
   79.000000000000583     
   79.200000000000585     
   79.400000000000588     
   79.600000000000591     
   79.800000000000594     
   80.000000000000597     
   80.200000000000600     
   80.400000000000603     
   80.600000000000605     
   80.800000000000608     
   81.000000000000611     
   81.200000000000614     
   81.400000000000617     
   81.600000000000620     
   81.800000000000622     
   82.000000000000625     
   82.200000000000628     
   82.400000000000631     
   82.600000000000634     
   82.800000000000637     
   83.000000000000639     
   83.200000000000642     
   83.400000000000645     
   83.600000000000648     
   83.800000000000651     
   84.000000000000654     
   84.200000000000657     
   84.400000000000659     
   84.600000000000662     
   84.800000000000665     
   85.000000000000668     
   85.200000000000671     
   85.400000000000674     
   85.600000000000676     
   85.800000000000679     
   86.000000000000682     
   86.200000000000685     
   86.400000000000688     
   86.600000000000691     
   86.800000000000693     
   87.000000000000696     
   87.200000000000699     
   87.400000000000702     
   87.600000000000705     
   87.800000000000708     
   88.000000000000711     
   88.200000000000713     
   88.400000000000716     
   88.600000000000719     
   88.800000000000722     
   89.000000000000725     
   89.200000000000728     
   89.400000000000730     
   89.600000000000733     
   89.800000000000736     
   90.000000000000739     
   90.200000000000742     
   90.400000000000745     
   90.600000000000747     
   90.800000000000750     
   91.000000000000753     
   91.200000000000756     
   91.400000000000759     
   91.600000000000762     
   91.800000000000765     
   92.000000000000767     
   92.200000000000770     
   92.400000000000773     
   92.600000000000776     
   92.800000000000779     
   93.000000000000782     
   93.200000000000784     
   93.400000000000787     
   93.600000000000790     
   93.800000000000793     
   94.000000000000796     
   94.200000000000799     
   94.400000000000801     
   94.600000000000804     
   94.800000000000807     
   95.000000000000810     
   95.200000000000813     
   95.400000000000816     
   95.600000000000819     
   95.800000000000821     
   96.000000000000824     
   96.200000000000827     
   96.400000000000830     
   96.600000000000833     
   96.800000000000836     
   97.000000000000838     
   97.200000000000841     
   97.400000000000844     
   97.600000000000847     
   97.800000000000850     
   98.000000000000853     
   98.200000000000855     
   98.400000000000858     
   98.600000000000861     
   98.800000000000864     
   99.000000000000867     
   99.200000000000870     
   99.400000000000873     
   99.600000000000875     
   99.800000000000878     
   100.00000000000088     
   100.20000000000088     
   100.40000000000089     
   100.60000000000089     
   100.80000000000089     
   101.00000000000090     
   101.20000000000090     
   101.40000000000090     
   101.60000000000090     
   101.80000000000091     
   102.00000000000091     
   102.20000000000091     
   102.40000000000092     
   102.60000000000092     
   102.80000000000092     
   103.00000000000092     
   103.20000000000093     
   103.40000000000093     
   103.60000000000093     
   103.80000000000094     
   104.00000000000094     
   104.20000000000094     
   104.40000000000094     
   104.60000000000095     
   104.80000000000095     
   105.00000000000095     
   105.20000000000095     
   105.40000000000096     
   105.60000000000096     
   105.80000000000096     
   106.00000000000097     
   106.20000000000097     
   106.40000000000097     
   106.60000000000097     
   106.80000000000098     
   107.00000000000098     
   107.20000000000098     
   107.40000000000099     
   107.60000000000099     
   107.80000000000099     
   108.00000000000099     
   108.20000000000100     
   108.40000000000100     
   108.60000000000100     
   108.80000000000101     
   109.00000000000101     
   109.20000000000101     
   109.40000000000101     
   109.60000000000102     
   109.80000000000102     
   110.00000000000102     
   110.20000000000103     
   110.40000000000103     
   110.60000000000103     
   110.80000000000103     
   111.00000000000104     
   111.20000000000104     
   111.40000000000104     
   111.60000000000105     
   111.80000000000105     
   112.00000000000105     
   112.20000000000105     
   112.40000000000106     
   112.60000000000106     
   112.80000000000106     
   113.00000000000107     
   113.20000000000107     
   113.40000000000107     
   113.60000000000107     
   113.80000000000108     
   114.00000000000108     
   114.20000000000108     
   114.40000000000109     
   114.60000000000109     
   114.80000000000109     
   115.00000000000109     
   115.20000000000110     
   115.40000000000110     
   115.60000000000110     
   115.80000000000111     
   116.00000000000111     
   116.20000000000111     
   116.40000000000111     
   116.60000000000112     
   116.80000000000112     
   117.00000000000112     
   117.20000000000113     
   117.40000000000113     
   117.60000000000113     
   117.80000000000113     
   118.00000000000114     
   118.20000000000114     
   118.40000000000114     
   118.60000000000115     
   118.80000000000115     
   119.00000000000115     
   119.20000000000115     
   119.40000000000116     
   119.60000000000116     
   119.80000000000116     
   120.00000000000117     
   120.20000000000117     
   120.40000000000117     
   120.60000000000117     
   120.80000000000118     
   121.00000000000118     
   121.20000000000118     
   121.40000000000119     
   121.60000000000119     
   121.80000000000119     
   122.00000000000119     
   122.20000000000120     
   122.40000000000120     
   122.60000000000120     
   122.80000000000121     
   123.00000000000121     
   123.20000000000121     
   123.40000000000121     
   123.60000000000122     
   123.80000000000122     
   124.00000000000122     
   124.20000000000122     
   124.40000000000123     
   124.60000000000123     
   124.80000000000123     
   125.00000000000124     
   125.20000000000124     
   125.40000000000124     
   125.60000000000124     
   125.80000000000125     
   126.00000000000125     
   126.20000000000125     
   126.40000000000126     
   126.60000000000126     
   126.80000000000126     
   127.00000000000126     
   127.20000000000127     
   127.40000000000127     
   127.60000000000127     
   127.80000000000128     
   128.00000000000128     
   128.20000000000127     
   128.40000000000126     
   128.60000000000124     
   128.80000000000123     
   129.00000000000122     
   129.20000000000121     
   129.40000000000120     
   129.60000000000119     
   129.80000000000118     
   130.00000000000117     
   130.20000000000115     
   130.40000000000114     
   130.60000000000113     
   130.80000000000112     
   131.00000000000111     
   131.20000000000110     
   131.40000000000109     
   131.60000000000107     
   131.80000000000106     
   132.00000000000105     
   132.20000000000104     
   132.40000000000103     
   132.60000000000102     
   132.80000000000101     
   133.00000000000099     
   133.20000000000098     
   133.40000000000097     
   133.60000000000096     
   133.80000000000095     
   134.00000000000094     
   134.20000000000093     
   134.40000000000092     
   134.60000000000090     
   134.80000000000089     
   135.00000000000088     
   135.20000000000087     
   135.40000000000086     
   135.60000000000085     
   135.80000000000084     
   136.00000000000082     
   136.20000000000081     
   136.40000000000080     
   136.60000000000079     
   136.80000000000078     
   137.00000000000077     
   137.20000000000076     
   137.40000000000074     
   137.60000000000073     
   137.80000000000072     
   138.00000000000071     
   138.20000000000070     
   138.40000000000069     
   138.60000000000068     
   138.80000000000067     
   139.00000000000065     
   139.20000000000064     
   139.40000000000063     
   139.60000000000062     
   139.80000000000061     
   140.00000000000060     
   140.20000000000059     
   140.40000000000057     
   140.60000000000056     
   140.80000000000055     
   141.00000000000054     
   141.20000000000053     
   141.40000000000052     
   141.60000000000051     
   141.80000000000049     
   142.00000000000048     
   142.20000000000047     
   142.40000000000046     
   142.60000000000045     
   142.80000000000044     
   143.00000000000043     
   143.20000000000041     
   143.40000000000040     
   143.60000000000039     
   143.80000000000038     
   144.00000000000037     
   144.20000000000036     
   144.40000000000035     
   144.60000000000034     
   144.80000000000032     
   145.00000000000031     
   145.20000000000030     
   145.40000000000029     
   145.60000000000028     
   145.80000000000027     
   146.00000000000026     
   146.20000000000024     
   146.40000000000023     
   146.60000000000022     
   146.80000000000021     
   147.00000000000020     
   147.20000000000019     
   147.40000000000018     
   147.60000000000016     
   147.80000000000015     
   148.00000000000014     
   148.20000000000013     
   148.40000000000012     
   148.60000000000011     
   148.80000000000010     
   149.00000000000009     
   149.20000000000007     
   149.40000000000006     
   149.60000000000005     
   149.80000000000004     
   150.00000000000003     
   150.20000000000002     
   150.40000000000001     
   150.59999999999999     
   150.79999999999998     
   150.99999999999997     
   151.19999999999996     
   151.39999999999995     
   151.59999999999994     
   151.79999999999993     
   151.99999999999991     
   152.19999999999990     
   152.39999999999989     
   152.59999999999988     
   152.79999999999987     
   152.99999999999986     
   153.19999999999985     
   153.39999999999984     
   153.59999999999982     
   153.79999999999981     
   153.99999999999980     
   154.19999999999979     
   154.39999999999978     
   154.59999999999977     
   154.79999999999976     
   154.99999999999974     
   155.19999999999973     
   155.39999999999972     
   155.59999999999971     
   155.79999999999970     
   155.99999999999969     
   156.19999999999968     
   156.39999999999966     
   156.59999999999965     
   156.79999999999964     
   156.99999999999963     
   157.19999999999962     
   157.39999999999961     
   157.59999999999960     
   157.79999999999959     
   157.99999999999957     
   158.19999999999956     
   158.39999999999955     
   158.59999999999954     
   158.79999999999953     
   158.99999999999952     
   159.19999999999951     
   159.39999999999949     
   159.59999999999948     
   159.79999999999947     
   159.99999999999946     
   160.19999999999945     
   160.39999999999944     
   160.59999999999943     
   160.79999999999941     
   160.99999999999940     
   161.19999999999939     
   161.39999999999938     
   161.59999999999937     
   161.79999999999936     
   161.99999999999935     
   162.19999999999933     
   162.39999999999932     
   162.59999999999931     
   162.79999999999930     
   162.99999999999929     
   163.19999999999928     
   163.39999999999927     
   163.59999999999926     
   163.79999999999924     
   163.99999999999923     
   164.19999999999922     
   164.39999999999921     
   164.59999999999920     
   164.79999999999919     
   164.99999999999918     
   165.19999999999916     
   165.39999999999915     
   165.59999999999914     
   165.79999999999913     
   165.99999999999912     
   166.19999999999911     
   166.39999999999910     
   166.59999999999908     
   166.79999999999907     
   166.99999999999906     
   167.19999999999905     
   167.39999999999904     
   167.59999999999903     
   167.79999999999902     
   11.187763934195035        11.282497495965300        11.282497495965300     
   12.944606168688468        13.050078062221106        13.050078062221106     
   14.803947616869342        14.908933912643688        14.908933912643688     
   17.585552860304922        17.700070981516824        17.700070981516824     
   17.289506404171512        17.408898373881843        17.408898373881843     
   16.267445484342332        16.386805821320149        16.386805821320149     
   11.311524577900443        11.408033682746630        11.408033682746630     
  0.26541110327734801        3.3235928999618899E-002   49.628983487446646       0.26436801133990306     
  0.26400000000000012        3.3175000000000010E-002   49.349999999999966       0.26000000000000001     
  0.26400000000000012        3.3175000000000010E-002   49.349999999999966       0.26000000000000001     
