  icycle     fobj1          gamma          res     grid points (start and end)
    1      -7.572678       4.545455      0.20000     20011    1
    2      -6.981450       3.787879      0.20000         7    1
    3      -5.897733       2.705628      0.20000         7    1
    4      -4.147335       1.503126      0.20000         7    1
    5      -2.799270       1.503126      0.20000         7    1
    6      -2.799270       1.503126      0.10000         9    1
    7      -2.055281       1.503126      0.05000         9    1
    8      -2.055281       1.503126      0.05000         9    1
    9      -2.055281       1.503126      0.02500         9    1
   10      -1.925876       1.431549      0.01250         9    1
   11      -1.657765       1.431549      0.01250         9    1
   12      -1.657765       1.363380      0.01250         9    1
   13      -1.644386       1.363380      0.01250         9    1
   14      -1.616312       1.363380      0.00625         9    1
   15      -1.596198       1.363380      0.00625         9    1
   16      -1.561420       1.346548      0.00625         9    1
   17      -1.546085       1.346548      0.00625         9    1
   18      -1.546085       1.346548      0.00625         9    1
   19      -1.539912       1.346548      0.00313         9    1
   20      -1.537641       1.346548      0.00313         9    1
   21      -1.523725       1.346548      0.00313         9    1
   22      -1.520577       1.346548      0.00313         9    1
   23      -1.511518       1.346548      0.00313         9    1
   24      -1.504518       1.346548      0.00313         9    1
   25      -1.494696       1.346548      0.00313         9    1
   26      -1.488421       1.333216      0.00313         9    1
   27      -1.487796       1.333216      0.00313         9    1
   28      -1.471348       1.333216      0.00313         9    1
   29      -1.467563       1.333216      0.00313         9    1
   30      -1.467563       1.333216      0.00313         9    1
   31      -1.466245       1.333216      0.00156         9    1
   32      -1.458590       1.333216      0.00156         9    1
   33      -1.457217       1.333216      0.00156         9    1
   34      -1.450706       1.333216      0.00156         9    1
   35      -1.449200       1.333216      0.00156         9    1
   36      -1.446373       1.333216      0.00156         9    1
   37      -1.441331       1.333216      0.00156         9    1
   38      -1.438503       1.333216      0.00156         9    1
   39      -1.434526       1.333216      0.00156         9    1
   40      -1.431726       1.333216      0.00156         9    1
   41      -1.428337       1.333216      0.00156         9    1
   42      -1.424416       1.333216      0.00156         9    1
   43      -1.422071       1.320016      0.00156         9    1
   44      -1.420556       1.320016      0.00156         9    1
   45      -1.414181       1.320016      0.00156         9    1
   46      -1.412345       1.320016      0.00156         9    1
   47      -1.409517       1.320016      0.00156         9    1
   48      -1.404501       1.320016      0.00156         9    1
   49      -1.401777       1.320016      0.00156         9    1
   50      -1.397730       1.320016      0.00156         9    1
   51      -1.395139       1.320016      0.00156         9    1
   52      -1.391378       1.320016      0.00156         9    1
   53      -1.388603       1.320016      0.00156         9    1
   54      -1.384772       1.320016      0.00156         9    1
   55      -1.381549       1.320016      0.00156         9    1
   56      -1.379488       1.320016      0.00156         9    1
   57      -1.377233       1.320016      0.00156         9    1
   58      -1.374950       1.320016      0.00156         9    1
   59      -1.369637       1.320016      0.00156         9    1
   60      -1.367565       1.320016      0.00156         9    1
   61      -1.363108       1.320016      0.00156         9    1
   62      -1.360291       1.320016      0.00156         9    1
   63      -1.357096       1.320016      0.00156         9    1
   64      -1.353778       1.320016      0.00156         9    1
   65      -1.350850       1.306946      0.00156         9    1
   66      -1.347024       1.306946      0.00156         9    1
   67      -1.344752       1.306946      0.00156         9    1
   68      -1.340694       1.306946      0.00156         9    1
   69      -1.337406       1.306946      0.00156         9    1
   70      -1.335627       1.306946      0.00156         9    1
   71      -1.334707       1.306946      0.00156         9    1
   72      -1.328290       1.306946      0.00156         9    1
   73      -1.326949       1.306946      0.00156         9    1
   74      -1.325381       1.306946      0.00156         9    1
   75      -1.322103       1.306946      0.00156         9    1
   76      -1.318046       1.306946      0.00156         9    1
   77      -1.315151       1.306946      0.00156         9    1
   78      -1.311783       1.306946      0.00156         9    1
   79      -1.309198       1.306946      0.00156         9    1
   80      -1.305397       1.306946      0.00156         9    1
   81      -1.302942       1.306946      0.00156         9    1
   82      -1.300783       1.306946      0.00156         9    1
   83      -1.296122       1.306946      0.00156         9    1
   84      -1.294065       1.306946      0.00156         9    1
   85      -1.292787       1.306946      0.00156         9    1
   86      -1.287312       1.306946      0.00156         9    1
   87      -1.285638       1.306946      0.00156         9    1
   88      -1.285196       1.306946      0.00156         9    1
   89      -1.278954       1.294006      0.00156         9    1
   90      -1.277518       1.294006      0.00156         9    1
   91      -1.276749       1.294006      0.00156         9    1
   92      -1.273746       1.294006      0.00156         9    1
   93      -1.269877       1.294006      0.00156         9    1
   94      -1.267444       1.294006      0.00156         9    1
   95      -1.264097       1.294006      0.00156         9    1
   96      -1.261452       1.294006      0.00156         9    1
   97      -1.258338       1.294006      0.00156         9    1
   98      -1.255733       1.294006      0.00156         9    1
   99      -1.253252       1.294006      0.00156         9    1
  100      -1.249686       1.294006      0.00156         9    1
