  SUBJECT NO.     1

 COL. 1. = PREDICTION TIMES
 COL. 2. = PRED. VALUES FOR OUTPUT EQ. 1, BASED ON POSTERIOR MEANS
 COL. 3. = PRED. VALUES FOR OUTPUT EQ. 1, BASED ON POSTERIOR MEDIANS
 COL. 4. = PRED. VALUES FOR OUTPUT EQ. 1, BASED ON POSTERIOR MODES
 EACH ADDITIONAL OUTPUT EQ. HAS 3 COLUMNS OF PREDICTED VALUES
 BASED, IN ORDER, ON THE POSTERIOR MEANS, MEDIANS, AND MODES: 
-------------------------------------------------------------
      0.0000            0.0000            0.0000            0.0000    
     0.20000            0.0000            0.0000            0.0000    
     0.40000            0.0000            0.0000            0.0000    
     0.60000            0.0000            0.0000            0.0000    
     0.80000            0.0000            0.0000            0.0000    
      1.0000           0.50405           0.50612           0.50612    
      1.2000            1.0251            1.0290            1.0290    
      1.4000            1.5072            1.5128            1.5128    
      1.6000            1.9527            1.9598            1.9598    
      1.8000            2.3640            2.3724            2.3724    
      2.0000            2.7430            2.7527            2.7527    
      2.2000            3.0919            3.1026            3.1026    
      2.4000            3.4124            3.4241            3.4241    
      2.6000            3.7064            3.7189            3.7189    
      2.8000            3.9754            3.9887            3.9887    
      3.0000            4.2211            4.2351            4.2351    
      3.2000            4.4449            4.4595            4.4595    
      3.4000            4.6482            4.6633            4.6633    
      3.6000            4.8323            4.8479            4.8479    
      3.8000            4.9985            5.0144            5.0144    
      4.0000            5.1478            5.1641            5.1641    
      4.2000            5.2814            5.2980            5.2980    
      4.4000            5.4002            5.4171            5.4171    
      4.6000            5.5054            5.5224            5.5224    
      4.8000            5.5976            5.6149            5.6149    
      5.0000            5.6779            5.6953            5.6953    
      5.2000            5.7469            5.7644            5.7644    
      5.4000            5.8055            5.8231            5.8231    
      5.6000            5.8544            5.8720            5.8720    
      5.8000            5.8942            5.9119            5.9119    
      6.0000            5.9255            5.9432            5.9432    
      6.2000            5.9489            5.9667            5.9667    
      6.4000            5.9650            5.9828            5.9828    
      6.6000            5.9743            5.9921            5.9921    
      6.8000            5.9773            5.9950            5.9950    
      7.0000            5.9745            5.9922            5.9922    
      7.2000            5.9662            5.9838            5.9838    
      7.4000            5.9529            5.9705            5.9705    
      7.6000            5.9349            5.9524            5.9524    
      7.8000            5.9127            5.9301            5.9301    
      8.0000            5.8864            5.9039            5.9039    
      8.2000            5.8566            5.8739            5.8739    
      8.4000            5.8234            5.8406            5.8406    
      8.6000            5.7871            5.8043            5.8043    
      8.8000            5.7480            5.7651            5.7651    
      9.0000            5.7063            5.7234            5.7234    
      9.2000            5.6623            5.6793            5.6793    
      9.4000            5.6161            5.6330            5.6330    
      9.6000            5.5681            5.5848            5.5848    
      9.8000            5.5182            5.5349            5.5349    
      10.000            5.4668            5.4834            5.4834    
      10.200            5.4140            5.4305            5.4305    
      10.400            5.3599            5.3763            5.3763    
      10.600            5.3046            5.3210            5.3210    
      10.800            5.2485            5.2647            5.2647    
      11.000            5.1914            5.2076            5.2076    
      11.200            5.1336            5.1497            5.1497    
      11.400            5.0752            5.0912            5.0912    
      11.600            5.0162            5.0322            5.0322    
      11.800            4.9568            4.9727            4.9727    
      12.000            4.8971            4.9129            4.9129    
      12.200            4.8371            4.8528            4.8528    
      12.400            4.7769            4.7925            4.7925    
      12.600            4.7165            4.7321            4.7321    
      12.800            4.6561            4.6716            4.6716    
      13.000            4.5958            4.6112            4.6112    
      13.200            4.5355            4.5508            4.5508    
      13.400            4.4753            4.4905            4.4905    
      13.600            4.4152            4.4304            4.4304    
      13.800            4.3554            4.3705            4.3705    
      14.000            4.2958            4.3108            4.3108    
      14.200            4.2365            4.2515            4.2515    
      14.400            4.1775            4.1924            4.1924    
      14.600            4.1189            4.1337            4.1337    
      14.800            4.0607            4.0754            4.0754    
      15.000            4.0029            4.0175            4.0175    
      15.200            3.9455            3.9601            3.9601    
      15.400            3.8885            3.9031            3.9031    
      15.600            3.8321            3.8466            3.8466    
      15.800            3.7761            3.7905            3.7905    
      16.000            3.7207            3.7350            3.7350    
      16.200            3.6658            3.6800            3.6800    
      16.400            3.6114            3.6256            3.6256    
      16.600            3.5576            3.5717            3.5717    
      16.800            3.5043            3.5184            3.5184    
      17.000            3.4517            3.4656            3.4656    
      17.200            3.3996            3.4134            3.4134    
      17.400            3.3481            3.3619            3.3619    
      17.600            3.2971            3.3109            3.3109    
      17.800            3.2468            3.2605            3.2605    
      18.000            3.1971            3.2107            3.2107    
      18.200            3.1480            3.1615            3.1615    
      18.400            3.0995            3.1129            3.1129    
      18.600            3.0516            3.0649            3.0649    
      18.800            3.0043            3.0176            3.0176    
      19.000            2.9576            2.9708            2.9708    
      19.200            2.9116            2.9247            2.9247    
      19.400            2.8661            2.8792            2.8792    
      19.600            2.8212            2.8342            2.8342    
      19.800            2.7770            2.7899            2.7899    
      20.000            2.7334            2.7462            2.7462    
      20.200            2.6903            2.7031            2.7031    
      20.400            2.6479            2.6606            2.6606    
      20.600            2.6060            2.6186            2.6186    
      20.800            2.5648            2.5773            2.5773    
      21.000            2.5241            2.5365            2.5365    
      21.200            2.4840            2.4964            2.4964    
      21.400            2.4445            2.4568            2.4568    
      21.600            2.4055            2.4178            2.4178    
      21.800            2.3672            2.3793            2.3793    
      22.000            2.3293            2.3414            2.3414    
      22.200            2.2921            2.3041            2.3041    
      22.400            2.2554            2.2673            2.2673    
      22.600            2.2192            2.2311            2.2311    
      22.800            2.1836            2.1954            2.1954    
      23.000            2.1485            2.1602            2.1602    
      23.200            2.1140            2.1256            2.1256    
      23.400            2.0799            2.0914            2.0914    
      23.600            2.0464            2.0578            2.0578    
      23.800            2.0134            2.0248            2.0248    
      24.000            1.9809            1.9922            1.9922    
      24.200            1.9489            1.9601            1.9601    
      24.400            1.9174            1.9285            1.9285    
      24.600            1.8864            1.8974            1.8974    
      24.800            1.8558            1.8668            1.8668    
      25.000            2.3298            2.3427            2.3427    
      25.200            2.8212            2.8359            2.8359    
      25.400            3.2742            3.2905            3.2905    
      25.600            3.6910            3.7088            3.7088    
      25.800            4.0741            4.0931            4.0931    
      26.000            4.4253            4.4454            4.4454    
      26.200            4.7468            4.7680            4.7680    
      26.400            5.0404            5.0624            5.0624    
      26.600            5.3079            5.3307            5.3307    
      26.800            5.5509            5.5743            5.5743    
      27.000            5.7709            5.7949            5.7949    
      27.200            5.9694            5.9940            5.9940    
      27.400            6.1479            6.1729            6.1729    
      27.600            6.3075            6.3329            6.3329    
      27.800            6.4496            6.4753            6.4753    
      28.000            6.5752            6.6012            6.6012    
      28.200            6.6855            6.7117            6.7117    
      28.400            6.7815            6.8078            6.8078    
      28.600            6.8640            6.8905            6.8905    
      28.800            6.9341            6.9606            6.9606    
      29.000            6.9925            7.0191            7.0191    
      29.200            7.0400            7.0667            7.0667    
      29.400            7.0775            7.1042            7.1042    
      29.600            7.1055            7.1322            7.1322    
      29.800            7.1248            7.1515            7.1515    
      30.000            7.1360            7.1626            7.1626    
      30.200            7.1396            7.1661            7.1661    
      30.400            7.1362            7.1627            7.1627    
      30.600            7.1263            7.1527            7.1527    
      30.800            7.1105            7.1367            7.1367    
      31.000            7.0890            7.1152            7.1152    
      31.200            7.0625            7.0885            7.0885    
      31.400            7.0312            7.0571            7.0571    
      31.600            6.9956            7.0213            7.0213    
      31.800            6.9559            6.9816            6.9816    
      32.000            6.9126            6.9381            6.9381    
      32.200            6.8659            6.8913            6.8913    
      32.400            6.8162            6.8414            6.8414    
      32.600            6.7636            6.7886            6.7886    
      32.800            6.7085            6.7334            6.7334    
      33.000            6.6510            6.6758            6.6758    
      33.200            6.5915            6.6161            6.6161    
      33.400            6.5301            6.5545            6.5545    
      33.600            6.4670            6.4913            6.4913    
      33.800            6.4024            6.4265            6.4265    
      34.000            6.3365            6.3604            6.3604    
      34.200            6.2693            6.2932            6.2932    
      34.400            6.2012            6.2249            6.2249    
      34.600            6.1322            6.1557            6.1557    
      34.800            6.0624            6.0857            6.0857    
      35.000            5.9920            6.0152            6.0152    
      35.200            5.9210            5.9441            5.9441    
      35.400            5.8497            5.8726            5.8726    
      35.600            5.7780            5.8007            5.8007    
      35.800            5.7061            5.7287            5.7287    
      36.000            5.6340            5.6565            5.6565    
      36.200            5.5619            5.5842            5.5842    
      36.400            5.4898            5.5119            5.5119    
      36.600            5.4177            5.4397            5.4397    
      36.800            5.3458            5.3677            5.3677    
      37.000            5.2741            5.2958            5.2958    
      37.200            5.2026            5.2242            5.2242    
      37.400            5.1315            5.1529            5.1529    
      37.600            5.0606            5.0820            5.0820    
      37.800            4.9902            5.0114            5.0114    
      38.000            4.9202            4.9412            4.9412    
      38.200            4.8506            4.8715            4.8715    
      38.400            4.7816            4.8023            4.8023    
      38.600            4.7130            4.7336            4.7336    
      38.800            4.6450            4.6655            4.6655    
      39.000            4.5776            4.5979            4.5979    
      39.200            4.5107            4.5310            4.5310    
      39.400            4.4445            4.4646            4.4646    
      39.600            4.3789            4.3989            4.3989    
      39.800            4.3140            4.3338            4.3338    
      40.000            4.2497            4.2694            4.2694    
      40.200            4.1861            4.2056            4.2056    
      40.400            4.1231            4.1426            4.1426    
      40.600            4.0609            4.0802            4.0802    
      40.800            3.9994            4.0186            4.0186    
      41.000            3.9386            3.9576            3.9576    
      41.200            3.8784            3.8974            3.8974    
      41.400            3.8191            3.8379            3.8379    
      41.600            3.7604            3.7791            3.7791    
      41.800            3.7025            3.7210            3.7210    
      42.000            3.6452            3.6637            3.6637    
      42.200            3.5888            3.6070            3.6070    
      42.400            3.5330            3.5512            3.5512    
      42.600            3.4780            3.4960            3.4960    
      42.800            3.4237            3.4416            3.4416    
      43.000            3.3701            3.3879            3.3879    
      43.200            3.3172            3.3349            3.3349    
      43.400            3.2651            3.2826            3.2826    
      43.600            3.2137            3.2311            3.2311    
      43.800            3.1630            3.1803            3.1803    
      44.000            3.1130            3.1302            3.1302    
      44.200            3.0637            3.0807            3.0807    
      44.400            3.0151            3.0320            3.0320    
      44.600            2.9672            2.9840            2.9840    
      44.800            2.9200            2.9367            2.9367    
      45.000            2.8735            2.8900            2.8900    
      45.200            2.8277            2.8441            2.8441    
      45.400            2.7825            2.7988            2.7988    
      45.600            2.7380            2.7542            2.7542    
      45.800            2.6941            2.7102            2.7102    
      46.000            2.6510            2.6669            2.6669    
      46.200            2.6084            2.6242            2.6242    
      46.400            2.5665            2.5822            2.5822    
      46.600            2.5252            2.5408            2.5408    
      46.800            2.4846            2.5000            2.5000    
      47.000            2.4445            2.4598            2.4598    
      47.200            2.4051            2.4203            2.4203    
      47.400            2.3663            2.3813            2.3813    
      47.600            2.3280            2.3430            2.3430    
      47.800            2.2904            2.3052            2.3052    
      48.000            2.2533            2.2680            2.2680    
      48.200            2.2169            2.2314            2.2314    
      48.400            2.1809            2.1954            2.1954    
      48.600            2.1456            2.1599            2.1599    
      48.800            2.1108            2.1250            2.1250    
      49.000            2.5806            2.5967            2.5967    
      49.200            3.0679            3.0857            3.0857    
      49.400            3.5168            3.5362            3.5362    
      49.600            3.9296            3.9504            3.9504    
      49.800            4.3087            4.3308            4.3308    
      50.000            4.6561            4.6793            4.6793    
      50.200            4.9738            4.9979            4.9979    
      50.400            5.2637            5.2887            5.2887    
      50.600            5.5275            5.5532            5.5532    
      50.800            5.7668            5.7932            5.7932    
      51.000            5.9833            6.0102            6.0102    
      51.200            6.1784            6.2057            6.2057    
      51.400            6.3534            6.3812            6.3812    
      51.600            6.5097            6.5378            6.5378    
      51.800            6.6484            6.6768            6.6768    
      52.000            6.7708            6.7994            6.7994    
      52.200            6.8778            6.9066            6.9066    
      52.400            6.9706            6.9995            6.9995    
      52.600            7.0500            7.0791            7.0791    
      52.800            7.1170            7.1461            7.1461    
      53.000            7.1724            7.2016            7.2016    
      53.200            7.2170            7.2462            7.2462    
      53.400            7.2515            7.2807            7.2807    
      53.600            7.2767            7.3058            7.3058    
      53.800            7.2932            7.3222            7.3222    
      54.000            7.3016            7.3306            7.3306    
      54.200            7.3025            7.3314            7.3314    
      54.400            7.2964            7.3252            7.3252    
      54.600            7.2839            7.3126            7.3126    
      54.800            7.2655            7.2940            7.2940    
      55.000            7.2415            7.2699            7.2699    
      55.200            7.2124            7.2406            7.2406    
      55.400            7.1787            7.2067            7.2067    
      55.600            7.1406            7.1685            7.1685    
      55.800            7.0986            7.1263            7.1263    
      56.000            7.0529            7.0805            7.0805    
      56.200            7.0039            7.0313            7.0313    
      56.400            6.9519            6.9791            6.9791    
      56.600            6.8971            6.9241            6.9241    
      56.800            6.8398            6.8666            6.8666    
      57.000            6.7802            6.8069            6.8069    
      57.200            6.7185            6.7450            6.7450    
      57.400            6.6550            6.6814            6.6814    
      57.600            6.5899            6.6160            6.6160    
      57.800            6.5232            6.5492            6.5492    
      58.000            6.4553            6.4811            6.4811    
      58.200            6.3862            6.4119            6.4119    
      58.400            6.3162            6.3416            6.3416    
      58.600            6.2453            6.2705            6.2705    
      58.800            6.1736            6.1987            6.1987    
      59.000            6.1014            6.1263            6.1263    
      59.200            6.0286            6.0534            6.0534    
      59.400            5.9555            5.9801            5.9801    
      59.600            5.8821            5.9065            5.9065    
      59.800            5.8084            5.8327            5.8327    
      60.000            5.7347            5.7588            5.7588    
      60.200            5.6609            5.6848            5.6848    
      60.400            5.5872            5.6109            5.6109    
      60.600            5.5135            5.5371            5.5371    
      60.800            5.4400            5.4634            5.4634    
      61.000            5.3668            5.3900            5.3900    
      61.200            5.2938            5.3169            5.3169    
      61.400            5.2211            5.2440            5.2440    
      61.600            5.1488            5.1716            5.1716    
      61.800            5.0769            5.0995            5.0995    
      62.000            5.0055            5.0279            5.0279    
      62.200            4.9345            4.9568            4.9568    
      62.400            4.8641            4.8862            4.8862    
      62.600            4.7941            4.8161            4.8161    
      62.800            4.7248            4.7466            4.7466    
      63.000            4.6561            4.6778            4.6778    
      63.200            4.5879            4.6095            4.6095    
      63.400            4.5204            4.5418            4.5418    
      63.600            4.4536            4.4748            4.4748    
      63.800            4.3874            4.4085            4.4085    
      64.000            4.3219            4.3429            4.3429    
      64.200            4.2571            4.2779            4.2779    
      64.400            4.1930            4.2137            4.2137    
      64.600            4.1296            4.1502            4.1502    
      64.800            4.0670            4.0873            4.0873    
      65.000            4.0050            4.0253            4.0253    
      65.200            3.9438            3.9639            3.9639    
      65.400            3.8834            3.9033            3.9033    
      65.600            3.8237            3.8434            3.8434    
      65.800            3.7647            3.7843            3.7843    
      66.000            3.7064            3.7259            3.7259    
      66.200            3.6489            3.6683            3.6683    
      66.400            3.5922            3.6114            3.6114    
      66.600            3.5362            3.5553            3.5553    
      66.800            3.4809            3.4999            3.4999    
      67.000            3.4264            3.4452            3.4452    
      67.200            3.3726            3.3913            3.3913    
      67.400            3.3196            3.3381            3.3381    
      67.600            3.2673            3.2857            3.2857    
      67.800            3.2157            3.2339            3.2339    
      68.000            3.1648            3.1830            3.1830    
      68.200            3.1147            3.1327            3.1327    
      68.400            3.0653            3.0831            3.0831    
      68.600            3.0166            3.0343            3.0343    
      68.800            2.9685            2.9861            2.9861    
      69.000            2.9212            2.9386            2.9386    
      69.200            2.8746            2.8919            2.8919    
      69.400            2.8287            2.8458            2.8458    
      69.600            2.7834            2.8004            2.8004    
      69.800            2.7388            2.7557            2.7557    
      70.000            2.6949            2.7116            2.7116    
      70.200            2.6516            2.6682            2.6682    
      70.400            2.6090            2.6255            2.6255    
      70.600            2.5670            2.5833            2.5833    
      70.800            2.5257            2.5419            2.5419    
      71.000            2.4849            2.5010            2.5010    
      71.200            2.4449            2.4608            2.4608    
      71.400            2.4054            2.4212            2.4212    
      71.600            2.3665            2.3822            2.3822    
      71.800            2.3282            2.3438            2.3438    
      72.000            2.2905            2.3060            2.3060    
      72.200            2.2535            2.2687            2.2687    
      72.400            2.2169            2.2321            2.2321    
      72.600            2.1810            2.1960            2.1960    
      72.800            2.1456            2.1605            2.1605    
      73.000            2.6148            2.6316            2.6316    
      73.200            3.1015            3.1201            3.1201    
      73.400            3.5499            3.5700            3.5700    
      73.600            3.9622            3.9837            3.9837    
      73.800            4.3408            4.3635            4.3635    
      74.000            4.6876            4.7114            4.7114    
      74.200            5.0048            5.0296            5.0296    
      74.400            5.2942            5.3198            5.3198    
      74.600            5.5575            5.5838            5.5838    
      74.800            5.7963            5.8233            5.8233    
      75.000            6.0123            6.0398            6.0398    
      75.200            6.2069            6.2349            6.2349    
      75.400            6.3814            6.4098            6.4098    
      75.600            6.5372            6.5659            6.5659    
      75.800            6.6755            6.7045            6.7045    
      76.000            6.7975            6.8266            6.8266    
      76.200            6.9041            6.9334            6.9334    
      76.400            6.9964            7.0259            7.0259    
      76.600            7.0754            7.1050            7.1050    
      76.800            7.1420            7.1716            7.1716    
      77.000            7.1970            7.2267            7.2267    
      77.200            7.2412            7.2709            7.2709    
      77.400            7.2753            7.3050            7.3050    
      77.600            7.3001            7.3297            7.3297    
      77.800            7.3162            7.3457            7.3457    
      78.000            7.3242            7.3537            7.3537    
      78.200            7.3247            7.3541            7.3541    
      78.400            7.3183            7.3475            7.3475    
      78.600            7.3054            7.3345            7.3345    
      78.800            7.2866            7.3156            7.3156    
      79.000            7.2623            7.2911            7.2911    
      79.200            7.2329            7.2616            7.2616    
      79.400            7.1988            7.2273            7.2273    
      79.600            7.1604            7.1888            7.1888    
      79.800            7.1180            7.1462            7.1462    
      80.000            7.0721            7.1001            7.1001    
      80.200            7.0228            7.0506            7.0506    
      80.400            6.9704            6.9981            6.9981    
      80.600            6.9153            6.9428            6.9428    
      80.800            6.8577            6.8850            6.8850    
      81.000            6.7978            6.8249            6.8249    
      81.200            6.7358            6.7628            6.7628    
      81.400            6.6721            6.6988            6.6988    
      81.600            6.6066            6.6332            6.6332    
      81.800            6.5397            6.5661            6.5661    
      82.000            6.4715            6.4977            6.4977    
      82.200            6.4022            6.4282            6.4282    
      82.400            6.3319            6.3577            6.3577    
      82.600            6.2607            6.2863            6.2863    
      82.800            6.1888            6.2142            6.2142    
      83.000            6.1163            6.1416            6.1416    
      83.200            6.0433            6.0684            6.0684    
      83.400            5.9699            5.9948            5.9948    
      83.600            5.8963            5.9210            5.9210    
      83.800            5.8224            5.8470            5.8470    
      84.000            5.7484            5.7728            5.7728    
      84.200            5.6744            5.6986            5.6986    
      84.400            5.6005            5.6245            5.6245    
      84.600            5.5266            5.5505            5.5505    
      84.800            5.4529            5.4766            5.4766    
      85.000            5.3794            5.4030            5.4030    
      85.200            5.3062            5.3296            5.3296    
      85.400            5.2333            5.2566            5.2566    
      85.600            5.1608            5.1839            5.1839    
      85.800            5.0887            5.1116            5.1116    
      86.000            5.0171            5.0398            5.0398    
      86.200            4.9460            4.9685            4.9685    
      86.400            4.8753            4.8977            4.8977    
      86.600            4.8052            4.8275            4.8275    
      86.800            4.7357            4.7578            4.7578    
      87.000            4.6668            4.6887            4.6887    
      87.200            4.5985            4.6203            4.6203    
      87.400            4.5308            4.5524            4.5524    
      87.600            4.4638            4.4853            4.4853    
      87.800            4.3975            4.4188            4.4188    
      88.000            4.3318            4.3530            4.3530    
      88.200            4.2668            4.2879            4.2879    
      88.400            4.2026            4.2235            4.2235    
      88.600            4.1390            4.1598            4.1598    
      88.800            4.0762            4.0968            4.0968    
      89.000            4.0141            4.0346            4.0346    
      89.200            3.9528            3.9731            3.9731    
      89.400            3.8922            3.9123            3.9123    
      89.600            3.8323            3.8523            3.8523    
      89.800            3.7732            3.7930            3.7930    
      90.000            3.7148            3.7345            3.7345    
      90.200            3.6572            3.6767            3.6767    
      90.400            3.6003            3.6197            3.6197    
      90.600            3.5441            3.5634            3.5634    
      90.800            3.4888            3.5079            3.5079    
      91.000            3.4341            3.4531            3.4531    
      91.200            3.3802            3.3991            3.3991    
      91.400            3.3270            3.3457            3.3457    
      91.600            3.2746            3.2932            3.2932    
      91.800            3.2229            3.2413            3.2413    
      92.000            3.1719            3.1902            3.1902    
      92.200            3.1217            3.1398            3.1398    
      92.400            3.0721            3.0901            3.0901    
      92.600            3.0233            3.0412            3.0412    
      92.800            2.9752            2.9929            2.9929    
      93.000            2.9277            2.9453            2.9453    
      93.200            2.8810            2.8985            2.8985    
      93.400            2.8350            2.8523            2.8523    
      93.600            2.7896            2.8068            2.8068    
      93.800            2.7449            2.7619            2.7619    
      94.000            2.7009            2.7178            2.7178    
      94.200            2.6575            2.6743            2.6743    
      94.400            2.6148            2.6314            2.6314    
      94.600            2.5727            2.5892            2.5892    
      94.800            2.5313            2.5476            2.5476    
      95.000            2.4905            2.5067            2.5067    
      95.200            2.4503            2.4664            2.4664    
      95.400            2.4107            2.4267            2.4267    
      95.600            2.3718            2.3876            2.3876    
      95.800            2.3334            2.3491            2.3491    
      96.000            2.2956            2.3112            2.3112    
      96.200            2.2584            2.2739            2.2739    
      96.400            2.2218            2.2371            2.2371    
      96.600            2.1858            2.2010            2.2010    
      96.800            2.1503            2.1654            2.1654    
      97.000            2.6195            2.6364            2.6364    
      97.200            3.1061            3.1248            3.1248    
      97.400            3.5544            3.5746            3.5746    
      97.600            3.9667            3.9882            3.9882    
      97.800            4.3451            4.3679            4.3679    
      98.000            4.6919            4.7158            4.7158    
      98.200            5.0091            5.0339            5.0339    
      98.400            5.2984            5.3240            5.3240    
      98.600            5.5616            5.5880            5.5880    
      98.800            5.8004            5.8274            5.8274    
      99.000            6.0163            6.0439            6.0439    
      99.200            6.2108            6.2389            6.2389    
      99.400            6.3853            6.4137            6.4137    
      99.600            6.5410            6.5698            6.5698    
      99.800            6.6792            6.7083            6.7083    
      100.00            6.8011            6.8304            6.8304    
      100.20            6.9077            6.9371            6.9371    
      100.40            6.9999            7.0295            7.0295    
      100.60            7.0789            7.1086            7.1086    
      100.80            7.1454            7.1752            7.1752    
      101.00            7.2003            7.2301            7.2301    
      101.20            7.2445            7.2742            7.2742    
      101.40            7.2786            7.3083            7.3083    
      101.60            7.3033            7.3330            7.3330    
      101.80            7.3193            7.3490            7.3490    
      102.00            7.3273            7.3568            7.3568    
      102.20            7.3278            7.3572            7.3572    
      102.40            7.3213            7.3506            7.3506    
      102.60            7.3084            7.3376            7.3376    
      102.80            7.2895            7.3186            7.3186    
      103.00            7.2651            7.2940            7.2940    
      103.20            7.2357            7.2644            7.2644    
      103.40            7.2016            7.2301            7.2301    
      103.60            7.1631            7.1915            7.1915    
      103.80            7.1207            7.1490            7.1490    
      104.00            7.0747            7.1028            7.1028    
      104.20            7.0253            7.0532            7.0532    
      104.40            6.9729            7.0007            7.0007    
      104.60            6.9178            6.9453            6.9453    
      104.80            6.8601            6.8875            6.8875    
      105.00            6.8002            6.8274            6.8274    
      105.20            6.7382            6.7652            6.7652    
      105.40            6.6744            6.7012            6.7012    
      105.60            6.6089            6.6355            6.6355    
      105.80            6.5420            6.5684            6.5684    
      106.00            6.4737            6.5000            6.5000    
      106.20            6.4044            6.4304            6.4304    
      106.40            6.3340            6.3599            6.3599    
      106.60            6.2628            6.2885            6.2885    
      106.80            6.1909            6.2164            6.2164    
      107.00            6.1183            6.1437            6.1437    
      107.20            6.0453            6.0705            6.0705    
      107.40            5.9719            5.9969            5.9969    
      107.60            5.8982            5.9230            5.9230    
      107.80            5.8243            5.8489            5.8489    
      108.00            5.7503            5.7748            5.7748    
      108.20            5.6763            5.7005            5.7005    
      108.40            5.6023            5.6264            5.6264    
      108.60            5.5284            5.5523            5.5523    
      108.80            5.4546            5.4784            5.4784    
      109.00            5.3811            5.4047            5.4047    
      109.20            5.3079            5.3313            5.3313    
      109.40            5.2350            5.2583            5.2583    
      109.60            5.1625            5.1856            5.1856    
      109.80            5.0904            5.1133            5.1133    
      110.00            5.0187            5.0415            5.0415    
      110.20            4.9475            4.9701            4.9701    
      110.40            4.8769            4.8993            4.8993    
      110.60            4.8067            4.8290            4.8290    
      110.80            4.7372            4.7593            4.7593    
      111.00            4.6682            4.6902            4.6902    
      111.20            4.5999            4.6218            4.6218    
      111.40            4.5322            4.5539            4.5539    
      111.60            4.4652            4.4867            4.4867    
      111.80            4.3988            4.4202            4.4202    
      112.00            4.3331            4.3544            4.3544    
      112.20            4.2682            4.2892            4.2892    
      112.40            4.2039            4.2248            4.2248    
      112.60            4.1403            4.1611            4.1611    
      112.80            4.0775            4.0981            4.0981    
      113.00            4.0154            4.0358            4.0358    
      113.20            3.9540            3.9743            3.9743    
      113.40            3.8934            3.9135            3.9135    
      113.60            3.8335            3.8535            3.8535    
      113.80            3.7743            3.7942            3.7942    
      114.00            3.7159            3.7357            3.7357    
      114.20            3.6583            3.6779            3.6779    
      114.40            3.6014            3.6208            3.6208    
      114.60            3.5452            3.5645            3.5645    
      114.80            3.4898            3.5090            3.5090    
      115.00            3.4352            3.4542            3.4542    
      115.20            3.3812            3.4001            3.4001    
      115.40            3.3281            3.3468            3.3468    
      115.60            3.2756            3.2942            3.2942    
      115.80            3.2239            3.2423            3.2423    
      116.00            3.1729            3.1912            3.1912    
      116.20            3.1226            3.1408            3.1408    
      116.40            3.0731            3.0911            3.0911    
      116.60            3.0242            3.0421            3.0421    
      116.80            2.9761            2.9938            2.9938    
      117.00            2.9286            2.9463            2.9463    
      117.20            2.8819            2.8994            2.8994    
      117.40            2.8358            2.8532            2.8532    
      117.60            2.7904            2.8076            2.8076    
      117.80            2.7457            2.7628            2.7628    
      118.00            2.7017            2.7186            2.7186    
      118.20            2.6583            2.6751            2.6751    
      118.40            2.6156            2.6322            2.6322    
      118.60            2.5735            2.5900            2.5900    
      118.80            2.5320            2.5484            2.5484    
      119.00            2.4912            2.5075            2.5075    
      119.20            2.4510            2.4671            2.4671    
      119.40            2.4114            2.4274            2.4274    
      119.60            2.3725            2.3883            2.3883    
      119.80            2.3341            2.3498            2.3498    
      120.00            2.2963            2.3119            2.3119    
      120.20            2.2591            2.2746            2.2746    
      120.40            2.2225            2.2378            2.2378    
      120.60            2.1865            2.2016            2.2016    
      120.80            2.1510            2.1660            2.1660    
      121.00            2.6201            2.6371            2.6371    
      121.20            3.1068            3.1255            3.1255    
      121.40            3.5550            3.5753            3.5753    
      121.60            3.9673            3.9889            3.9889    
      121.80            4.3457            4.3686            4.3686    
      122.00            4.6925            4.7164            4.7164    
      122.20            5.0096            5.0345            5.0345    
      122.40            5.2989            5.3246            5.3246    
      122.60            5.5621            5.5886            5.5886    
      122.80            5.8009            5.8280            5.8280    
      123.00            6.0168            6.0444            6.0444    
      123.20            6.2113            6.2394            6.2394    
      123.40            6.3858            6.4143            6.4143    
      123.60            6.5415            6.5703            6.5703    
      123.80            6.6797            6.7088            6.7088    
      124.00            6.8016            6.8309            6.8309    
      124.20            6.9081            6.9376            6.9376    
      124.40            7.0004            7.0300            7.0300    
      124.60            7.0794            7.1091            7.1091    
      124.80            7.1459            7.1756            7.1756    
      125.00            7.2008            7.2306            7.2306    
      125.20            7.2449            7.2747            7.2747    
      125.40            7.2790            7.3088            7.3088    
      125.60            7.3037            7.3334            7.3334    
      125.80            7.3198            7.3494            7.3494    
      126.00            7.3277            7.3573            7.3573    
      126.20            7.3282            7.3576            7.3576    
      126.40            7.3217            7.3510            7.3510    
      126.60            7.3088            7.3380            7.3380    
      126.80            7.2899            7.3190            7.3190    
      127.00            7.2655            7.2944            7.2944    
      127.20            7.2361            7.2648            7.2648    
      127.40            7.2019            7.2305            7.2305    
      127.60            7.1635            7.1919            7.1919    
      127.80            7.1211            7.1493            7.1493    
      128.00            7.0750            7.1031            7.1031    
      128.20            7.0257            7.0536            7.0536    
      128.40            6.9733            7.0010            7.0010    
      128.60            6.9181            6.9457            6.9457    
      128.80            6.8605            6.8878            6.8878    
      129.00            6.8005            6.8277            6.8277    
      129.20            6.7385            6.7655            6.7655    
      129.40            6.6747            6.7015            6.7015    
      129.60            6.6092            6.6359            6.6359    
      129.80            6.5423            6.5687            6.5687    
      130.00            6.4740            6.5003            6.5003    
      130.20            6.4047            6.4307            6.4307    
      130.40            6.3343            6.3602            6.3602    
      130.60            6.2631            6.2888            6.2888    
      130.80            6.1911            6.2167            6.2167    
      131.00            6.1186            6.1439            6.1439    
      131.20            6.0456            6.0707            6.0707    
      131.40            5.9722            5.9971            5.9971    
      131.60            5.8985            5.9233            5.9233    
      131.80            5.8246            5.8492            5.8492    
      132.00            5.7506            5.7750            5.7750    
      132.20            5.6765            5.7008            5.7008    
      132.40            5.6025            5.6266            5.6266    
      132.60            5.5286            5.5526            5.5526    
      132.80            5.4549            5.4787            5.4787    
      133.00            5.3814            5.4050            5.4050    
      133.20            5.3081            5.3316            5.3316    
      133.40            5.2352            5.2585            5.2585    
      133.60            5.1627            5.1858            5.1858    
      133.80            5.0906            5.1135            5.1135    
      134.00            5.0189            5.0417            5.0417    
      134.20            4.9477            4.9704            4.9704    
      134.40            4.8771            4.8995            4.8995    
      134.60            4.8069            4.8293            4.8293    
      134.80            4.7374            4.7596            4.7596    
      135.00            4.6684            4.6904            4.6904    
      135.20            4.6001            4.6220            4.6220    
      135.40            4.5324            4.5541            4.5541    
      135.60            4.4654            4.4869            4.4869    
      135.80            4.3990            4.4204            4.4204    
      136.00            4.3333            4.3546            4.3546    
      136.20            4.2683            4.2894            4.2894    
      136.40            4.2041            4.2250            4.2250    
      136.60            4.1405            4.1613            4.1613    
      136.80            4.0776            4.0983            4.0983    
      137.00            4.0155            4.0360            4.0360    
      137.20            3.9542            3.9745            3.9745    
      137.40            3.8935            3.9137            3.9137    
      137.60            3.8336            3.8537            3.8537    
      137.80            3.7745            3.7944            3.7944    
      138.00            3.7161            3.7358            3.7358    
      138.20            3.6584            3.6780            3.6780    
      138.40            3.6015            3.6210            3.6210    
      138.60            3.5454            3.5647            3.5647    
      138.80            3.4900            3.5091            3.5091    
      139.00            3.4353            3.4543            3.4543    
      139.20            3.3814            3.4003            3.4003    
      139.40            3.3282            3.3469            3.3469    
      139.60            3.2757            3.2943            3.2943    
      139.80            3.2240            3.2425            3.2425    
      140.00            3.1730            3.1913            3.1913    
      140.20            3.1227            3.1409            3.1409    
      140.40            3.0732            3.0912            3.0912    
      140.60            3.0243            3.0422            3.0422    
      140.80            2.9762            2.9940            2.9940    
      141.00            2.9288            2.9464            2.9464    
      141.20            2.8820            2.8995            2.8995    
      141.40            2.8359            2.8533            2.8533    
      141.60            2.7906            2.8078            2.8078    
      141.80            2.7458            2.7629            2.7629    
      142.00            2.7018            2.7187            2.7187    
      142.20            2.6584            2.6752            2.6752    
      142.40            2.6157            2.6323            2.6323    
      142.60            2.5736            2.5901            2.5901    
      142.80            2.5321            2.5485            2.5485    
      143.00            2.4913            2.5076            2.5076    
      143.20            2.4511            2.4672            2.4672    
      143.40            2.4115            2.4275            2.4275    
      143.60            2.3726            2.3884            2.3884    
      143.80            2.3342            2.3499            2.3499    
      144.00            2.2964            2.3120            2.3120    
      144.20            2.2592            2.2747            2.2747    
      144.40            2.2226            2.2379            2.2379    
      144.60            2.1866            2.2017            2.2017    
      144.80            2.1511            2.1661            2.1661    
      145.00            2.1161            2.1311            2.1311    
      145.20            2.0818            2.0966            2.0966    
      145.40            2.0479            2.0626            2.0626    
      145.60            2.0146            2.0291            2.0291    
      145.80            1.9818            1.9962            1.9962    
      146.00            1.9496            1.9638            1.9638    
      146.20            1.9178            1.9320            1.9320    
      146.40            1.8866            1.9006            1.9006    
      146.60            1.8558            1.8697            1.8697    
      146.80            1.8256            1.8393            1.8393    
      147.00            1.7958            1.8094            1.8094    
      147.20            1.7665            1.7800            1.7800    
      147.40            1.7376            1.7510            1.7510    
      147.60            1.7093            1.7225            1.7225    
      147.80            1.6813            1.6945            1.6945    
      148.00            1.6539            1.6669            1.6669    
      148.20            1.6268            1.6397            1.6397    
      148.40            1.6002            1.6130            1.6130    
      148.60            1.5741            1.5867            1.5867    
      148.80            1.5483            1.5608            1.5608    
      149.00            1.5230            1.5354            1.5354    
      149.20            1.4981            1.5103            1.5103    
      149.40            1.4735            1.4857            1.4857    
      149.60            1.4494            1.4615            1.4615    
      149.80            1.4257            1.4376            1.4376    
      150.00            1.4023            1.4141            1.4141    
      150.20            1.3793            1.3910            1.3910    
      150.40            1.3567            1.3683            1.3683    
      150.60            1.3345            1.3460            1.3460    
      150.80            1.3126            1.3240            1.3240    
      151.00            1.2911            1.3023            1.3023    
      151.20            1.2699            1.2811            1.2811    
      151.40            1.2491            1.2601            1.2601    
      151.60            1.2286            1.2395            1.2395    
      151.80            1.2085            1.2193            1.2193    
      152.00            1.1886            1.1993            1.1993    
      152.20            1.1691            1.1797            1.1797    
      152.40            1.1499            1.1604            1.1604    
      152.60            1.1311            1.1414            1.1414    
      152.80            1.1125            1.1228            1.1228    
      153.00            1.0942            1.1044            1.1044    
      153.20            1.0763            1.0863            1.0863    
      153.40            1.0586            1.0685            1.0685    
      153.60            1.0412            1.0511            1.0511    
      153.80            1.0241            1.0339            1.0339    
      154.00            1.0073            1.0169            1.0169    
      154.20           0.99076            1.0003            1.0003    
      154.40           0.97448           0.98392           0.98392    
      154.60           0.95848           0.96781           0.96781    
      154.80           0.94273           0.95196           0.95196    
      155.00           0.92724           0.93638           0.93638    
      155.20           0.91200           0.92104           0.92104    
      155.40           0.89702           0.90596           0.90596    
      155.60           0.88228           0.89112           0.89112    
      155.80           0.86778           0.87653           0.87653    
      156.00           0.85352           0.86217           0.86217    
      156.20           0.83949           0.84805           0.84805    
      156.40           0.82569           0.83416           0.83416    
      156.60           0.81212           0.82049           0.82049    
      156.80           0.79877           0.80705           0.80705    
      157.00           0.78564           0.79383           0.79383    
      157.20           0.77272           0.78083           0.78083    
      157.40           0.76002           0.76803           0.76803    
      157.60           0.74752           0.75545           0.75545    
      157.80           0.73523           0.74307           0.74307    
      158.00           0.72314           0.73090           0.73090    
      158.20           0.71125           0.71892           0.71892    
      158.40           0.69956           0.70714           0.70714    
      158.60           0.68805           0.69555           0.69555    
      158.80           0.67674           0.68415           0.68415    
      159.00           0.66561           0.67294           0.67294    
      159.20           0.65466           0.66191           0.66191    
      159.40           0.64390           0.65106           0.65106    
      159.60           0.63331           0.64039           0.64039    
      159.80           0.62289           0.62990           0.62990    
      160.00           0.61265           0.61957           0.61957    
      160.20           0.60257           0.60942           0.60942    
      160.40           0.59266           0.59943           0.59943    
      160.60           0.58291           0.58960           0.58960    
      160.80           0.57332           0.57994           0.57994    
      161.00           0.56389           0.57043           0.57043    
      161.20           0.55462           0.56108           0.56108    
      161.40           0.54550           0.55188           0.55188    
      161.60           0.53652           0.54284           0.54284    
      161.80           0.52770           0.53394           0.53394    
      162.00           0.51902           0.52518           0.52518    
      162.20           0.51048           0.51657           0.51657    
      162.40           0.50208           0.50811           0.50811    
      162.60           0.49382           0.49978           0.49978    
      162.80           0.48570           0.49158           0.49158    
      163.00           0.47771           0.48352           0.48352    
      163.20           0.46985           0.47560           0.47560    
      163.40           0.46212           0.46780           0.46780    
      163.60           0.45452           0.46013           0.46013    
      163.80           0.44704           0.45258           0.45258    
      164.00           0.43968           0.44516           0.44516    
      164.20           0.43245           0.43787           0.43787    
      164.40           0.42533           0.43069           0.43069    
      164.60           0.41834           0.42363           0.42363    
      164.80           0.41145           0.41668           0.41668    
      165.00           0.40468           0.40985           0.40985    
      165.20           0.39803           0.40313           0.40313    
      165.40           0.39148           0.39652           0.39652    
      165.60           0.38504           0.39002           0.39002    
      165.80           0.37870           0.38362           0.38362    
      166.00           0.37247           0.37733           0.37733    
      166.20           0.36634           0.37114           0.37114    
      166.40           0.36031           0.36506           0.36506    
      166.60           0.35439           0.35907           0.35907    
      166.80           0.34855           0.35319           0.35319    
      167.00           0.34282           0.34739           0.34739    
      167.20           0.33718           0.34170           0.34170    
      167.40           0.33163           0.33609           0.33609    
      167.60           0.32617           0.33058           0.33058    
      167.80           0.32081           0.32516           0.32516    
      168.00           0.31553           0.31983           0.31983    


  SUBJECT NO.     1 ...  OUTPUT EQUATION NO.  1

     TIMES                   OBSERVED VALUES          PREDICTED VALUES, BASED ON POSTERIOR MEANS; THEN MEDIANS; THEN MODES
--------------------------------------------------------------------------------------------------------------------------
      120.00            2.0900            2.2963            2.3119            2.3119    
      121.03            2.6800            2.6956            2.7129            2.7129    
      122.00            4.7100            4.6925            4.7164            4.7164    
      125.98            7.7100            7.3273            7.3568            7.3568    
      129.00            6.3100            6.8005            6.8277            6.8277    
      132.00            5.8200            5.7506            5.7750            5.7750    
      144.13            2.6300            2.2722            2.2877            2.2877    


