  icycle     fobj1          gamma          res     grid points (start and end)
    1      -8.812520       4.545455      0.20000     20011    1
    2      -8.368671       3.787879      0.20000         8    1
    3      -7.658595       2.705628      0.20000         8    1
    4      -7.082108       2.705628      0.20000         8    1
    5      -7.069751       2.705628      0.10000         9    1
    6      -7.069751       2.705628      0.10000         8    1
    7      -7.060591       2.705628      0.05000         8    1
    8      -7.060591       2.705628      0.05000         9    1
    9      -7.060591       2.773268      0.02500         9    1
   10      -7.059478       2.773268      0.02500         9    1
   11      -7.059055       2.773268      0.01250         9    1
   12      -7.059055       2.739030      0.01250         9    1
   13      -7.058530       2.739030      0.01250         9    1
   14      -7.056984       2.739030      0.00625         9    1
   15      -7.050858       2.739030      0.00625         9    1
   16      -7.048172       2.739030      0.00625         9    1
   17      -7.047601       2.739030      0.00625         9    1
   18      -7.047462       2.739030      0.00625         9    1
   19      -7.047462       2.739030      0.00625         9    1
   20      -7.043275       2.739030      0.00313         9    1
   21      -7.043173       2.739030      0.00313         9    1
   22      -7.043173       2.739030      0.00313         9    1
   23      -7.043059       2.739030      0.00156         9    1
   24      -7.042922       2.739030      0.00156         9    1
   25      -7.042813       2.739030      0.00156         9    1
   26      -7.042730       2.739030      0.00156         9    1
   27      -7.042527       2.739030      0.00078         9    1
   28      -7.042468       2.739030      0.00078         9    1
   29      -7.042299       2.739030      0.00039         9    1
   30      -7.042238       2.739030      0.00039         9    1
   31      -7.042203       2.739030      0.00020         9    1
 res set to .2  checkbig=   1.0000000000000000E+030
   32      -7.042203       2.739030      0.20000         8    1
   33      -7.042203       2.739030      0.10000         8    1
   34      -7.042203       2.739030      0.05000         8    1
   35      -7.042203       2.739030      0.02500         9    1
   36      -7.042187       2.739030      0.01250         9    1
   37      -7.041986       2.739030      0.00625         9    1
   38      -7.041986       2.739030      0.00625         9    1
   39      -7.041986       2.739030      0.00313         9    1
   40      -7.041789       2.739030      0.00156         9    1
   41      -7.041676       2.739030      0.00156         9    1
   42      -7.041588       2.739030      0.00156         9    1
   43      -7.041554       2.739030      0.00078         9    1
   44      -7.041523       2.739030      0.00039         9    1
   45      -7.041507       2.739030      0.00020         9    1
 res set to .2  checkbig=   6.9646722991656418E-004
