  SUBJECT NO.     1

 COL. 1. = PREDICTION TIMES
 COL. 2. = PRED. VALUES FOR OUTPUT EQ. 1, BASED ON POSTERIOR MEANS
 COL. 3. = PRED. VALUES FOR OUTPUT EQ. 1, BASED ON POSTERIOR MEDIANS
 COL. 4. = PRED. VALUES FOR OUTPUT EQ. 1, BASED ON POSTERIOR MODES
 EACH ADDITIONAL OUTPUT EQ. HAS 3 COLUMNS OF PREDICTED VALUES
 BASED, IN ORDER, ON THE POSTERIOR MEANS, MEDIANS, AND MODES: 
-------------------------------------------------------------
      0.0000            0.0000            0.0000            0.0000    
     0.20000            0.0000            0.0000            0.0000    
     0.40000            0.0000            0.0000            0.0000    
     0.60000            0.0000            0.0000            0.0000    
     0.80000            0.0000            0.0000            0.0000    
      1.0000            0.0000            0.0000            0.0000    
      1.2000           0.59211E-01       0.17233           0.17233    
      1.4000            1.6389            1.7264            1.7264    
      1.6000            2.9409            3.0079            3.0079    
      1.8000            4.0103            4.0610            4.0610    
      2.0000            4.8848            4.9224            4.9224    
      2.2000            5.5959            5.6233            5.6233    
      2.4000            6.1703            6.1896            6.1896    
      2.6000            6.6301            6.6432            6.6432    
      2.8000            6.9943            7.0025            7.0025    
      3.0000            7.2784            7.2829            7.2829    
      3.2000            7.4956            7.4974            7.4974    
      3.4000            7.6570            7.6568            7.6568    
      3.6000            7.7719            7.7703            7.7703    
      3.8000            7.8480            7.8455            7.8455    
      4.0000            7.8918            7.8888            7.8888    
      4.2000            7.9090            7.9056            7.9056    
      4.4000            7.9039            7.9006            7.9006    
      4.6000            7.8806            7.8773            7.8773    
      4.8000            7.8421            7.8392            7.8392    
      5.0000            7.7913            7.7888            7.7888    
      5.2000            7.7304            7.7283            7.7283    
      5.4000            7.6613            7.6597            7.6597    
      5.6000            7.5855            7.5845            7.5845    
      5.8000            7.5044            7.5040            7.5040    
      6.0000            7.4192            7.4194            7.4194    
      6.2000            7.3308            7.3315            7.3315    
      6.4000            7.2398            7.2412            7.2412    
      6.6000            7.1471            7.1490            7.1490    
      6.8000            7.0530            7.0556            7.0556    
      7.0000            6.9581            6.9613            6.9613    
      7.2000            6.8628            6.8665            6.8665    
      7.4000            6.7673            6.7716            6.7716    
      7.6000            6.6720            6.6768            6.6768    
      7.8000            6.5769            6.5822            6.5822    
      8.0000            6.4824            6.4882            6.4882    
      8.2000            6.3885            6.3948            6.3948    
      8.4000            6.2954            6.3021            6.3021    
      8.6000            6.2031            6.2103            6.2103    
      8.8000            6.1117            6.1194            6.1194    
      9.0000            6.0213            6.0294            6.0294    
      9.2000            5.9320            5.9405            5.9405    
      9.4000            5.8438            5.8527            5.8527    
      9.6000            5.7566            5.7659            5.7659    
      9.8000            5.6706            5.6802            5.6802    
      10.000            5.5857            5.5957            5.5957    
      10.200            5.5019            5.5123            5.5123    
      10.400            5.4193            5.4300            5.4300    
      10.600            5.3379            5.3489            5.3489    
      10.800            5.2576            5.2689            5.2689    
      11.000            5.1785            5.1900            5.1900    
      11.200            5.1004            5.1123            5.1123    
      11.400            5.0236            5.0357            5.0357    
      11.600            4.9478            4.9602            4.9602    
      11.800            4.8732            4.8858            4.8858    
      12.000            4.7996            4.8125            4.8125    
      12.200            4.7272            4.7403            4.7403    
      12.400            4.6558            4.6691            4.6691    
      12.600            4.5855            4.5990            4.5990    
      12.800            4.5162            4.5299            4.5299    
      13.000            4.4480            4.4619            4.4619    
      13.200            4.3808            4.3949            4.3949    
      13.400            4.3146            4.3288            4.3288    
      13.600            4.2494            4.2638            4.2638    
      13.800            4.1852            4.1997            4.1997    
      14.000            4.1219            4.1366            4.1366    
      14.200            4.0596            4.0744            4.0744    
      14.400            3.9982            4.0132            4.0132    
      14.600            3.9378            3.9529            3.9529    
      14.800            3.8783            3.8934            3.8934    
      15.000            3.8196            3.8349            3.8349    
      15.200            3.7619            3.7773            3.7773    
      15.400            3.7050            3.7205            3.7205    
      15.600            3.6490            3.6645            3.6645    
      15.800            3.5938            3.6095            3.6095    
      16.000            3.5395            3.5552            3.5552    
      16.200            3.4859            3.5017            3.5017    
      16.400            3.4332            3.4491            3.4491    
      16.600            3.3813            3.3972            3.3972    
      16.800            3.3302            3.3462            3.3462    
      17.000            3.2798            3.2959            3.2959    
      17.200            3.2302            3.2463            3.2463    
      17.400            3.1814            3.1975            3.1975    
      17.600            3.1333            3.1494            3.1494    
      17.800            3.0859            3.1021            3.1021    
      18.000            3.0393            3.0554            3.0554    
      18.200            2.9933            3.0095            3.0095    
      18.400            2.9480            2.9643            2.9643    
      18.600            2.9035            2.9197            2.9197    
      18.800            2.8596            2.8758            2.8758    
      19.000            2.8163            2.8326            2.8326    
      19.200            2.7737            2.7900            2.7900    
      19.400            2.7318            2.7480            2.7480    
      19.600            2.6905            2.7067            2.7067    
      19.800            2.6498            2.6660            2.6660    
      20.000            2.6097            2.6259            2.6259    
      20.200            2.5703            2.5865            2.5865    
      20.400            2.5314            2.5476            2.5476    
      20.600            2.4931            2.5093            2.5093    
      20.800            2.4554            2.4715            2.4715    
      21.000            2.4183            2.4344            2.4344    
      21.200            2.3817            2.3978            2.3978    
      21.400            2.3457            2.3617            2.3617    
      21.600            2.3102            2.3262            2.3262    
      21.800            2.2753            2.2912            2.2912    
      22.000            2.2409            2.2568            2.2568    
      22.200            2.2070            2.2229            2.2229    
      22.400            2.1736            2.1894            2.1894    
      22.600            2.1408            2.1565            2.1565    
      22.800            2.1084            2.1241            2.1241    
      23.000            2.0765            2.0922            2.0922    
      23.200            2.0451            2.0607            2.0607    
      23.400            2.0142            2.0297            2.0297    
      23.600            1.9837            1.9992            1.9992    
      23.800            1.9537            1.9692            1.9692    
      24.000            1.9242            1.9396            1.9396    
      24.200            1.8951            1.9104            1.9104    
      24.400            1.8664            1.8817            1.8817    
      24.600            1.8382            1.8534            1.8534    
      24.800            1.8104            1.8255            1.8255    
      25.000            1.7830            1.7981            1.7981    
      25.200            1.8153            1.9434            1.9434    
      25.400            3.3684            3.4708            3.4708    
      25.600            4.6443            4.7261            4.7261    
      25.800            5.6880            5.7533            5.7533    
      26.000            6.5370            6.5893            6.5893    
      26.200            7.2232            7.2651            7.2651    
      26.400            7.7729            7.8067            7.8067    
      26.600            8.2086            8.2360            8.2360    
      26.800            8.5489            8.5714            8.5714    
      27.000            8.8094            8.8282            8.8282    
      27.200            9.0035            9.0195            9.0195    
      27.400            9.1421            9.1560            9.1560    
      27.600            9.2345            9.2469            9.2469    
      27.800            9.2885            9.2999            9.2999    
      28.000            9.3106            9.3214            9.3214    
      28.200            9.3063            9.3167            9.3167    
      28.400            9.2801            9.2904            9.2904    
      28.600            9.2359            9.2463            9.2463    
      28.800            9.1770            9.1875            9.1875    
      29.000            9.1060            9.1168            9.1168    
      29.200            9.0252            9.0364            9.0364    
      29.400            8.9365            8.9481            8.9481    
      29.600            8.8414            8.8535            8.8535    
      29.800            8.7414            8.7540            8.7540    
      30.000            8.6375            8.6506            8.6506    
      30.200            8.5306            8.5442            8.5442    
      30.400            8.4215            8.4356            8.4356    
      30.600            8.3109            8.3255            8.3255    
      30.800            8.1992            8.2144            8.2144    
      31.000            8.0870            8.1026            8.1026    
      31.200            7.9746            7.9907            7.9907    
      31.400            7.8623            7.8789            7.8789    
      31.600            7.7504            7.7674            7.7674    
      31.800            7.6391            7.6565            7.6565    
      32.000            7.5285            7.5463            7.5463    
      32.200            7.4187            7.4370            7.4370    
      32.400            7.3100            7.3287            7.3287    
      32.600            7.2024            7.2214            7.2214    
      32.800            7.0959            7.1153            7.1153    
      33.000            6.9907            7.0104            7.0104    
      33.200            6.8867            6.9067            6.9067    
      33.400            6.7840            6.8043            6.8043    
      33.600            6.6826            6.7032            6.7032    
      33.800            6.5826            6.6035            6.6035    
      34.000            6.4839            6.5051            6.5051    
      34.200            6.3866            6.4080            6.4080    
      34.400            6.2906            6.3123            6.3123    
      34.600            6.1960            6.2179            6.2179    
      34.800            6.1027            6.1248            6.1248    
      35.000            6.0108            6.0331            6.0331    
      35.200            5.9202            5.9427            5.9427    
      35.400            5.8309            5.8536            5.8536    
      35.600            5.7430            5.7658            5.7658    
      35.800            5.6563            5.6793            5.6793    
      36.000            5.5709            5.5940            5.5940    
      36.200            5.4868            5.5101            5.5101    
      36.400            5.4039            5.4273            5.4273    
      36.600            5.3223            5.3458            5.3458    
      36.800            5.2419            5.2655            5.2655    
      37.000            5.1627            5.1864            5.1864    
      37.200            5.0847            5.1085            5.1085    
      37.400            5.0078            5.0317            5.0317    
      37.600            4.9322            4.9561            4.9561    
      37.800            4.8576            4.8816            4.8816    
      38.000            4.7842            4.8083            4.8083    
      38.200            4.7119            4.7360            4.7360    
      38.400            4.6406            4.6648            4.6648    
      38.600            4.5705            4.5947            4.5947    
      38.800            4.5014            4.5256            4.5256    
      39.000            4.4333            4.4576            4.4576    
      39.200            4.3663            4.3906            4.3906    
      39.400            4.3003            4.3246            4.3246    
      39.600            4.2352            4.2596            4.2596    
      39.800            4.1712            4.1955            4.1955    
      40.000            4.1081            4.1325            4.1325    
      40.200            4.0460            4.0703            4.0703    
      40.400            3.9848            4.0091            4.0091    
      40.600            3.9246            3.9489            3.9489    
      40.800            3.8652            3.8895            3.8895    
      41.000            3.8068            3.8310            3.8310    
      41.200            3.7492            3.7734            3.7734    
      41.400            3.6925            3.7167            3.7167    
      41.600            3.6367            3.6608            3.6608    
      41.800            3.5817            3.6058            3.6058    
      42.000            3.5276            3.5516            3.5516    
      42.200            3.4742            3.4982            3.4982    
      42.400            3.4217            3.4456            3.4456    
      42.600            3.3699            3.3938            3.3938    
      42.800            3.3190            3.3427            3.3427    
      43.000            3.2688            3.2925            3.2925    
      43.200            3.2194            3.2430            3.2430    
      43.400            3.1707            3.1942            3.1942    
      43.600            3.1227            3.1462            3.1462    
      43.800            3.0755            3.0989            3.0989    
      44.000            3.0290            3.0523            3.0523    
      44.200            2.9832            3.0064            3.0064    
      44.400            2.9381            2.9612            2.9612    
      44.600            2.8937            2.9167            2.9167    
      44.800            2.8499            2.8728            2.8728    
      45.000            2.8068            2.8296            2.8296    
      45.200            2.7644            2.7871            2.7871    
      45.400            2.7226            2.7452            2.7452    
      45.600            2.6814            2.7039            2.7039    
      45.800            2.6409            2.6633            2.6633    
      46.000            2.6009            2.6232            2.6232    
      46.200            2.5616            2.5838            2.5838    
      46.400            2.5229            2.5449            2.5449    
      46.600            2.4847            2.5067            2.5067    
      46.800            2.4471            2.4690            2.4690    
      47.000            2.4101            2.4319            2.4319    
      47.200            2.3737            2.3953            2.3953    
      47.400            2.3378            2.3593            2.3593    
      47.600            2.3025            2.3238            2.3238    
      47.800            2.2676            2.2889            2.2889    
      48.000            2.2333            2.2545            2.2545    
      48.200            2.1996            2.2206            2.2206    
      48.400            2.1663            2.1872            2.1872    
      48.600            2.1336            2.1543            2.1543    
      48.800            2.1013            2.1219            2.1219    
      49.000            2.0695            2.0900            2.0900    
      49.200            2.0974            2.2309            2.2309    
      49.400            3.6463            3.7540            3.7540    
      49.600            4.9180            5.0051            5.0051    
      49.800            5.9575            6.0281            6.0281    
      50.000            6.8025            6.8600            6.8600    
      50.200            7.4846            7.5317            7.5317    
      50.400            8.0304            8.0693            8.0693    
      50.600            8.4622            8.4947            8.4947    
      50.800            8.7986            8.8261            8.8261    
      51.000            9.0554            9.0792            9.0792    
      51.200            9.2458            9.2666            9.2666    
      51.400            9.3807            9.3994            9.3994    
      51.600            9.4695            9.4867            9.4867    
      51.800            9.5199            9.5361            9.5361    
      52.000            9.5385            9.5540            9.5540    
      52.200            9.5308            9.5458            9.5458    
      52.400            9.5012            9.5160            9.5160    
      52.600            9.4537            9.4685            9.4685    
      52.800            9.3914            9.4065            9.4065    
      53.000            9.3172            9.3325            9.3325    
      53.200            9.2332            9.2488            9.2488    
      53.400            9.1413            9.1573            9.1573    
      53.600            9.0432            9.0596            9.0596    
      53.800            8.9401            8.9569            8.9569    
      54.000            8.8332            8.8505            8.8505    
      54.200            8.7233            8.7411            8.7411    
      54.400            8.6113            8.6296            8.6296    
      54.600            8.4978            8.5165            8.5165    
      54.800            8.3834            8.4025            8.4025    
      55.000            8.2684            8.2880            8.2880    
      55.200            8.1532            8.1733            8.1733    
      55.400            8.0383            8.0587            8.0587    
      55.600            7.9237            7.9445            7.9445    
      55.800            7.8097            7.8309            7.8309    
      56.000            7.6965            7.7181            7.7181    
      56.200            7.5843            7.6062            7.6062    
      56.400            7.4731            7.4954            7.4954    
      56.600            7.3630            7.3856            7.3856    
      56.800            7.2541            7.2770            7.2770    
      57.000            7.1464            7.1697            7.1697    
      57.200            7.0401            7.0636            7.0636    
      57.400            6.9351            6.9588            6.9588    
      57.600            6.8314            6.8554            6.8554    
      57.800            6.7291            6.7534            6.7534    
      58.000            6.6282            6.6527            6.6527    
      58.200            6.5287            6.5534            6.5534    
      58.400            6.4306            6.4555            6.4555    
      58.600            6.3339            6.3590            6.3590    
      58.800            6.2385            6.2638            6.2638    
      59.000            6.1445            6.1700            6.1700    
      59.200            6.0519            6.0775            6.0775    
      59.400            5.9606            5.9864            5.9864    
      59.600            5.8707            5.8966            5.8966    
      59.800            5.7821            5.8081            5.8081    
      60.000            5.6948            5.7209            5.7209    
      60.200            5.6088            5.6351            5.6351    
      60.400            5.5241            5.5504            5.5504    
      60.600            5.4407            5.4671            5.4671    
      60.800            5.3585            5.3850            5.3850    
      61.000            5.2775            5.3041            5.3041    
      61.200            5.1978            5.2244            5.2244    
      61.400            5.1192            5.1459            5.1459    
      61.600            5.0419            5.0685            5.0685    
      61.800            4.9656            4.9924            4.9924    
      62.000            4.8906            4.9173            4.9173    
      62.200            4.8167            4.8434            4.8434    
      62.400            4.7438            4.7706            4.7706    
      62.600            4.6721            4.6989            4.6989    
      62.800            4.6015            4.6283            4.6283    
      63.000            4.5319            4.5587            4.5587    
      63.200            4.4634            4.4902            4.4902    
      63.400            4.3959            4.4227            4.4227    
      63.600            4.3294            4.3562            4.3562    
      63.800            4.2640            4.2907            4.2907    
      64.000            4.1995            4.2262            4.2262    
      64.200            4.1360            4.1626            4.1626    
      64.400            4.0735            4.1001            4.1001    
      64.600            4.0119            4.0384            4.0384    
      64.800            3.9512            3.9777            3.9777    
      65.000            3.8915            3.9179            3.9179    
      65.200            3.8326            3.8590            3.8590    
      65.400            3.7747            3.8010            3.8010    
      65.600            3.7176            3.7438            3.7438    
      65.800            3.6614            3.6876            3.6876    
      66.000            3.6060            3.6321            3.6321    
      66.200            3.5515            3.5775            3.5775    
      66.400            3.4978            3.5237            3.5237    
      66.600            3.4449            3.4707            3.4707    
      66.800            3.3928            3.4186            3.4186    
      67.000            3.3415            3.3672            3.3672    
      67.200            3.2910            3.3165            3.3165    
      67.400            3.2412            3.2667            3.2667    
      67.600            3.1922            3.2176            3.2176    
      67.800            3.1439            3.1692            3.1692    
      68.000            3.0964            3.1215            3.1215    
      68.200            3.0496            3.0746            3.0746    
      68.400            3.0035            3.0284            3.0284    
      68.600            2.9580            2.9828            2.9828    
      68.800            2.9133            2.9380            2.9380    
      69.000            2.8693            2.8938            2.8938    
      69.200            2.8259            2.8503            2.8503    
      69.400            2.7831            2.8075            2.8075    
      69.600            2.7411            2.7653            2.7653    
      69.800            2.6996            2.7237            2.7237    
      70.000            2.6588            2.6827            2.6827    
      70.200            2.6186            2.6424            2.6424    
      70.400            2.5790            2.6027            2.6027    
      70.600            2.5400            2.5635            2.5635    
      70.800            2.5016            2.5250            2.5250    
      71.000            2.4637            2.4870            2.4870    
      71.200            2.4265            2.4496            2.4496    
      71.400            2.3898            2.4128            2.4128    
      71.600            2.3537            2.3765            2.3765    
      71.800            2.3181            2.3408            2.3408    
      72.000            2.2830            2.3056            2.3056    
      72.200            2.2485            2.2709            2.2709    
      72.400            2.2145            2.2368            2.2368    
      72.600            2.1810            2.2032            2.2032    
      72.800            2.1480            2.1700            2.1700    
      73.000            2.1156            2.1374            2.1374    
      73.200            2.1428            2.2776            2.2776    
      73.400            3.6909            3.8000            3.8000    
      73.600            4.9620            5.0504            5.0504    
      73.800            6.0008            6.0727            6.0727    
      74.000            6.8451            6.9039            6.9039    
      74.200            7.5266            7.5750            7.5750    
      74.400            8.0718            8.1119            8.1119    
      74.600            8.5029            8.5367            8.5367    
      74.800            8.8387            8.8675            8.8675    
      75.000            9.0950            9.1199            9.1199    
      75.200            9.2847            9.3068            9.3068    
      75.400            9.4191            9.4390            9.4390    
      75.600            9.5073            9.5256            9.5256    
      75.800            9.5571            9.5744            9.5744    
      76.000            9.5752            9.5917            9.5917    
      76.200            9.5668            9.5830            9.5830    
      76.400            9.5367            9.5527            9.5527    
      76.600            9.4887            9.5046            9.5046    
      76.800            9.4259            9.4420            9.4420    
      77.000            9.3511            9.3675            9.3675    
      77.200            9.2666            9.2833            9.2833    
      77.400            9.1743            9.1913            9.1913    
      77.600            9.0756            9.0931            9.0931    
      77.800            8.9721            8.9899            8.9899    
      78.000            8.8646            8.8829            8.8829    
      78.200            8.7543            8.7731            8.7731    
      78.400            8.6418            8.6611            8.6611    
      78.600            8.5279            8.5475            8.5475    
      78.800            8.4130            8.4331            8.4331    
      79.000            8.2975            8.3181            8.3181    
      79.200            8.1819            8.2029            8.2029    
      79.400            8.0665            8.0879            8.0879    
      79.600            7.9515            7.9733            7.9733    
      79.800            7.8371            7.8593            7.8593    
      80.000            7.7235            7.7460            7.7460    
      80.200            7.6109            7.6337            7.6337    
      80.400            7.4992            7.5224            7.5224    
      80.600            7.3888            7.4122            7.4122    
      80.800            7.2795            7.3033            7.3033    
      81.000            7.1714            7.1955            7.1955    
      81.200            7.0647            7.0891            7.0891    
      81.400            6.9593            6.9839            6.9839    
      81.600            6.8553            6.8802            6.8802    
      81.800            6.7527            6.7777            6.7777    
      82.000            6.6514            6.6767            6.6767    
      82.200            6.5515            6.5770            6.5770    
      82.400            6.4531            6.4788            6.4788    
      82.600            6.3560            6.3819            6.3819    
      82.800            6.2603            6.2863            6.2863    
      83.000            6.1660            6.1922            6.1922    
      83.200            6.0731            6.0994            6.0994    
      83.400            5.9815            6.0079            6.0079    
      83.600            5.8912            5.9178            5.9178    
      83.800            5.8023            5.8290            5.8290    
      84.000            5.7147            5.7415            5.7415    
      84.200            5.6285            5.6553            5.6553    
      84.400            5.5435            5.5704            5.5704    
      84.600            5.4597            5.4868            5.4868    
      84.800            5.3772            5.4043            5.4043    
      85.000            5.2960            5.3232            5.3232    
      85.200            5.2160            5.2432            5.2432    
      85.400            5.1371            5.1644            5.1644    
      85.600            5.0595            5.0868            5.0868    
      85.800            4.9830            5.0103            5.0103    
      86.000            4.9077            4.9350            4.9350    
      86.200            4.8335            4.8609            4.8609    
      86.400            4.7604            4.7878            4.7878    
      86.600            4.6885            4.7158            4.7158    
      86.800            4.6176            4.6449            4.6449    
      87.000            4.5478            4.5751            4.5751    
      87.200            4.4790            4.5063            4.5063    
      87.400            4.4113            4.4386            4.4386    
      87.600            4.3446            4.3719            4.3719    
      87.800            4.2789            4.3061            4.3061    
      88.000            4.2142            4.2414            4.2414    
      88.200            4.1505            4.1776            4.1776    
      88.400            4.0877            4.1148            4.1148    
      88.600            4.0259            4.0530            4.0530    
      88.800            3.9650            3.9920            3.9920    
      89.000            3.9051            3.9320            3.9320    
      89.200            3.8460            3.8729            3.8729    
      89.400            3.7879            3.8147            3.8147    
      89.600            3.7306            3.7573            3.7573    
      89.800            3.6742            3.7008            3.7008    
      90.000            3.6186            3.6452            3.6452    
      90.200            3.5639            3.5904            3.5904    
      90.400            3.5100            3.5364            3.5364    
      90.600            3.4569            3.4832            3.4832    
      90.800            3.4047            3.4309            3.4309    
      91.000            3.3532            3.3793            3.3793    
      91.200            3.3025            3.3285            3.3285    
      91.400            3.2525            3.2784            3.2784    
      91.600            3.2034            3.2291            3.2291    
      91.800            3.1549            3.1806            3.1806    
      92.000            3.1072            3.1328            3.1328    
      92.200            3.0602            3.0857            3.0857    
      92.400            3.0140            3.0393            3.0393    
      92.600            2.9684            2.9936            2.9936    
      92.800            2.9235            2.9486            2.9486    
      93.000            2.8793            2.9042            2.9042    
      93.200            2.8357            2.8606            2.8606    
      93.400            2.7929            2.8176            2.8176    
      93.600            2.7506            2.7752            2.7752    
      93.800            2.7090            2.7335            2.7335    
      94.000            2.6681            2.6924            2.6924    
      94.200            2.6277            2.6519            2.6519    
      94.400            2.5880            2.6120            2.6120    
      94.600            2.5489            2.5728            2.5728    
      94.800            2.5103            2.5341            2.5341    
      95.000            2.4724            2.4960            2.4960    
      95.200            2.4350            2.4585            2.4585    
      95.400            2.3982            2.4215            2.4215    
      95.600            2.3619            2.3851            2.3851    
      95.800            2.3262            2.3492            2.3492    
      96.000            2.2910            2.3139            2.3139    
      96.200            2.2564            2.2791            2.2791    
      96.400            2.2222            2.2449            2.2449    
      96.600            2.1886            2.2111            2.2111    
      96.800            2.1555            2.1779            2.1779    
      97.000            2.1229            2.1451            2.1451    
      97.200            2.1501            2.2852            2.2852    
      97.400            3.6981            3.8075            3.8075    
      97.600            4.9690            5.0577            5.0577    
      97.800            6.0078            6.0800            6.0800    
      98.000            6.8520            6.9110            6.9110    
      98.200            7.5334            7.5820            7.5820    
      98.400            8.0784            8.1189            8.1189    
      98.600            8.5095            8.5435            8.5435    
      98.800            8.8452            8.8742            8.8742    
      99.000            9.1013            9.1265            9.1265    
      99.200            9.2910            9.3133            9.3133    
      99.400            9.4252            9.4454            9.4454    
      99.600            9.5133            9.5320            9.5320    
      99.800            9.5631            9.5806            9.5806    
      100.00            9.5810            9.5979            9.5979    
      100.20            9.5726            9.5890            9.5890    
      100.40            9.5424            9.5586            9.5586    
      100.60            9.4943            9.5105            9.5105    
      100.80            9.4314            9.4478            9.4478    
      101.00            9.3566            9.3732            9.3732    
      101.20            9.2720            9.2889            9.2889    
      101.40            9.1796            9.1968            9.1968    
      101.60            9.0808            9.0985            9.0985    
      101.80            8.9772            8.9953            8.9953    
      102.00            8.8697            8.8882            8.8882    
      102.20            8.7593            8.7783            8.7783    
      102.40            8.6467            8.6662            8.6662    
      102.60            8.5327            8.5526            8.5526    
      102.80            8.4177            8.4380            8.4380    
      103.00            8.3022            8.3230            8.3230    
      103.20            8.1866            8.2077            8.2077    
      103.40            8.0711            8.0926            8.0926    
      103.60            7.9560            7.9779            7.9779    
      103.80            7.8415            7.8639            7.8639    
      104.00            7.7279            7.7506            7.7506    
      104.20            7.6151            7.6382            7.6382    
      104.40            7.5035            7.5268            7.5268    
      104.60            7.3929            7.4166            7.4166    
      104.80            7.2835            7.3075            7.3075    
      105.00            7.1755            7.1997            7.1997    
      105.20            7.0687            7.0932            7.0932    
      105.40            6.9632            6.9880            6.9880    
      105.60            6.8591            6.8842            6.8842    
      105.80            6.7564            6.7817            6.7817    
      106.00            6.6551            6.6806            6.6806    
      106.20            6.5552            6.5809            6.5809    
      106.40            6.4567            6.4825            6.4825    
      106.60            6.3596            6.3856            6.3856    
      106.80            6.2638            6.2900            6.2900    
      107.00            6.1695            6.1958            6.1958    
      107.20            6.0765            6.1029            6.1029    
      107.40            5.9848            6.0114            6.0114    
      107.60            5.8945            5.9213            5.9213    
      107.80            5.8056            5.8324            5.8324    
      108.00            5.7179            5.7449            5.7449    
      108.20            5.6316            5.6586            5.6586    
      108.40            5.5466            5.5737            5.5737    
      108.60            5.4628            5.4900            5.4900    
      108.80            5.3802            5.4075            5.4075    
      109.00            5.2989            5.3263            5.3263    
      109.20            5.2189            5.2462            5.2462    
      109.40            5.1400            5.1674            5.1674    
      109.60            5.0623            5.0897            5.0897    
      109.80            4.9858            5.0133            5.0133    
      110.00            4.9104            4.9379            4.9379    
      110.20            4.8362            4.8637            4.8637    
      110.40            4.7631            4.7906            4.7906    
      110.60            4.6911            4.7186            4.7186    
      110.80            4.6202            4.6476            4.6476    
      111.00            4.5503            4.5778            4.5778    
      111.20            4.4815            4.5090            4.5090    
      111.40            4.4137            4.4412            4.4412    
      111.60            4.3470            4.3744            4.3744    
      111.80            4.2813            4.3086            4.3086    
      112.00            4.2165            4.2439            4.2439    
      112.20            4.1528            4.1801            4.1801    
      112.40            4.0900            4.1172            4.1172    
      112.60            4.0282            4.0553            4.0553    
      112.80            3.9672            3.9944            3.9944    
      113.00            3.9073            3.9343            3.9343    
      113.20            3.8482            3.8752            3.8752    
      113.40            3.7900            3.8169            3.8169    
      113.60            3.7327            3.7595            3.7595    
      113.80            3.6762            3.7030            3.7030    
      114.00            3.6206            3.6473            3.6473    
      114.20            3.5659            3.5925            3.5925    
      114.40            3.5120            3.5385            3.5385    
      114.60            3.4589            3.4853            3.4853    
      114.80            3.4066            3.4329            3.4329    
      115.00            3.3551            3.3813            3.3813    
      115.20            3.3043            3.3304            3.3304    
      115.40            3.2544            3.2803            3.2803    
      115.60            3.2051            3.2310            3.2310    
      115.80            3.1567            3.1825            3.1825    
      116.00            3.1090            3.1346            3.1346    
      116.20            3.0619            3.0875            3.0875    
      116.40            3.0156            3.0411            3.0411    
      116.60            2.9700            2.9953            2.9953    
      116.80            2.9251            2.9503            2.9503    
      117.00            2.8809            2.9059            2.9059    
      117.20            2.8373            2.8623            2.8623    
      117.40            2.7944            2.8192            2.8192    
      117.60            2.7522            2.7768            2.7768    
      117.80            2.7106            2.7351            2.7351    
      118.00            2.6696            2.6940            2.6940    
      118.20            2.6292            2.6535            2.6535    
      118.40            2.5894            2.6136            2.6136    
      118.60            2.5503            2.5743            2.5743    
      118.80            2.5117            2.5356            2.5356    
      119.00            2.4737            2.4974            2.4974    
      119.20            2.4363            2.4599            2.4599    
      119.40            2.3995            2.4229            2.4229    
      119.60            2.3632            2.3865            2.3865    
      119.80            2.3275            2.3506            2.3506    
      120.00            2.2923            2.3153            2.3153    
      120.20            2.2576            2.2805            2.2805    
      120.40            2.2235            2.2462            2.2462    
      120.60            2.1899            2.2124            2.2124    
      120.80            2.1567            2.1791            2.1791    
      121.00            2.1241            2.1464            2.1464    
      121.20            2.1512            2.2864            2.2864    
      121.40            3.6993            3.8087            3.8087    
      121.60            4.9702            5.0589            5.0589    
      121.80            6.0089            6.0811            6.0811    
      122.00            6.8531            6.9122            6.9122    
      122.20            7.5344            7.5831            7.5831    
      122.40            8.0795            8.1200            8.1200    
      122.60            8.5105            8.5446            8.5446    
      122.80            8.8462            8.8753            8.8753    
      123.00            9.1023            9.1276            9.1276    
      123.20            9.2920            9.3143            9.3143    
      123.40            9.4262            9.4464            9.4464    
      123.60            9.5143            9.5330            9.5330    
      123.80            9.5641            9.5816            9.5816    
      124.00            9.5820            9.5989            9.5989    
      124.20            9.5735            9.5900            9.5900    
      124.40            9.5433            9.5596            9.5596    
      124.60            9.4952            9.5114            9.5114    
      124.80            9.4323            9.4487            9.4487    
      125.00            9.3575            9.3741            9.3741    
      125.20            9.2729            9.2898            9.2898    
      125.40            9.1804            9.1977            9.1977    
      125.60            9.0817            9.0994            9.0994    
      125.80            8.9780            8.9961            8.9961    
      126.00            8.8705            8.8891            8.8891    
      126.20            8.7601            8.7791            8.7791    
      126.40            8.6475            8.6670            8.6670    
      126.60            8.5335            8.5534            8.5534    
      126.80            8.4185            8.4388            8.4388    
      127.00            8.3030            8.3237            8.3237    
      127.20            8.1873            8.2085            8.2085    
      127.40            8.0718            8.0934            8.0934    
      127.60            7.9567            7.9787            7.9787    
      127.80            7.8422            7.8646            7.8646    
      128.00            7.7286            7.7513            7.7513    
      128.20            7.6158            7.6389            7.6389    
      128.40            7.5041            7.5275            7.5275    
      128.60            7.3936            7.4173            7.4173    
      128.80            7.2842            7.3082            7.3082    
      129.00            7.1761            7.2004            7.2004    
      129.20            7.0693            7.0939            7.0939    
      129.40            6.9639            6.9887            6.9887    
      129.60            6.8598            6.8848            6.8848    
      129.80            6.7570            6.7823            6.7823    
      130.00            6.6557            6.6812            6.6812    
      130.20            6.5558            6.5815            6.5815    
      130.40            6.4573            6.4831            6.4831    
      130.60            6.3601            6.3862            6.3862    
      130.80            6.2644            6.2906            6.2906    
      131.00            6.1700            6.1964            6.1964    
      131.20            6.0770            6.1035            6.1035    
      131.40            5.9854            6.0120            6.0120    
      131.60            5.8951            5.9218            5.9218    
      131.80            5.8061            5.8330            5.8330    
      132.00            5.7185            5.7454            5.7454    
      132.20            5.6321            5.6592            5.6592    
      132.40            5.5471            5.5742            5.5742    
      132.60            5.4633            5.4905            5.4905    
      132.80            5.3807            5.4080            5.4080    
      133.00            5.2994            5.3268            5.3268    
      133.20            5.2193            5.2467            5.2467    
      133.40            5.1405            5.1679            5.1679    
      133.60            5.0628            5.0902            5.0902    
      133.80            4.9862            5.0137            5.0137    
      134.00            4.9109            4.9384            4.9384    
      134.20            4.8366            4.8641            4.8641    
      134.40            4.7635            4.7910            4.7910    
      134.60            4.6915            4.7190            4.7190    
      134.80            4.6206            4.6481            4.6481    
      135.00            4.5507            4.5782            4.5782    
      135.20            4.4819            4.5094            4.5094    
      135.40            4.4141            4.4416            4.4416    
      135.60            4.3474            4.3748            4.3748    
      135.80            4.2817            4.3091            4.3091    
      136.00            4.2169            4.2443            4.2443    
      136.20            4.1532            4.1805            4.1805    
      136.40            4.0904            4.1176            4.1176    
      136.60            4.0285            4.0557            4.0557    
      136.80            3.9676            3.9947            3.9947    
      137.00            3.9076            3.9347            3.9347    
      137.20            3.8485            3.8755            3.8755    
      137.40            3.7903            3.8173            3.8173    
      137.60            3.7330            3.7599            3.7599    
      137.80            3.6766            3.7033            3.7033    
      138.00            3.6210            3.6477            3.6477    
      138.20            3.5662            3.5928            3.5928    
      138.40            3.5123            3.5388            3.5388    
      138.60            3.4592            3.4856            3.4856    
      138.80            3.4069            3.4332            3.4332    
      139.00            3.3554            3.3816            3.3816    
      139.20            3.3046            3.3307            3.3307    
      139.40            3.2547            3.2807            3.2807    
      139.60            3.2054            3.2313            3.2313    
      139.80            3.1570            3.1828            3.1828    
      140.00            3.1092            3.1349            3.1349    
      140.20            3.0622            3.0878            3.0878    
      140.40            3.0159            3.0413            3.0413    
      140.60            2.9703            2.9956            2.9956    
      140.80            2.9254            2.9506            2.9506    
      141.00            2.8812            2.9062            2.9062    
      141.20            2.8376            2.8625            2.8625    
      141.40            2.7947            2.8195            2.8195    
      141.60            2.7524            2.7771            2.7771    
      141.80            2.7108            2.7353            2.7353    
      142.00            2.6698            2.6942            2.6942    
      142.20            2.6294            2.6537            2.6537    
      142.40            2.5897            2.6138            2.6138    
      142.60            2.5505            2.5745            2.5745    
      142.80            2.5119            2.5358            2.5358    
      143.00            2.4740            2.4977            2.4977    
      143.20            2.4366            2.4601            2.4601    
      143.40            2.3997            2.4231            2.4231    
      143.60            2.3634            2.3867            2.3867    
      143.80            2.3277            2.3508            2.3508    
      144.00            2.2925            2.3155            2.3155    
      144.20            2.2578            2.2807            2.2807    
      144.40            2.2237            2.2464            2.2464    
      144.60            2.1901            2.2126            2.2126    
      144.80            2.1569            2.1793            2.1793    
      145.00            2.1243            2.1466            2.1466    
      145.20            2.0922            2.1143            2.1143    
      145.40            2.0606            2.0825            2.0825    
      145.60            2.0294            2.0512            2.0512    
      145.80            1.9987            2.0204            2.0204    
      146.00            1.9685            1.9900            1.9900    
      146.20            1.9387            1.9601            1.9601    
      146.40            1.9094            1.9306            1.9306    
      146.60            1.8805            1.9016            1.9016    
      146.80            1.8521            1.8730            1.8730    
      147.00            1.8241            1.8448            1.8448    
      147.20            1.7965            1.8171            1.8171    
      147.40            1.7693            1.7898            1.7898    
      147.60            1.7426            1.7629            1.7629    
      147.80            1.7162            1.7364            1.7364    
      148.00            1.6903            1.7102            1.7102    
      148.20            1.6647            1.6845            1.6845    
      148.40            1.6396            1.6592            1.6592    
      148.60            1.6148            1.6343            1.6343    
      148.80            1.5903            1.6097            1.6097    
      149.00            1.5663            1.5855            1.5855    
      149.20            1.5426            1.5617            1.5617    
      149.40            1.5193            1.5382            1.5382    
      149.60            1.4963            1.5150            1.5150    
      149.80            1.4737            1.4923            1.4923    
      150.00            1.4514            1.4698            1.4698    
      150.20            1.4295            1.4477            1.4477    
      150.40            1.4078            1.4260            1.4260    
      150.60            1.3866            1.4045            1.4045    
      150.80            1.3656            1.3834            1.3834    
      151.00            1.3449            1.3626            1.3626    
      151.20            1.3246            1.3421            1.3421    
      151.40            1.3046            1.3219            1.3219    
      151.60            1.2848            1.3021            1.3021    
      151.80            1.2654            1.2825            1.2825    
      152.00            1.2463            1.2632            1.2632    
      152.20            1.2274            1.2442            1.2442    
      152.40            1.2089            1.2255            1.2255    
      152.60            1.1906            1.2071            1.2071    
      152.80            1.1726            1.1889            1.1889    
      153.00            1.1549            1.1711            1.1711    
      153.20            1.1374            1.1535            1.1535    
      153.40            1.1202            1.1361            1.1361    
      153.60            1.1033            1.1190            1.1190    
      153.80            1.0866            1.1022            1.1022    
      154.00            1.0701            1.0856            1.0856    
      154.20            1.0540            1.0693            1.0693    
      154.40            1.0380            1.0532            1.0532    
      154.60            1.0223            1.0374            1.0374    
      154.80            1.0069            1.0218            1.0218    
      155.00           0.99165            1.0064            1.0064    
      155.20           0.97665           0.99131           0.99131    
      155.40           0.96188           0.97641           0.97641    
      155.60           0.94734           0.96173           0.96173    
      155.80           0.93301           0.94727           0.94727    
      156.00           0.91890           0.93303           0.93303    
      156.20           0.90501           0.91900           0.91900    
      156.40           0.89132           0.90518           0.90518    
      156.60           0.87785           0.89157           0.89157    
      156.80           0.86457           0.87817           0.87817    
      157.00           0.85150           0.86496           0.86496    
      157.20           0.83862           0.85196           0.85196    
      157.40           0.82594           0.83915           0.83915    
      157.60           0.81345           0.82653           0.82653    
      157.80           0.80115           0.81411           0.81411    
      158.00           0.78904           0.80187           0.80187    
      158.20           0.77711           0.78981           0.78981    
      158.40           0.76536           0.77794           0.77794    
      158.60           0.75378           0.76624           0.76624    
      158.80           0.74238           0.75472           0.75472    
      159.00           0.73116           0.74337           0.74337    
      159.20           0.72010           0.73220           0.73220    
      159.40           0.70921           0.72119           0.72119    
      159.60           0.69849           0.71034           0.71034    
      159.80           0.68793           0.69966           0.69966    
      160.00           0.67752           0.68915           0.68915    
      160.20           0.66728           0.67878           0.67878    
      160.40           0.65719           0.66858           0.66858    
      160.60           0.64725           0.65853           0.65853    
      160.80           0.63746           0.64863           0.64863    
      161.00           0.62782           0.63887           0.63887    
      161.20           0.61833           0.62927           0.62927    
      161.40           0.60898           0.61981           0.61981    
      161.60           0.59977           0.61049           0.61049    
      161.80           0.59070           0.60131           0.60131    
      162.00           0.58177           0.59227           0.59227    
      162.20           0.57297           0.58337           0.58337    
      162.40           0.56431           0.57459           0.57459    
      162.60           0.55578           0.56596           0.56596    
      162.80           0.54737           0.55745           0.55745    
      163.00           0.53910           0.54907           0.54907    
      163.20           0.53094           0.54081           0.54081    
      163.40           0.52291           0.53268           0.53268    
      163.60           0.51501           0.52467           0.52467    
      163.80           0.50722           0.51678           0.51678    
      164.00           0.49955           0.50901           0.50901    
      164.20           0.49200           0.50136           0.50136    
      164.40           0.48456           0.49382           0.49382    
      164.60           0.47723           0.48640           0.48640    
      164.80           0.47001           0.47908           0.47908    
      165.00           0.46291           0.47188           0.47188    
      165.20           0.45591           0.46479           0.46479    
      165.40           0.44901           0.45780           0.45780    
      165.60           0.44222           0.45092           0.45092    
      165.80           0.43554           0.44414           0.44414    
      166.00           0.42895           0.43746           0.43746    
      166.20           0.42246           0.43088           0.43088    
      166.40           0.41608           0.42440           0.42440    
      166.60           0.40978           0.41802           0.41802    
      166.80           0.40359           0.41174           0.41174    
      167.00           0.39748           0.40555           0.40555    
      167.20           0.39147           0.39945           0.39945    
      167.40           0.38555           0.39344           0.39344    
      167.60           0.37972           0.38753           0.38753    
      167.80           0.37398           0.38170           0.38170    
      168.00           0.36833           0.37596           0.37596    


  SUBJECT NO.     1 ...  OUTPUT EQUATION NO.  1

     TIMES                   OBSERVED VALUES          PREDICTED VALUES, BASED ON POSTERIOR MEANS; THEN MEDIANS; THEN MODES
--------------------------------------------------------------------------------------------------------------------------
      120.00            2.1100            2.2923            2.3153            2.3153    
      121.02            1.8600            2.1209            2.1431            2.1431    
      122.02            6.9200            6.9281            6.9860            6.9860    
      126.00            9.1100            8.8705            8.8891            8.8891    
      129.00            6.9600            7.1761            7.2004            7.2004    
      132.00            5.6400            5.7185            5.7454            5.7454    
      144.08            3.5900            2.2786            2.3015            2.3015    


