DENSITY OCT_15 ... Made by npagranfix6
          -1
           4
           1
           4
Ka         
Ke         
V          
Tlag1      
           0

           0

  0.10000000000000001       0.90000000000000002     
   1.0000000000000000E-003  0.10000000000000001     
   30.000000000000000        120.00000000000000     
   0.0000000000000000        4.0000000000000000     


         100
         100
   0.0000000000000000     
  0.60664620949892689        6.4337874614224744E-002   58.912073075019016       0.77523102225206808        701.84483726150381     
   6.9704094990010530E-004
   3.2494349567492575        3.2739334845995138        3.2739334845995138     
   4.3356197445994429        4.3301697019699557        4.3301697019699557     
   8.0154538563266158        8.0073296379324432        8.0073296379324432     
   9.8705118461012340        9.8656083471921843        9.8656083471921843     
   8.4550844254611199        8.4599760900400085        8.4599760900400085     
   7.0357177367211410        7.0489517223057794        7.0489517223057794     
   3.2505692079606656        3.2751392943800903        3.2751392943800903     
         841
   0.0000000000000000        0.0000000000000000        0.0000000000000000     
   0.0000000000000000        0.0000000000000000        0.0000000000000000     
   0.0000000000000000        0.0000000000000000        0.0000000000000000     
   0.0000000000000000        0.0000000000000000        0.0000000000000000     
  0.15176963270128274       0.12231528769175831       0.12231528769175831     
   1.2886597716326649        1.2587858241903223        1.2587858241903223     
   2.2808944379341130        2.2505317539652450        2.2505317539652450     
   3.1451903053416612        3.1143090026558733        3.1143090026558733     
   3.8963516265217484        3.8649526322469980        3.8649526322469980     
   4.5474887727668465        4.5155968050091992        4.5155968050091992     
   5.1102118034512083        5.0778695617387779        5.0778695617387779     
   5.5948019182942632        5.5620652980018335        5.5620652980018335     
   6.0103633194964230        5.9772974919100550        5.9772974919100550     
   6.3649577220753493        6.3316339445831593        6.3316339445831593     
   6.6657234949844790        6.6322165355563207        6.6322165355563207     
   6.9189811890702169        6.8853672661372425        6.8853672661372425     
   7.1303270072812053        7.0966821607128923        7.0966821607128923     
   7.3047155948250202        7.2711144162447816        7.2711144162447816     
   7.4465333695552705        7.4130480310127416        7.4130480310127416     
   7.5596634734452808        7.5263630027137687        7.5263630027137687     
   7.6475433025083150        7.6144930612080408        7.6144930612080408     
   7.7132154631385044        7.6804767906805456        7.6804767906805456     
   7.7593729059589656        7.7270028981179273        7.7270028981179273     
   7.7883989024461506        7.7564502983369250        7.7564502983369250     
   7.8024024535872805        7.7709236090604046        7.7709236090604046     
   7.8032496525005026        7.7722845815830421        7.7722845815830421     
   7.7925914633129132        7.7621799323955036        7.7621799323955036     
   7.7718883257707096        7.7420659878522633        7.7420659878522633     
   7.7424319482701049        7.7132305067854974        7.7132305067854974     
   7.7053646105576314        7.6768120041869734        7.6768120041869734     
   7.6616962606432342        7.6338168620832043        7.6338168620832043     
   7.6123196579582748        7.5851344809684074        7.5851344809684074     
   7.5580237859938606        7.5315506961502017        7.5315506961502017     
   7.4995057321485259        7.4737596576748162        7.4737596576748162     
   7.4373812099221617        7.4123743497517118        7.4123743497517118     
   7.3721938785823200        7.3479359054550608        7.3479359054550608     
   7.3044235977045764        7.2809218546433794        7.2809218546433794     
   7.2344937382894416        7.2117534272446164        7.2117534272446164     
   7.1627776582527636        7.1408020200683895        7.1408020200683895     
   7.0896044377699230        7.0683949229227947        7.0683949229227947     
   7.0152639590447050        6.9948203888468825        6.9948203888468825     
   6.9400114054108046        6.9203321235591897        6.9203321235591897     
   6.8640712461150715        6.8451532606238805        6.8451532606238805     
   6.7876407655506723        6.7694798812217325        6.7694798812217325     
   6.7108931889935688        6.6934841306707495        6.6934841306707495     
   6.6339804509481777        6.6173169778706429        6.6173169778706429     
   6.5570356469400739        6.5411106585586127        6.5411106585586127     
   6.4801752049275487        6.4649808385822665        6.4649808385822665     
   6.4035008083708291        6.3890285292500071        6.3890285292500071     
   6.3271010993371108        6.3133417831483731        6.3133417831483731     
   6.2510531867770380        6.2379971955652262        6.2379971955652262     
   6.1754239822363139        6.1630612337793220        6.1630612337793220     
   6.1002713827222932        6.0885914139279809        6.0885914139279809     
   6.0256453181921996        6.0146373429075952        6.0146373429075952     
   5.9515886791339003        5.9412416407631499        5.9412416407631499     
   5.8781381379424502        5.8684407572532225        5.8684407572532225     
   5.8053248762298750        5.7962656947097866        5.7962656947097866     
   5.7331752288188413        5.7247426479245247        5.7247426479245247     
   5.6617112539424834        5.6538935705645308        5.6538935705645308     
   5.5909512380845960        5.5837366765322187        5.5837366765322187     
   5.5209101429307461        5.5142868837207244        5.5142868837207244     
   5.4516000010472192        5.4455562067629275        5.4455562067629275     
   5.3830302661486353        5.3775541046166779        5.3775541046166779     
   5.3152081231454478        5.3102877881598731        5.3102877881598731     
   5.2481387625692939        5.2437624923765780        5.2437624923765780     
   5.1818256234488533        5.1779817171908462        5.1779817171908462     
   5.1162706082434433        5.1129474405403954        5.1129474405403954     
   5.0514742730294406        5.0486603068709286        5.0486603068709286     
   4.9874359957694958        4.9851197938677236        4.9851197938677236     
   4.9241541251711505        4.9223243599185533        4.9223243599185533     
   4.8616261123550091        4.8602715745164060        4.8602715745164060     
   4.7998486272989593        4.7989582335576033        4.7989582335576033     
   4.7388176618001765        4.7383804612669493        4.7383804612669493     
   4.6785286204976355        4.6785338002832724        4.6785338002832724     
   4.6189764013215537        4.6194132912631023        4.6194132912631023     
   4.5601554665800199        4.5610135432047700        4.5610135432047700     
   4.5020599057547876        4.5033287955574952        4.5033287955574952     
   4.4446834909556570        4.4463529730581461        4.4463529730581461     
   4.3880197258744085        4.3900797341303681        4.3900797341303681     
   4.3320618889831017        4.3345025135851980        4.3345025135851980     
   4.2768030716364436        4.2796145602776159        4.2796145602776159     
   4.2222362116625272        4.2254089702985329        4.2254089702985329     
   4.1683541229594470        4.1718787162153497        4.1718787162153497     
   4.1151495215561464        4.1190166728154169        4.1190166728154169     
   4.0626150485434600        4.0668156397547026        4.0668156397547026     
   4.0107432902348963        4.0152683614678901        4.0152683614678901     
   3.9595267958756106        3.9643675446553015        3.9643675446553015     
   3.9089580931815893        3.9141058736259136        3.9141058736259136     
   3.8590297019588538        3.8644760237437508        3.8644760237437508     
   3.8097341460238803        3.8154706731965722        3.8154706731965722     
   3.7610639636211780        3.7670825132807084        3.7670825132807084     
   3.7130117165115264        3.7193042573736754        3.7193042573736754     
   3.6655699978845409        3.6721286487465195        3.6721286487465195     
   3.6187314392316523        3.6255484673504230        3.6255484673504230     
   3.5724887163000099        3.5795565356966934        3.5795565356966934     
   3.5268345542340338        3.5341457239355734        3.5341457239355734     
   3.4817617319991228        3.4893089542272331        3.4893089542272331     
   3.4372630861711975        3.4450392044875953        3.4450392044875953     
   3.3933315141661908        3.4013295115821451        3.4013295115821451     
   3.3499599769750974        3.3581729740325090        3.3581729740325090     
   3.3071415014626777        3.3155627542931110        3.3155627542931110     
   3.2648691822812590        3.2734920806486718        3.2734920806486718     
   3.2231361834451713        3.2319542487774591        3.2319542487774591     
   3.1819357396061410        3.1909426230200473        3.1909426230200473     
   3.1412611570653279        3.1504506373887664        3.1504506373887664     
   3.1011058145536063        3.1104717963489872        3.1104717963489872     
   3.0614631638080492        3.0709996753997832        3.0709996753997832     
   3.0223267299693672        3.0320279214783645        3.0320279214783645     
   2.9836901118222117        2.9935502532098424        2.9935502532098424     
   2.9455469818977207        2.9555604610214172        2.9555604610214172     
   2.9078910864554546        2.9180524071378677        2.9180524071378677     
   2.8707162453599016        2.8810200254732696        2.8810200254732696     
   2.8340163518649661        2.8444573214321576        2.8444573214321576     
   2.7977853723183190        2.8083583716317944        2.8083583716317944     
   2.7620173457960964        2.7727173235558813        2.7727173235558813     
   2.7267063836772327        2.7375283951488223        2.7375283951488223     
   2.6918466691656318        2.7027858743586188        2.7027858743586188     
   2.6574324567674217        2.6684841186355057        2.6684841186355057     
   2.6234580717296958        2.6346175543926327        2.6346175543926327     
   2.5899179094464069        2.6011806764343368        2.6011806764343368     
   2.5568064348363899        2.5681680473569228        2.5681680473569228     
   2.5241181816979408        2.5355742969262702        2.5355742969262702     
   2.4918477520438218        2.5033941214360897        2.5033941214360897     
   2.4599898154201369        2.4716222830501904        2.4716222830501904     
   2.5803087409130265        2.5625688968231439        2.5625688968231439     
   3.6861502045716366        3.6680688157520822        3.6680688157520822     
   4.6477330954767400        4.6292371400164365        4.6292371400164365     
   5.4817690200082954        5.4628248140993856        5.4628248140993856     
   6.2030572274562941        6.1836619812634463        6.1836619812634463     
   6.8247031489906309        6.8048779467883929        6.8048779467883929     
   7.3583119663898415        7.3380959555073746        7.3380959555073746     
   7.8141600635774413        7.7936056673470002        7.7936056673470002     
   8.2013468880317006        8.1805158843999770        8.1805158843999770     
   8.5279294603978535        8.5068897906861878        8.5068897906861878     
   8.8010415148853198        8.7798647068613107        8.7798647068613107     
   9.0269990265070810        9.0057581328783431        9.0057581328783431     
   9.2113936805752221        9.1901616486026629        9.1901616486026629     
   9.3591756621485036        9.3380240626200095        9.3380240626200095     
   9.4747269857154368        9.4537250402977708        9.4537250402977708     
   9.5619264459693767        9.5411403012065872        9.5411403012065872     
   9.6242071470359782        9.6036993511946420        9.6036993511946420     
   9.6646074581274348        9.6444366038834026        9.6444366038834026     
   9.6858161467102182        9.6660366484846154        9.6660366484846154     
   9.6902123544555874        9.6708743341751688        9.6708743341751688     
   9.6799010052298584        9.6610502645259579        9.6610502645259579     
   9.6567441670542209        9.6384222275269540        9.6384222275269540     
   9.6223888303293563        9.6046330265774262        9.6046330265774262     
   9.5782915117991880        9.5611351245265404        9.5611351245265404     
   9.5257400469424969        9.5092124656668524        9.5092124656668524     
   9.4658728920410091        9.4499997988026383        9.4499997988026383     
   9.3996962204674599        9.3844997875183740        9.3844997875183740     
   9.3280990652257199        9.3135981610119156        9.3135981610119156     
   9.2518667309784153        9.2380771298473281        9.2380771298473281     
   9.1716926732910693        9.1586272652941183        9.1586272652941183     
   9.0881890202296276        9.0758580181727471        9.0758580181727471     
   9.0018958914374707        8.9903070329838837        8.9903070329838837     
   8.9132896520935940        8.9024483952626259        8.9024483952626259     
   8.8227902234543425        8.8126999343049484        8.8126999343049484     
   8.7307675577756836        8.7214296894280761        8.7214296894280761     
   8.6375473730961811        8.6289616355421224        8.6289616355421224     
   8.5434162324515768        8.5355807528440266        8.5355807528440266     
   8.4486260424288186        8.4415375157341774        8.4415375157341774     
   8.3533980374086436        8.3470518674571519        8.3470518674571519     
   8.2579263082647678        8.2523167393538177        8.2523167393538177     
   8.1623809275730697        8.1575011668694390        8.1575011668694390     
   8.0669107174365315        8.0627530484920502        8.0627530484920502     
   7.9716457007637613        7.9682015885084034        7.9682015885084034     
   7.8766992721728100        7.8739594597832800        7.8739594597832800     
   7.7821701205590532        7.7801247186224458        7.7801247186224458     
   7.6881439317051905        7.6867825001086505        7.6867825001086505     
   7.5946948960689387        7.5940065190494996        7.5940065190494996     
   7.5018870440120518        7.5018603987976782        7.5018603987976782     
   7.4097754281903940        7.4103988476551672        7.4103988476551672     
   7.3184071705717058        7.3196687003161189        7.3196687003161189     
   7.2278223895518714        7.2297098398045163        7.2297098398045163     
   7.1380550208728550        7.1405560135929855        7.1405560135929855     
   7.0491335444797034        7.0522355560220529        7.0522355560220529     
   6.9610816280671886        6.9647720277514598        6.9647720277514598     
   6.8739186968382819        6.8781847817463628        6.8781847817463628     
   6.7876604379086212        6.7924894642131601        6.7924894642131601     
   6.7023192468274404        6.7076984579361758        6.7076984579361758     
   6.6179046228318024        6.6238212746132437        6.6238212746132437     
   6.5344235186949309        6.5408649020327507        6.5408649020327507     
   6.4518806503597466        6.4588341112656655        6.4588341112656655     
   6.3702787709555544        6.3777317284537283        6.3777317284537283     
   6.2896189132704317        6.2975588752503802        6.2975588752503802     
   6.2099006042865117        6.2183151815065116        6.2183151815065116     
   6.1311220549731731        6.1399989733817764        6.1399989733817764     
   6.0532803281680350        6.0626074396980316        6.0626074396980316     
   5.9763714870523152        5.9861367790288851        5.9861367790288851     
   5.9003907264406390        5.9105823297337858        5.9105823297337858     
   5.8253324888517151        5.8359386848921870        5.8359386848921870     
   5.7511905671015828        5.7621997938693426        5.7621997938693426     
   5.6779581949620619        5.6893590520470596        5.6893590520470596     
   5.6056281272507871        5.6174093800770892        5.6174093800770892     
   5.5341927105630271        5.5463432938593673        5.5463432938593673     
   5.4636439457171910        5.4761529663096473        5.4761529663096473     
   5.3939735428634057        5.4068302818591212        5.4068302818591212     
   5.3251729700960606        5.3383668845206955        5.3383668845206955     
   5.2572334963150755        5.2707542202609661        5.2707542202609661     
   5.1901462289955553        5.2039835743323080        5.2039835743323080     
   5.1239021474500550        5.1380461041445145        5.1380461041445145     
   5.0584921321009313        5.0729328681890697        5.0729328681890697     
   4.9939069902210562        5.0086348514703323        5.0086348514703323     
   4.9301374785488337        4.9451429878458981        4.9451429878458981     
   4.8671743231369824        4.8824481796322994        4.8824481796322994     
   4.8050082367535003        4.8205413147913863        4.8205413147913863     
   4.7436299341167869        4.7594132819766246        4.7594132819766246     
   4.6830301452146523        4.6990549836865334        4.6990549836865334     
   4.6231996269284021        4.6394573477441234        4.6394573477441234     
   4.5641291731578510        4.5806113372961752        4.5806113372961752     
   4.5058096236207428        4.5225079595038977        4.5225079595038977     
   4.4482318714801927        4.4651382730769091        4.4651382730769091     
   4.3913868699361833        4.4084933947850091        4.4084933947850091     
   4.3352656379015855        4.3525645050668134        4.3525645050668134     
   4.2798592648693807        4.2973428528406679        4.2973428528406679     
   4.2251589150655464        4.2428197596111330        4.2428197596111330     
   4.1711558309712382        4.1889866229536592        4.1889866229536592     
   4.1178413362883362        4.1358349194505681        4.1358349194505681     
   4.0652068384139248        4.0833562071430638        4.0833562071430638     
   4.0132438304817635        4.0315421275565670        4.0315421275565670     
   3.9619438930221333        3.9803844073500660        3.9803844073500660     
   3.9112986952855775        3.9298748596343791        3.9298748596343791     
   3.8612999962707915        3.8800053849990297        3.8800053849990297     
   3.8119396454923331        3.8307679722828860        3.8307679722828860     
   3.7632095835196884        3.7821546991196602        3.7821546991196602     
   3.7151018423156348        3.7341577322857846        3.7341577322857846     
   3.6676085453985978        3.6867693278750098        3.6867693278750098     
   3.6207219078508803        3.6399818313212480        3.6399818313212480     
   3.5744342361920958        3.5937876772887298        3.5937876772887298     
   3.5287379281349289        3.5481793894462910        3.5481793894462910     
   3.4836254722383524        3.5031495801407093        3.5031495801407093     
   3.4390894474716815        3.4586909499822491        3.4586909499822491     
   3.3951225227013095        3.4147962873540507        3.4147962873540507     
   3.3517174561105763        3.3714584678556641        3.3714584678556641     
   3.3088670945620127        3.3286704536898042        3.3286704536898042     
   3.2665643729101390        3.2864252930003666        3.2864252930003666     
   3.2248023132720220        3.2447161191687903        3.2447161191687903     
   3.1835740242619623        3.2035361500750290        3.2035361500750290     
   3.1428727001959391        3.1628786873286501        3.1628786873286501     
   3.1026916202707668        3.1227371154749424        3.1227371154749424     
   3.0630241477223414        3.0831049011803247        3.0831049011803247     
   3.0238637289668340        3.0439755924008356        3.0439755924008356     
   2.9852038927282201        3.0053428175370542        3.0053428175370542     
   3.0988078818573812        3.0895155722710568        3.0895155722710568     
   4.1980202605632622        4.1883276044303521        4.1883276044303521     
   5.1530588203056285        5.1428929230553937        5.1428929230553937     
   5.9806340838752314        5.9699613953374575        5.9699613953374575     
   6.6955442308266964        6.6843621009198984        6.6843621009198984     
   7.3108936362712722        7.2992232949625366        7.2992232949625366     
   7.8382864394307061        7.8261671855064563        7.8261671855064563     
   8.2879979950009588        8.2754824088449244        8.2754824088449244     
   8.6691267343915701        8.6562767564290279        8.6562767564290279     
   8.9897286751696246        8.9766124144638617        8.9766124144638617     
   9.2569365612908872        9.2436257184543482        9.2436257184543482     
   9.4770653901752198        9.4636331957060484        9.4636331957060484     
   9.6557058820402517        9.6422254657815127        9.6422254657815127     
   9.7978072691891605        9.7843503891515979        9.7843503891515979     
   9.9077506255359840        9.8943866951020709        9.8943866951020709     
   9.9894138172249836        9.9762091790024883        9.9762091790024883     
   10.046229031704359        10.033246434229689        10.033246434229689     
   10.081233733228688        10.068531973514673        10.068531973514673     
   10.097115795876848        10.084749496612625        10.084749496612625     
   10.096253479354587        10.084272974532650        10.084272974532650     
   10.080750836838760        10.069202143823356        10.069202143823356     
   10.052469076792988        10.041393936456483        10.041393936456483     
   10.013054341049948        10.002490310677452        10.002490310677452     
   9.9639623086346241        9.9539428949080833        9.9539428949080833     
   9.9064799880172068        9.8970348096039462        9.8970348096039462     
   9.8417450190442555        9.8328999901882845        9.8328999901882845     
   9.7707627690915846        9.7625402971877850        9.7625402971877850     
   9.6944214754709215        9.6868406669347404        9.6868406669347404     
   9.6135056573257902        9.6065825271905219        9.6065825271905219     
   9.5287079947455791        9.5224556763570938        9.5224556763570938     
   9.4406398502346747        9.4350688021964384        9.4350688021964384     
   9.3498405876627135        9.3449587958353035        9.3449587958353035     
   9.2567858260976177        9.2525989989965147        9.2525989989965147     
   9.1618947502237997        9.1584065066040719        9.1584065066040719     
   9.0655365851424605        9.0627486329237108        9.0627486329237108     
   8.9680363310341882        8.9659486370162362        8.9659486370162362     
   8.8696798422546514        8.8682907923146832        8.8682907923146832     
   8.7707183257713108        8.7700248754256123        8.7700248754256123     
   8.6713723252901413        8.6713701406560215        8.6713701406560215     
   8.5718352498404808        8.5725188391530285        8.5725188391530285     
   8.4722764988713006        8.4736393348010175        8.4736393348010175     
   8.3728442299646968        8.3748788630504407        8.3748788630504407     
   8.2736678100043886        8.2763659735655821        8.2763659735655821     
   8.1748599859709099        8.1782126928970804        8.1782126928970804     
   8.0765188074022518        8.0805164392394317        8.0805164392394317     
   7.9787293288980106        7.9833617176628708        7.9833617176628708     
   7.8815651178025634        7.8868216209584698        7.8868216209584698     
   7.7850895893309113        7.7909591583568698        7.7909591583568698     
   7.6893571888569117        7.6958284318323038        7.6958284318323038     
   7.5944144388304782        7.6014756774465502        7.6014756774465502     
   7.5003008657945927        7.5079401871889226        7.5079401871889226     
   7.4070498212052396        7.4152551249986560        7.4152551249986560     
   7.3146892081916643        7.3234482490889565        7.3234482490889565     
   7.2232421250075083        7.2325425513043218        7.2325425513043218     
   7.1327274346949974        7.1425568230139387        7.1425568230139387     
   7.0431602693963313        7.0535061559558825        7.0535061559558825     
   6.9545524767827196        6.9654023854833396        6.9654023854833396     
   6.8669130152178983        6.8782544828108803        6.8782544828108803     
   6.7802483035169026        6.7920689021033125        6.7920689021033125     
   6.6945625304912024        6.7068498875806561        6.7068498875806561     
   6.6098579288780970        6.6225997452203771        6.6225997452203771     
   6.5261350177269453        6.5393190831134467        6.5393190831134467     
   6.4433928168493866        6.4570070240663009        6.4570070240663009     
   6.3616290365285462        6.3756613936294366        6.3756613936294366     
   6.2808402453171412        6.2952788863691653        6.2952788863691653     
   6.2010220184309857        6.2158552128765301        6.2158552128765301     
   6.1221690689580095        6.1373852297217804        6.1373852297217804     
   6.0442753638491711        6.0598630543099246        6.0598630543099246     
   5.9673342264329587        5.9832821663689240        5.9832821663689240     
   5.8913384269961044        5.9076354976038257        5.9076354976038257     
   5.8162802627968819        5.8329155108744954        5.8329155108744954     
   5.7421516287211585        5.7591142700991771        5.7591142700991771     
   5.6689440796531079        5.6862235019483798        5.6862235019483798     
   5.5966488855099570        5.6142346502716931        5.6142346502716931     
   5.5252570797816345        5.5431389240921805        5.5431389240921805     
   5.4547595023200790        5.4729273399073888        5.4729273399073888     
   5.3851468370378521        5.4035907589513688        5.4035907589513688     
   5.3164096451002756        5.3351199199971298        5.3351199199971298     
   5.2485383941285395        5.2675054682126143        5.2675054682126143     
   5.1815234838720778        5.2007379805244494        5.2007379805244494     
   5.1153552687560948        5.1348079878917288        5.1348079878917288     
   5.0500240776637444        5.0697059948459753        5.0697059948459753     
   4.9855202312713267        5.0054224966126286        5.0054224966126286     
   4.9218340572184935        4.9419479940932654        4.9419479940932654     
   4.8589559033631620        4.8792730069557715        4.8792730069557715     
   4.7968761493423298        4.8173880850513253        4.8173880850513253     
   4.7355852166346253        4.7562838183520055        4.7562838183520055     
   4.6750735772980674        4.6959508455805681        4.6959508455805681     
   4.6153317615366207        4.6363798616843157        4.6363798616843157     
   4.5563503642316086        4.5775616242875188        4.5775616242875188     
   4.4981200505583923        4.5194869592414593        4.5194869592414593     
   4.4406315607950333        4.4621467653774882        4.4621467653774882     
   4.3838757144173464        4.4055320185563982        4.4055320185563982     
   4.3278434135640049        4.3496337750966987        4.3496337750966987     
   4.2725256459457341        4.2944431746549308        4.2944431746549308     
   4.2179134872641608        4.2399514426227007        4.2399514426227007     
   4.1639981031983559        4.1861498920977436        4.1861498920977436     
   4.1107707510104694        4.1330299254796907        4.1330299254796907     
   4.0582227808159406        4.0805830357354314        4.0805830357354314     
   4.0063456365585495        4.0288008073737513        4.0288008073737513     
   3.9551308567259604        3.9776749171644070        3.9776749171644070     
   3.9045700748372876        3.9271971346327077        3.9271971346327077     
   3.8546550197306200        3.8773593223571252        3.8773593223571252     
   3.8053775156751870        3.8281534360942588        3.8281534360942588     
   3.7567294823300381        3.7795715247526829        3.7795715247526829     
   3.7087029345685614        3.7316057302347190        3.7316057302347190     
   3.6612899821859557        3.6842482871629625        3.6842482871629625     
   3.6144828295047717        3.6374915225064597        3.6374915225064597     
   3.5682737748919071        3.5913278551196921        3.5913278551196921     
   3.5226552101988799        3.5457497952059982        3.5457497952059982     
   3.4776196201358265        3.5007499437157183        3.5007499437157183     
   3.4331595815884697        3.4563209916881439        3.4563209916881439     
   3.3892677628862145        3.4124557195452927        3.4124557195452927     
   3.3459369230285709        3.3691469963445884        3.3691469963445884     
   3.3031599108762801        3.3263877789967111        3.3263877789967111     
   3.2609296643127479        3.2841711114541163        3.2841711114541163     
   3.2192392093807407        3.2424901238751063        3.2424901238751063     
   3.1780816593987189        3.2013380317677340        3.2013380317677340     
   3.1374502140606446        3.1607081351173179        3.1607081351173179     
   3.0973381585226663        3.1205938175009038        3.1205938175009038     
   3.2095084951839126        3.2033038328863515        3.2033038328863515     
   4.3073055508694731        4.3006716904482829        4.3006716904482829     
   5.2609468826968158        5.2538111636099067        5.2538111636099067     
   6.0871427821082031        6.0794718869333186        6.0794718869333186     
   6.8006912002675985        6.7924827103851673        6.7924827103851673     
   7.4146962868155919        7.4059716623635730        7.4059716623635730     
   7.9407619583859503        7.9315607270259267        7.9315607270259267     
   8.3891633499324740        8.3795383196232827        8.3795383196232827     
   8.7689986759319716        8.7590120133699330        8.7590120133699330     
   9.0883237397923171        9.0780437790039930        9.0780437790039930     
   9.3542710740481212        9.3437697392980610        9.3437697392980610     
   9.5731554674011381        9.5625062115253154        9.5625062115253154     
   9.7505674340193806        9.7398436078816228        9.7398436078816228     
   9.8914560027907843        9.8807295841029976        9.8807295841029976     
   10.000202046814840        9.9895426673388155        9.9895426673388155     
   10.080683233988699        10.070157453387703        10.070157453387703     
   10.136331556048075        10.126002338588489        10.126002338588489     
   10.170184284037269        10.160110641134924        10.160110641134924     
   10.184929101295099        10.175165868713952        10.175165868713952     
   10.182944079225896        10.173541802704134        10.173541802704134     
   10.166333085112557        10.157337992430287        10.157337992430287     
   10.136957143901430        10.128411185016551        10.128411185016551     
   10.096462216254208        10.088403156206796        10.088403156206796     
   10.046303802341189        10.038765354237558        10.038765354237558     
   9.9877687340645576        9.9807807216659903        9.9807807216659903     
   9.9219944769603217        9.9155830182747700        9.9155830182747700     
   9.8499862263223203        9.8441739311792045        9.8441739311792045     
   9.7726320495804071        9.7674382255011096        9.7674382255011096     
   9.6907162981681836        9.6861571599643419        9.6861571599643419     
   9.6049314866093258        9.6010203660787283        9.6010203660787283     
   9.5158888139592790        9.5126363668322806        9.5126363668322806     
   9.4241274827284602        9.4215418906690509        9.4215418906690509     
   9.3301229526885692        9.3282101186938888        9.3282101186938888     
   9.2342942512644228        9.2330579872513603        9.2330579872513603     
   9.1370104483082173        9.1364526540404096        9.1364526540404096     
   9.0385963907364051        9.0387172235421627        9.0387172235421627     
   8.9393377816000363        8.9401358165718676        8.9401358165718676     
   8.8394856784963913        8.8409580590552874        8.8409580590552874     
   8.7392604776709994        8.7414030565310306        8.7414030565310306     
   8.6388554425780359        8.6416629132659537        8.6416629132659537     
   8.5384398289525247        8.5419058481283567        8.5419058481283567     
   8.4381616525000087        8.4422789533931155        8.4422789533931155     
   8.3381501400415718        8.3429106373660922        8.3429106373660922     
   8.2385179002858262        8.2439127870335884        8.2439127870335884     
   8.1393628462666765        8.1453826827970843        8.1453826827970843     
   8.0407698978248483        8.0474046936826369        8.0474046936826369     
   7.9428124892687633        7.9500517781637798        7.9500517781637798     
   7.8455539044783498        7.8533868128583455        7.8533868128583455     
   7.7490484591715285        7.7574637688108483        7.7574637688108483     
   7.6533425477999497        7.6623287528150792        7.6623287528150792     
   7.5584755705448048        7.5680209292330032        7.5680209292330032     
   7.4644807541158400        7.4745733359963209        7.4745733359963209     
   7.3713858784909645        7.3820136069099691        7.3820136069099691     
   7.2792139203469883        7.2903646109891342        7.2903646109891342     
   7.1879836227036842        7.1996450183326131        7.1996450183326131     
   7.0977099992153034        7.1098698009472283        7.1098698009472283     
   7.0084047805799887        7.0210506759745117        7.0210506759745117     
   6.9200768096839287        6.9331964979176988        6.9331964979176988     
   6.8327323913410103        6.8463136057115346        6.8463136057115346     
   6.7463756018190715        6.7604061298084508        6.7604061298084508     
   6.6610085627506681        6.6754762638622340        6.6754762638622340     
   6.5766316835009082        6.5915245050657667        6.5915245050657667     
   6.4932438755995019        6.5085498667348878        6.5085498667348878     
   6.4108427424320551        6.4265500663191233        6.4265500663191233     
   6.3294247470204557        6.3455216916558124        6.3455216916558124     
   6.2489853603989207        6.2654603479616027        6.2654603479616027     
   6.1695191928057564        6.1863607877697362        6.1863607877697362     
   6.0910201096572480        6.1082170257686261        6.1082170257686261     
   6.0134813340453448        6.0310224402732979        6.0310224402732979     
   5.9368955373017762        5.9547698628629684        5.9547698628629684     
   5.8612549189949670        5.8794516575424502        5.8794516575424502     
   5.7865512775699157        5.8050597906295804        5.8050597906295804     
   5.7127760727029386        5.7315858924331788        5.7315858924331788     
   5.6399204803206491        5.6590213116641488        5.6590213116641488     
   5.5679754411240445        5.5873571634143504        5.5873571634143504     
   5.4969317033624545        5.5165843714422760        5.5165843714422760     
   5.4267798605169828        5.4466937054199427        5.4466937054199427     
   5.3575103844776715        5.3776758137204137        5.3776758137204137     
   5.2891136547318318        5.3095212522590227        5.3095212522590227     
   5.2215799840218153        5.2422205098425572        5.2422205098425572     
   5.1548996408781509        5.1757640304286703        5.1757640304286703     
   5.0890628693874858        5.1101422326516479        5.1101422326516479     
   5.0240599065137515        5.0453455269298777        5.0453455269298777     
   4.9598809972545066        4.9813643304342401        4.9813643304342401     
   4.8965164078821646        4.9181890801646118        4.9181890801646118     
   4.8339564374913007        4.8558102443533677        4.8558102443533677     
   4.7721914280478694        4.7942183323896703        4.7942183323896703     
   4.7112117731137948        4.7334039034360975        4.7334039034360975     
   4.6510079254005339        4.6733575738895361        4.6733575738895361     
   4.5915704032876468        4.6140700238207817        4.6140700238207817     
   4.5328897964268284        4.5555320025119359        4.5555320025119359     
   4.4749567705380455        4.4977343331969637        4.4977343331969637     
   4.4177620714922581        4.4406679170987395        4.4406679170987395     
   4.3612965287643330        4.3843237368451424        4.3843237368451424     
   4.3055510583302077        4.3286928593373437        4.3286928593373437     
   4.2505166650738548        4.2737664381349791        4.2737664381349791     
   4.1961844447621113        4.2195357154154838        4.2195357154154838     
   4.1425455856387279        4.1659920235582986        4.1659920235582986     
   4.0895913696831556        4.1131267863987988        4.1131267863987988     
   4.0373131735743124        4.0609315201916578        4.0609315201916578     
   3.9857024693949934        4.0093978343187864        4.0093978343187864     
   3.9347508251084400        3.9585174317729179        3.9585174317729179     
   3.8844499048350065        3.9082821094443672        3.9082821094443672     
   3.8347914689536160        3.8586837582352729        3.8586837582352729     
   3.7857673740498554        3.8097143630228669        3.8097143630228669     
   3.7373695727300569        3.7613660024908020        3.7613660024908020     
   3.6895901133184532        3.7136308488453582        3.7136308488453582     
   3.6424211394525461        3.6665011674314432        3.6665011674314432     
   3.5958548895900506        3.6199693162615172        3.6199693162615172     
   3.5498836964392488        3.5740277454690914        3.5740277454690914     
   3.5044999863231969        3.5286689966970712        3.5286689966970712     
   3.4596962784870247        3.4838857024300296        3.4838857024300296     
   3.4154651843564854        3.4396705852784280        3.4396705852784280     
   3.3717994067549606        3.3960164572218670        3.3960164572218670     
   3.3286917390852824        3.3529162188176200        3.3529162188176200     
   3.2861350644819831        3.3103628583799622        3.3103628583799622     
   3.2441223549389298        3.2683494511351610        3.2683494511351610     
   3.2026466704167049        3.2268691583564202        3.2268691583564202     
   3.1617011579335834        3.1859152264825457        3.1859152264825457     
   3.1212790506434884        3.1454809862236703        3.1454809862236703     
   3.2331432996102554        3.2278751393537886        3.2278751393537886     
   4.3306381809735539        4.3249311435096347        4.3249311435096347     
   5.2839812018201675        5.2777627212373579        5.2777627212373579     
   6.1098826041989893        6.1031194568653673        6.1031194568653673     
   6.8231402905121108        6.8158301507641879        6.8158301507641879     
   7.4368583622616820        7.4290227823652772        7.4290227823652772     
   7.9626406885584835        7.9543192874808328        7.9543192874808328     
   8.4107623574409178        8.4020080336303096        8.4020080336303096     
   8.7903215370702181        8.7811965469021942        8.7811965469021942     
   9.1093739851308300        9.0999467515069057        9.0999467515069057     
   9.3750521890185219        9.3653947242798683        9.3653947242798683     
   9.5936708928733072        9.5838567371401115        9.5838567371401115     
   9.7708205668711905        9.7609231575049726        9.7609231575049726     
   9.9114501964705450        9.9015415969002607        9.9015415969002607     
   10.019940611896544        10.010090538826246        10.010090538826246     
   10.100169438720185        10.090444535986443        10.090444535986443     
   10.155568626892169        10.146031942171513        10.146031942171513     
   10.189175406206012        10.179886033567055        10.179886033567055     
   10.203677419277140        10.194690276385023        10.194690276385023     
   10.201452697307156        10.192818411055372        10.192818411055372     
   10.184605067890221        10.176369946474027        10.176369946474027     
   10.154995516791370        10.147201589849351        10.147201589849351     
   10.114269965991927        10.106955077516032        10.106955077516032     
   10.063883877476352        10.057081818801610        10.057081818801610     
   10.005124045449209        9.9988647178480559        9.9988647178480559     
   9.9391278982308471        9.9334374965104235        9.9334374965104235     
   9.8669005943752559        9.8618018044577678        9.8618018044577678     
   9.7893301650421627        9.7848423698409057        9.7848423698409057     
   9.7072009258587713        9.7033404148819287        9.7033404148819287     
   9.6212053560001358        9.6179855350521724        9.6179855350521724     
   9.5319546196250258        9.5293862177585389        9.5293862177585389     
   9.4399878847933394        9.4380791563155668        9.4380791563155668     
   9.3457805772667069        9.3445374971444508        9.3445374971444508     
   9.2497516908947102        9.2491781423462864        9.2491781423462864     
   9.1522702623835634        9.1523682158111690        9.1523682158111690     
   9.0536611059275227        9.0544307886404667        9.0544307886404667     
   8.9542098922737896        8.9556499486933170        8.9556499486933170     
   8.8541676471288184        8.8562752893576437        8.8562752893576437     
   8.7537547352550220        8.7565258840471767        8.7565258840471767     
   8.6531643890260010        8.6565938053116263        8.6565938053116263     
   8.5525658334935475        8.5566472407046774        8.5566472407046774     
   8.4521070540722842        8.4568332515840385        8.4568332515840385     
   8.3519172476796335        8.3572802157307979        8.3572802157307979     
   8.2521089935028780        8.2580999899938927        8.2580999899938927     
   8.1527801754320173        8.1593898250199359        8.1593898250199359     
   8.0540156845364912        8.0612340604577621        8.0612340604577621     
   7.9558889267212738        7.9637056257765328        7.9637056257765328     
   7.8584631578259918        7.8668673689578190        7.8668673689578190     
   7.7617926658867615        7.7707732327733225        7.7707732327733225     
   7.6659238180273448        7.6754692961028530        7.6754692961028530     
   7.5708959874504353        7.5809946957486725        7.5809946957486725     
   7.4767423742322094        7.4873824424325610        7.4873824424325610     
   7.3834907320575116        7.3946601430948746        7.3946601430948746     
   7.2911640116462575        7.3028506402271782        7.3028506402271782     
   7.1997809303931808        7.2119725777412818        7.2119725777412818     
   7.1093564766551163        7.1220409017893758        7.1220409017893758     
   7.0199023561562237        7.0330673039865070        7.0330673039865070     
   6.9314273871280001        6.9450606136333972        6.9450606136333972     
   6.8439378500448580        6.8580271447821435        6.8580271447821435     
   6.7574377971463431        6.7719710033183347        6.7719710033183347     
   6.6719293263439248        6.6868943586407124        6.6868943586407124     
   6.5874128235848977        6.6027976839949520        6.6027976839949520     
   6.5038871772805678        6.5196799690536169        6.5196799690536169     
   6.4213499679936987        6.4375389079230372        6.4375389079230372     
   6.3397976362151383        6.3563710653936170        6.3563710653936170     
   6.2592256307361200        6.2761720239275798        6.2761720239275798     
   6.1796285398363491        6.1969365135925347        6.1969365135925347     
   6.1010002072542520        6.1186585268963904        6.1186585268963904     
   6.0233338346810728        6.0413314202551813        6.0413314202551813     
   5.9466220723214498        5.9649480036270655        5.9649480036270655     
   5.8708570988868294        5.8895006196702102        5.8895006196702102     
   5.7960306922318887        5.8149812136267309        5.8149812136267309     
   5.7221342917058724        5.7413813949972168        5.7413813949972168     
   5.6491590531682103        5.6686924919484323        5.6686924919484323     
   5.5770958975092757        5.5969055992888395        5.5969055992888395     
   5.5059355534210548        5.5260116207509657        5.5260116207509657     
   5.4356685950773542        5.4560013062350290        5.4560013062350290     
   5.3662854753077633        5.3868652845932319        5.3868652845932319     
   5.2977765547828293        5.3185940924678006        5.3185940924678006     
   5.2301321276687220        5.2511781996370255        5.2511781996370255     
   5.1633424441572773        5.1846080312715701        5.1846080312715701     
   5.0973977302309201        5.1188739874571692        5.1188739874571692     
   5.0322882049808237        5.0539664602990735        5.0539664602990735     
   4.9680040957602891        4.9898758488874506        4.9898758488874506     
   4.9045356514230622        4.9265925723709438        4.9265925723709438     
   4.8418731538677502        4.8641070813572576        4.8641070813572576     
   4.7800069280841893        4.8024098678345704        4.8024098678345704     
   4.7189273508752283        4.7414914737853282        4.7414914737853282     
   4.6586248584075163        4.6813424986443293        4.6813424986443293     
   4.5990899527273372        4.6219536057355635        4.6219536057355635     
   4.5403132073619261        4.5633155278068669        4.5633155278068669     
   4.4822852721129491        4.5054190717677969        4.5054190717677969     
   4.4249968771365786        4.4482551227239986        4.4482551227239986     
   4.3684388363938140        4.3918146473906807        4.3918146473906807     
   4.3126020505450686        4.3360886969583055        4.3360886969583055     
   4.2574775093546053        4.2810684094751927        4.2810684094751927     
   4.2030562936628559        4.2267450118043319        4.2267450118043319     
   4.1493295769780056        4.1731098212050837        4.1731098212050837     
   4.0962886267323322        4.1201542465846410        4.1201542465846410     
   4.0439248052435719        4.0678697894589666        4.0678697894589666     
   3.9922295704169453        4.0162480446583135        4.0162480446583135     
   3.9411944762193816        3.9652807008084499        3.9652807008084499     
   3.8908111729538697        3.9149595406150626        3.9149595406150626     
   3.8410714073586227        3.8652764409756935        3.8652764409756935     
   3.7919670225529165        3.8162233729407213        3.8162233729407213     
   3.7434899578489396        3.7677924015424296        3.7677924015424296     
   3.6956322484467510        3.7199756855089925        3.7199756855089925     
   3.6483860250274711        3.6727654768782716        3.6727654768782716     
   3.6017435132580840        3.6261541205245709        3.6261541205245709     
   3.5556970332196709        3.5801340536099913        3.5801340536099913     
   3.5102389987695291        3.5346978049706590        3.5346978049706590     
   3.4653619168464047        3.4898379944469089        3.4898379944469089     
   3.4210583867270068        3.4455473321654408        3.4455473321654408     
   3.3773210992410005        3.4018186177805356        3.4018186177805356     
   3.3341428359508423        3.3586447396805772        3.3586447396805772     
   3.2915164683020688        3.3160186741653943        3.3160186741653943     
   3.2494349567489991        3.2739334845992962        3.2739334845992962     
   3.2078913498602004        3.2323823205440734        3.2323823205440734     
   3.1668787834075811        3.1913584168757607        3.1913584168757607     
   3.1263904794424855        3.1508550928884698        3.1508550928884698     
   3.2381893780701909        3.2331810390871358        3.2331810390871358     
   4.3356197446054585        4.3301697019760077        4.3301697019760077     
   5.2888990754552827        5.2829347931167518        5.2829347931167518     
   6.1147376021229691        6.1082258859903744        6.1082258859903744     
   6.8279332165998481        6.8208717702576624        6.8208717702576624     
   7.4415900101104127        7.4340004147762704        7.4340004147762704     
   7.9673118416191882        7.9592337449187891        7.9592337449187891     
   8.4153737891480436        8.4068601178975619        8.4068601178975619     
   8.7948740109697425        8.7859870496247829        8.7859870496247829     
   9.1138682550066861        9.1046764542637320        9.1046764542637320     
   9.3794889990174024        9.3700643987302108        9.3700643987302108     
   9.5980509776278922        9.5884671451495276        9.5884671451495276     
   9.7751446516217690        9.7654750512695916        9.7654750512695916     
   9.9157189971851043        9.9060357190695090        9.9060357190695090     
   10.024154835389322        10.014527622624017        10.014527622624017     
   10.104329782768700        10.094825305330716        10.094825305330716     
   10.159675780352746        10.150357111792466        10.150357111792466     
   10.193230049127855        10.184156309123674        10.184156309123674     
   10.207680223014933        10.198906354580229        10.198906354580229     
   10.205404324632209        10.196980979749696        10.196980979749696     
   10.188506173100224        10.180479684797826        10.180479684797826     
   10.158846745818723        10.151259168313612        10.151259168313612     
   10.118071956510692        10.110961158121777        10.110961158121777     
   10.067637259007835        10.061037055147892        10.061037055147892     
   10.008829439466201        10.002769755238598        10.002769755238598     
   9.9427859182605172        9.9372929720588985        9.9372929720588985     
   9.8705118461007437        9.8656083471917491        9.8656083471917491     
   9.7928952464028640        9.7886006008044948        9.7886006008044948     
   9.7107204271493401        9.7070509472370698        9.7070509472370698     
   9.6246798599682251        9.6216489741787061        9.6216489741787061     
   9.5353847015677751        9.5330031613529620        9.5330031613529620     
   9.4433741126526325        9.4416501944885454        9.4416501944885454     
   9.3491235117232190        9.3480632125171006        9.3480632125171006     
   9.2530518854607244        9.2526591101452347        9.2526591101452347     
   9.1555282634946344        9.1558050039623939        9.1558050039623939     
   9.0568774530329481        9.0578239578619613        9.0578239578619613     
   8.9573851179259325        8.9590000525865676        8.9590000525865676     
   8.8573022770712893        8.8595828744979599        8.8595828744979599     
   8.7568492885097218        8.7597914900728551        8.7597914900728551     
   8.6562193779790562        8.6598179650119906        8.6598179650119906     
   8.5555817639801610        8.5598304801070206        8.5598304801070206     
   8.4550844254604804        8.4599760900394312        8.4599760900394312     
   8.3548565529529490        8.3603831659988224        8.3603831659988224     
   8.2550107193419802        8.2611635583263094        8.2611635583263094     
   8.1556448022952974        8.1624145112432700        8.1624145112432700     
   8.0568436867396080        8.0642203580548557        8.0642203580548557     
   7.9586807725156952        7.9666540219670550        7.9666540219670550     
   7.8612193094765237        7.8697783447777612        7.8697783447777612     
   7.7645135797480895        7.7736472631534754        7.7736472631534754     
   7.6686099446195941        7.6783068499462939        7.6783068499462939     
   7.5735477715337680        7.5837962360072702        7.5837962360072702     
   7.4793602548804641        7.4901484261825022        7.4901484261825022     
   7.3860751427309115        7.3973910216112406        7.3973910216112406     
   7.2937153802631700        7.3055468590575705        7.3055468590575705     
   7.2022996794009781        7.2146345767785132        7.2146345767785132     
   7.1118430231001213        7.1246691153432398        7.1246691153432398     
   7.0223571117527612        7.0356621608546366        7.0356621608546366     
   6.9338507583265709        6.9476225371712248        6.9476225371712248     
   6.8463302380994362        6.8605565529719694        6.8605565529719694     
   6.7597995981808117        6.7744683088375233        6.7744683088375233     
   6.6742609314176669        6.6893599689290237        6.6893599689290237     
   6.5897146187575499        6.6052320013210117        6.6052320013210117     
   6.5061595436759356        6.5220833905805495        6.5220833905805495     
   6.4235932818628694        6.4399118257732644        6.4399118257732644     
   6.3420122689987730        6.3587138667128320        6.3587138667128320     
   6.2614119491259590        6.2784850909479095        6.2784850909479095     
   6.1817869058359278        6.1992202236949057        6.1992202236949057     
   6.1031309782388385        6.1209132526720955        6.1209132526720955     
   6.0254373634568426        6.0435575295666686        6.0435575295666686     
   5.9486987071839010        5.9671458596679603        5.9671458596679603     
   5.8729071836784525        5.8916705810245640        5.8916705810245640     
   5.7980545663990997        5.8171236343275305        5.8171236343275305     
   5.7241322903552163        5.7434966245841421        5.7434966245841421     
   5.6511315071218480        5.6707808755248870        5.6707808755248870     
   5.5790431333597601        5.5989674775782516        5.5989674775782516     
   5.5078578935854061        5.5280473301523818        5.5280473301523818     
   5.4375663578504447        5.4580111788779933        5.4580111788779933     
   5.3681589749150218        5.3888496483919779        5.3888496483919779     
   5.2996261014322670        5.3205532711747479        5.3205532711747479     
   5.2319580276022961        5.2531125128956049        5.2531125128956049     
   5.1651449997015995        5.1865177946683696        5.1865177946683696     
   5.0991772398473145        5.1207595125734215        5.1207595125734215     
   5.0340449633147424        5.0558280547614967        5.0558280547614967     
   4.9697383936901005        4.9917138164184340        4.9917138164184340     
   4.9062477761082137        4.9284072128381000        4.9284072128381000     
   4.8435633887963148        4.8658986908223492        4.8658986908223492     
   4.7816755531198050        4.8041787386018120        4.8041787386018120     
   4.7205746423034380        4.7432378944490763        4.7432378944490763     
   4.6602510889815116        4.6830667541361670        4.6830667541361670     
   4.6006953917131224        4.6236559773707846        4.6236559773707846     
   4.5418981205829008        4.5649962933303811        4.5649962933303811     
   4.4838499219939232        4.5070785053994342        4.5070785053994342     
   4.4265415227472253        4.4498934952032538        4.4498934952032538     
   4.3699637334915620        4.3934322260208880        4.3934322260208880     
   4.3141074516174518        4.3376857456502433        4.3376857456502433     
   4.2589636636610697        4.2826451887901467        4.2826451887901467     
   4.2045234472760304        4.2283017789966015        4.2283017789966015     
   4.1507779728244438        4.1746468302639554        4.1746468302639554     
   4.0977185046327387        4.1216717482758289        4.1216717482758289     
   4.0453364019525093        4.0693680313655216        4.0693680313655216     
   3.9936231196620353        4.0177272712210215        4.0177272712210215     
   3.9425702087400065        3.9667411533657084        3.9667411533657084     
   3.8921693165393751        3.9164014574422583        3.9164014574422583     
   3.8424121868860341        3.8667000573240760        3.8667000573240760     
   3.7932906600241765        3.8176289210757850        3.8176289210757850     
   3.7447966724276647        3.7691801107818081        3.7691801107818081     
   3.6969222564945183        3.7213457822598732        3.7213457822598732     
   3.6496595401396452        3.6741181846743323        3.6741181846743323     
   3.6030007462991822        3.6274896600624515        3.6274896600624515     
   3.5569381923582779        3.5814526427853015        3.5814526427853015     
   3.5114642895127641        3.5359996589135263        3.5359996589135263     
   3.4665715420739507        3.4911233255570782        3.4911233255570782     
   3.4222525467247005        3.4468163501469289        3.4468163501469289     
   3.3784999917339960        3.4030715296758429        3.4030715296758429     
   3.3353066561363489        3.3598817499044684        3.3598817499044684     
   3.2926654088816729        3.3172399845382494        3.3172399845382494     
   3.2505692079605697        3.2751392943800357        3.2751392943800357     
   3.2090110995093881        3.2335728264626700        3.2335728264626700     
   3.1679842168989145        3.1925338131653342        3.1925338131653342     
   3.1274817798100703        3.1520155713169786        3.1520155713169786     
   3.0874970932996066        3.1120115012897620        3.1120115012897620     
   3.0480235468584107        3.0725150860850756        3.0725150860850756     
   3.0090546134647322        3.0335198904144125        3.0335198904144125     
   2.9705838486343512        2.9950195597770684        2.9950195597770684     
   2.9326048894694536        2.9570078195364045        2.9570078195364045     
   2.8951114537077687        2.9194784739962056        2.9194784739962056     
   2.8580973387733306        2.8824254054784548        2.8824254054784548     
   2.8215564208300350        2.8458425734036976        2.8458425734036976     
   2.7854826538390345        2.8097240133749914        2.8097240133749914     
   2.7498700686208566        2.7740638362663335        2.7740638362663335     
   2.7147127719230317        2.7388562273163268        2.7388562273163268     
   2.6800049454938910        2.7040954452277353        2.7040954452277353     
   2.6457408451631208        2.6697758212735017        2.6697758212735017     
   2.6119147999295658        2.6358917584097172        2.6358917584097172     
   2.5785212110566973        2.6024377303959541        2.6024377303959541     
   2.5455545511761146        2.5694082809233083        2.5694082809233083     
   2.5130093633993753        2.5367980227504656        2.5367980227504656     
   2.4808802604384042        2.5046016368480188        2.5046016368480188     
   2.4491619237346933        2.4728138715512591        2.4728138715512591     
   2.4178491025974558        2.4414295417215919        2.4414295417215919     
   2.3869366133508758        2.4104435279167249        2.4104435279167249     
   2.3564193384905470        2.3798507755697207        2.3798507755697207     
   2.3262922258491887        2.3496462941770022        2.3496462941770022     
   2.2965502877716850        2.3198251564953525        2.3198251564953525     
   2.2671886002994879        2.2903824977479594        2.2903824977479594     
   2.2382023023643947        2.2613135148395100        2.2613135148395100     
   2.2095865949917024        2.2326134655803411        2.2326134655803411     
   2.1813367405127271        2.2042776679196394        2.2042776679196394     
   2.1534480617866572        2.1763014991876624        2.1763014991876624     
   2.1259159414317139        2.1486803953469460        2.1486803953469460     
   2.0987358210655636        2.1214098502524612        2.1214098502524612     
   2.0719032005549352        2.0944854149206686        2.0944854149206686     
   2.0454136372743852        2.0679026968074110        2.0679026968074110     
   2.0192627453741365        2.0416573590945868        2.0416573590945868     
   1.9934461950569278        2.0157451199855343        2.0157451199855343     
   1.9679597118637966        1.9901617520090544        1.9901617520090544     
   1.9427990759687155        1.9649030813319999        1.9649030813319999     
   1.9179601214820026        1.9399649870803495        1.9399649870803495     
   1.8934387357624203        1.9153434006686918        1.9153434006686918     
   1.8692308587378770        1.8910343051380287        1.8910343051380287     
   1.8453324822346431        1.8670337345018226        1.8670337345018226     
   1.8217396493149931        1.8433377731001932        1.8433377731001932     
   1.7984484536231811        1.8199425549621848        1.8199425549621848     
   1.7754550387396604        1.7968442631760106        1.7968442631760106     
   1.7527555975434557        1.7740391292671904        1.7740391292671904     
   1.7303463715825929        1.7515234325844888        1.7515234325844888     
   1.7082236504524957        1.7292934996935694        1.7292934996935694     
   1.6863837711822596        1.7073457037782727        1.7073457037782727     
   1.6648231176287036        1.6856764640494313        1.6856764640494313     
   1.6435381198781160        1.6642822451611334        1.6642822451611334     
   1.6225252536555954        1.6431595566343447        1.6431595566343447     
   1.6017810397418997        1.6223049522878035        1.6223049522878035     
   1.5813020433977110        1.6017150296760994        1.6017150296760994     
   1.5610848737952261        1.5813864295348519        1.5813864295348519     
   1.5411261834569840        1.5613158352328975        1.5613158352328975     
   1.5214226677018385        1.5414999722314056        1.5414999722314056     
   1.5019710640979904        1.5219356075498340        1.5219356075498340     
   1.4827681519229925        1.5026195492386423        1.5026195492386423     
   1.4638107516306385        1.4835486458586782        1.4835486458586782     
   1.4450957243246485        1.4647197859671564        1.4647197859671564     
   1.4266199712390735        1.4461298976101451        1.4461298976101451     
   1.4083804332253242        1.4277759478214829        1.4277759478214829     
   1.3903740902457504        1.4096549421280409        1.4096549421280409     
   1.3725979608736829        1.3917639240612574        1.3917639240612574     
   1.3550491017998580        1.3740999746748612        1.3740999746748612     
   1.3377246073451450        1.3566602120687079        1.3566602120687079     
   1.3206216089794955        1.3394417909186529        1.3394417909186529     
   1.3037372748470379        1.3224419020123859        1.3224419020123859     
   1.2870688092972367        1.3056577717911486        1.3056577717911486     
   1.2706134524220400        1.2890866618972674        1.2890866618972674     
   1.2543684795989432        1.2727258687274208        1.2727258687274208     
   1.2383312010398886        1.2565727229915755        1.2565727229915755     
   1.2224989613459285        1.2406245892775154        1.2406245892775154     
   1.2068691390675801        1.2248788656208964        1.2248788656208964     
   1.1914391462707983        1.2093329830807524        1.2093329830807524     
   1.1762064281084945        1.1939844053203890        1.1939844053203890     
   1.1611684623975329        1.1788306281935934        1.1788306281935934     
   1.1463227592011307        1.1638691793360953        1.1638691793360953     
   1.1316668604165980        1.1490976177622092        1.1490976177622092     
   1.1171983393683458        1.1345135334665959        1.1345135334665959     
   1.1029148004060962        1.1201145470310765        1.1201145470310765     
   1.0888138785082291        1.1058983092364374        1.1058983092364374     
   1.0748932388901973        1.0918625006791578        1.0918625006791578     
   1.0611505766179496        1.0780048313930040        1.0780048313930040     
   1.0475836162262946        1.0643230404754229        1.0643230404754229     
   1.0341901113421408        1.0508148957186791        1.0508148957186791     
   1.0209678443125576        1.0374781932456700        1.0374781932456700     
   1.0079146258375860        1.0243107571503658        1.0243107571503658     
  0.99502829460774711        1.0113104391428094        1.0113104391428094     
  0.98230671694618354       0.99847511819862367       0.99847511819862367     
  0.96974778645537452       0.98580270021296534       0.98580270021296534     
  0.95734942366836884       0.97329111765887144       0.97329111765887144     
  0.94510957570447629       0.96093832924994071       0.96093832924994071     
  0.93302621592936053       0.94874231960729671       0.94874231960729671     
  0.92109734361947770       0.93670109893077758       0.93670109893077758     
  0.90932098363080460       0.92481270267429716       0.92481270267429716     
  0.89769518607180310       0.91307519122532932       0.91307519122532932     
  0.88621802598056409       0.90148664958845681       0.90148664958845681     
  0.87488760300608026       0.89004518707293789       0.89004518707293789     
  0.86370204109359272       0.87874893698423784       0.87874893698423784     
  0.85265948817396175       0.86759605631947623       0.86759605631947623     
  0.84175811585700777       0.85658472546673747       0.85658472546673747     
  0.83099611912877269       0.84571314790819974       0.84571314790819974     
  0.82037171605265258       0.83497954992702983       0.83497954992702983     
  0.80988314747435131       0.82438218031799915       0.82438218031799915     
  0.79952867673060568       0.81391931010177210       0.81391931010177210     
  0.78930658936163467       0.80358923224282042       0.80358923224282042     
  0.77921519282726570       0.79339026137091750       0.79339026137091750     
  0.76925281622668906       0.78332073350616838       0.78332073350616838     
  0.75941781002179620       0.77337900578752783       0.77337900578752783     
  0.74970854576405499       0.76356345620476618       0.76356345620476618     
  0.74012341582487640       0.75387248333383450       0.75387248333383450     
  0.73066083312942887       0.74430450607559073       0.74430450607559073     
  0.72131923089385619       0.73485796339784004       0.73485796339784004     
  0.71209706236585413       0.72553131408065086       0.72553131408065086     
  0.70299280056856484       0.71632303646490081       0.71632303646490081     
  0.69400493804774455       0.70723162820401708       0.70723162820401708     
   0.0000000000000000     
  0.20000000000000001     
  0.40000000000000002     
  0.60000000000000009     
  0.80000000000000004     
   1.0000000000000000     
   1.2000000000000000     
   1.3999999999999999     
   1.5999999999999999     
   1.7999999999999998     
   1.9999999999999998     
   2.1999999999999997     
   2.3999999999999999     
   2.6000000000000001     
   2.8000000000000003     
   3.0000000000000004     
   3.2000000000000006     
   3.4000000000000008     
   3.6000000000000010     
   3.8000000000000012     
   4.0000000000000009     
   4.2000000000000011     
   4.4000000000000012     
   4.6000000000000014     
   4.8000000000000016     
   5.0000000000000018     
   5.2000000000000020     
   5.4000000000000021     
   5.6000000000000023     
   5.8000000000000025     
   6.0000000000000027     
   6.2000000000000028     
   6.4000000000000030     
   6.6000000000000032     
   6.8000000000000034     
   7.0000000000000036     
   7.2000000000000037     
   7.4000000000000039     
   7.6000000000000041     
   7.8000000000000043     
   8.0000000000000036     
   8.2000000000000028     
   8.4000000000000021     
   8.6000000000000014     
   8.8000000000000007     
   9.0000000000000000     
   9.1999999999999993     
   9.3999999999999986     
   9.5999999999999979     
   9.7999999999999972     
   9.9999999999999964     
   10.199999999999996     
   10.399999999999995     
   10.599999999999994     
   10.799999999999994     
   10.999999999999993     
   11.199999999999992     
   11.399999999999991     
   11.599999999999991     
   11.799999999999990     
   11.999999999999989     
   12.199999999999989     
   12.399999999999988     
   12.599999999999987     
   12.799999999999986     
   12.999999999999986     
   13.199999999999985     
   13.399999999999984     
   13.599999999999984     
   13.799999999999983     
   13.999999999999982     
   14.199999999999982     
   14.399999999999981     
   14.599999999999980     
   14.799999999999979     
   14.999999999999979     
   15.199999999999978     
   15.399999999999977     
   15.599999999999977     
   15.799999999999976     
   15.999999999999975     
   16.199999999999974     
   16.399999999999974     
   16.599999999999973     
   16.799999999999972     
   16.999999999999972     
   17.199999999999971     
   17.399999999999970     
   17.599999999999969     
   17.799999999999969     
   17.999999999999968     
   18.199999999999967     
   18.399999999999967     
   18.599999999999966     
   18.799999999999965     
   18.999999999999964     
   19.199999999999964     
   19.399999999999963     
   19.599999999999962     
   19.799999999999962     
   19.999999999999961     
   20.199999999999960     
   20.399999999999959     
   20.599999999999959     
   20.799999999999958     
   20.999999999999957     
   21.199999999999957     
   21.399999999999956     
   21.599999999999955     
   21.799999999999955     
   21.999999999999954     
   22.199999999999953     
   22.399999999999952     
   22.599999999999952     
   22.799999999999951     
   22.999999999999950     
   23.199999999999950     
   23.399999999999949     
   23.599999999999948     
   23.799999999999947     
   23.999999999999947     
   24.199999999999946     
   24.399999999999945     
   24.599999999999945     
   24.799999999999944     
   24.999999999999943     
   25.199999999999942     
   25.399999999999942     
   25.599999999999941     
   25.799999999999940     
   25.999999999999940     
   26.199999999999939     
   26.399999999999938     
   26.599999999999937     
   26.799999999999937     
   26.999999999999936     
   27.199999999999935     
   27.399999999999935     
   27.599999999999934     
   27.799999999999933     
   27.999999999999932     
   28.199999999999932     
   28.399999999999931     
   28.599999999999930     
   28.799999999999930     
   28.999999999999929     
   29.199999999999928     
   29.399999999999928     
   29.599999999999927     
   29.799999999999926     
   29.999999999999925     
   30.199999999999925     
   30.399999999999924     
   30.599999999999923     
   30.799999999999923     
   30.999999999999922     
   31.199999999999921     
   31.399999999999920     
   31.599999999999920     
   31.799999999999919     
   31.999999999999918     
   32.199999999999918     
   32.399999999999920     
   32.599999999999923     
   32.799999999999926     
   32.999999999999929     
   33.199999999999932     
   33.399999999999935     
   33.599999999999937     
   33.799999999999940     
   33.999999999999943     
   34.199999999999946     
   34.399999999999949     
   34.599999999999952     
   34.799999999999955     
   34.999999999999957     
   35.199999999999960     
   35.399999999999963     
   35.599999999999966     
   35.799999999999969     
   35.999999999999972     
   36.199999999999974     
   36.399999999999977     
   36.599999999999980     
   36.799999999999983     
   36.999999999999986     
   37.199999999999989     
   37.399999999999991     
   37.599999999999994     
   37.799999999999997     
   38.000000000000000     
   38.200000000000003     
   38.400000000000006     
   38.600000000000009     
   38.800000000000011     
   39.000000000000014     
   39.200000000000017     
   39.400000000000020     
   39.600000000000023     
   39.800000000000026     
   40.000000000000028     
   40.200000000000031     
   40.400000000000034     
   40.600000000000037     
   40.800000000000040     
   41.000000000000043     
   41.200000000000045     
   41.400000000000048     
   41.600000000000051     
   41.800000000000054     
   42.000000000000057     
   42.200000000000060     
   42.400000000000063     
   42.600000000000065     
   42.800000000000068     
   43.000000000000071     
   43.200000000000074     
   43.400000000000077     
   43.600000000000080     
   43.800000000000082     
   44.000000000000085     
   44.200000000000088     
   44.400000000000091     
   44.600000000000094     
   44.800000000000097     
   45.000000000000099     
   45.200000000000102     
   45.400000000000105     
   45.600000000000108     
   45.800000000000111     
   46.000000000000114     
   46.200000000000117     
   46.400000000000119     
   46.600000000000122     
   46.800000000000125     
   47.000000000000128     
   47.200000000000131     
   47.400000000000134     
   47.600000000000136     
   47.800000000000139     
   48.000000000000142     
   48.200000000000145     
   48.400000000000148     
   48.600000000000151     
   48.800000000000153     
   49.000000000000156     
   49.200000000000159     
   49.400000000000162     
   49.600000000000165     
   49.800000000000168     
   50.000000000000171     
   50.200000000000173     
   50.400000000000176     
   50.600000000000179     
   50.800000000000182     
   51.000000000000185     
   51.200000000000188     
   51.400000000000190     
   51.600000000000193     
   51.800000000000196     
   52.000000000000199     
   52.200000000000202     
   52.400000000000205     
   52.600000000000207     
   52.800000000000210     
   53.000000000000213     
   53.200000000000216     
   53.400000000000219     
   53.600000000000222     
   53.800000000000225     
   54.000000000000227     
   54.200000000000230     
   54.400000000000233     
   54.600000000000236     
   54.800000000000239     
   55.000000000000242     
   55.200000000000244     
   55.400000000000247     
   55.600000000000250     
   55.800000000000253     
   56.000000000000256     
   56.200000000000259     
   56.400000000000261     
   56.600000000000264     
   56.800000000000267     
   57.000000000000270     
   57.200000000000273     
   57.400000000000276     
   57.600000000000279     
   57.800000000000281     
   58.000000000000284     
   58.200000000000287     
   58.400000000000290     
   58.600000000000293     
   58.800000000000296     
   59.000000000000298     
   59.200000000000301     
   59.400000000000304     
   59.600000000000307     
   59.800000000000310     
   60.000000000000313     
   60.200000000000315     
   60.400000000000318     
   60.600000000000321     
   60.800000000000324     
   61.000000000000327     
   61.200000000000330     
   61.400000000000333     
   61.600000000000335     
   61.800000000000338     
   62.000000000000341     
   62.200000000000344     
   62.400000000000347     
   62.600000000000350     
   62.800000000000352     
   63.000000000000355     
   63.200000000000358     
   63.400000000000361     
   63.600000000000364     
   63.800000000000367     
   64.000000000000369     
   64.200000000000372     
   64.400000000000375     
   64.600000000000378     
   64.800000000000381     
   65.000000000000384     
   65.200000000000387     
   65.400000000000389     
   65.600000000000392     
   65.800000000000395     
   66.000000000000398     
   66.200000000000401     
   66.400000000000404     
   66.600000000000406     
   66.800000000000409     
   67.000000000000412     
   67.200000000000415     
   67.400000000000418     
   67.600000000000421     
   67.800000000000423     
   68.000000000000426     
   68.200000000000429     
   68.400000000000432     
   68.600000000000435     
   68.800000000000438     
   69.000000000000441     
   69.200000000000443     
   69.400000000000446     
   69.600000000000449     
   69.800000000000452     
   70.000000000000455     
   70.200000000000458     
   70.400000000000460     
   70.600000000000463     
   70.800000000000466     
   71.000000000000469     
   71.200000000000472     
   71.400000000000475     
   71.600000000000477     
   71.800000000000480     
   72.000000000000483     
   72.200000000000486     
   72.400000000000489     
   72.600000000000492     
   72.800000000000495     
   73.000000000000497     
   73.200000000000500     
   73.400000000000503     
   73.600000000000506     
   73.800000000000509     
   74.000000000000512     
   74.200000000000514     
   74.400000000000517     
   74.600000000000520     
   74.800000000000523     
   75.000000000000526     
   75.200000000000529     
   75.400000000000531     
   75.600000000000534     
   75.800000000000537     
   76.000000000000540     
   76.200000000000543     
   76.400000000000546     
   76.600000000000549     
   76.800000000000551     
   77.000000000000554     
   77.200000000000557     
   77.400000000000560     
   77.600000000000563     
   77.800000000000566     
   78.000000000000568     
   78.200000000000571     
   78.400000000000574     
   78.600000000000577     
   78.800000000000580     
   79.000000000000583     
   79.200000000000585     
   79.400000000000588     
   79.600000000000591     
   79.800000000000594     
   80.000000000000597     
   80.200000000000600     
   80.400000000000603     
   80.600000000000605     
   80.800000000000608     
   81.000000000000611     
   81.200000000000614     
   81.400000000000617     
   81.600000000000620     
   81.800000000000622     
   82.000000000000625     
   82.200000000000628     
   82.400000000000631     
   82.600000000000634     
   82.800000000000637     
   83.000000000000639     
   83.200000000000642     
   83.400000000000645     
   83.600000000000648     
   83.800000000000651     
   84.000000000000654     
   84.200000000000657     
   84.400000000000659     
   84.600000000000662     
   84.800000000000665     
   85.000000000000668     
   85.200000000000671     
   85.400000000000674     
   85.600000000000676     
   85.800000000000679     
   86.000000000000682     
   86.200000000000685     
   86.400000000000688     
   86.600000000000691     
   86.800000000000693     
   87.000000000000696     
   87.200000000000699     
   87.400000000000702     
   87.600000000000705     
   87.800000000000708     
   88.000000000000711     
   88.200000000000713     
   88.400000000000716     
   88.600000000000719     
   88.800000000000722     
   89.000000000000725     
   89.200000000000728     
   89.400000000000730     
   89.600000000000733     
   89.800000000000736     
   90.000000000000739     
   90.200000000000742     
   90.400000000000745     
   90.600000000000747     
   90.800000000000750     
   91.000000000000753     
   91.200000000000756     
   91.400000000000759     
   91.600000000000762     
   91.800000000000765     
   92.000000000000767     
   92.200000000000770     
   92.400000000000773     
   92.600000000000776     
   92.800000000000779     
   93.000000000000782     
   93.200000000000784     
   93.400000000000787     
   93.600000000000790     
   93.800000000000793     
   94.000000000000796     
   94.200000000000799     
   94.400000000000801     
   94.600000000000804     
   94.800000000000807     
   95.000000000000810     
   95.200000000000813     
   95.400000000000816     
   95.600000000000819     
   95.800000000000821     
   96.000000000000824     
   96.200000000000827     
   96.400000000000830     
   96.600000000000833     
   96.800000000000836     
   97.000000000000838     
   97.200000000000841     
   97.400000000000844     
   97.600000000000847     
   97.800000000000850     
   98.000000000000853     
   98.200000000000855     
   98.400000000000858     
   98.600000000000861     
   98.800000000000864     
   99.000000000000867     
   99.200000000000870     
   99.400000000000873     
   99.600000000000875     
   99.800000000000878     
   100.00000000000088     
   100.20000000000088     
   100.40000000000089     
   100.60000000000089     
   100.80000000000089     
   101.00000000000090     
   101.20000000000090     
   101.40000000000090     
   101.60000000000090     
   101.80000000000091     
   102.00000000000091     
   102.20000000000091     
   102.40000000000092     
   102.60000000000092     
   102.80000000000092     
   103.00000000000092     
   103.20000000000093     
   103.40000000000093     
   103.60000000000093     
   103.80000000000094     
   104.00000000000094     
   104.20000000000094     
   104.40000000000094     
   104.60000000000095     
   104.80000000000095     
   105.00000000000095     
   105.20000000000095     
   105.40000000000096     
   105.60000000000096     
   105.80000000000096     
   106.00000000000097     
   106.20000000000097     
   106.40000000000097     
   106.60000000000097     
   106.80000000000098     
   107.00000000000098     
   107.20000000000098     
   107.40000000000099     
   107.60000000000099     
   107.80000000000099     
   108.00000000000099     
   108.20000000000100     
   108.40000000000100     
   108.60000000000100     
   108.80000000000101     
   109.00000000000101     
   109.20000000000101     
   109.40000000000101     
   109.60000000000102     
   109.80000000000102     
   110.00000000000102     
   110.20000000000103     
   110.40000000000103     
   110.60000000000103     
   110.80000000000103     
   111.00000000000104     
   111.20000000000104     
   111.40000000000104     
   111.60000000000105     
   111.80000000000105     
   112.00000000000105     
   112.20000000000105     
   112.40000000000106     
   112.60000000000106     
   112.80000000000106     
   113.00000000000107     
   113.20000000000107     
   113.40000000000107     
   113.60000000000107     
   113.80000000000108     
   114.00000000000108     
   114.20000000000108     
   114.40000000000109     
   114.60000000000109     
   114.80000000000109     
   115.00000000000109     
   115.20000000000110     
   115.40000000000110     
   115.60000000000110     
   115.80000000000111     
   116.00000000000111     
   116.20000000000111     
   116.40000000000111     
   116.60000000000112     
   116.80000000000112     
   117.00000000000112     
   117.20000000000113     
   117.40000000000113     
   117.60000000000113     
   117.80000000000113     
   118.00000000000114     
   118.20000000000114     
   118.40000000000114     
   118.60000000000115     
   118.80000000000115     
   119.00000000000115     
   119.20000000000115     
   119.40000000000116     
   119.60000000000116     
   119.80000000000116     
   120.00000000000117     
   120.20000000000117     
   120.40000000000117     
   120.60000000000117     
   120.80000000000118     
   121.00000000000118     
   121.20000000000118     
   121.40000000000119     
   121.60000000000119     
   121.80000000000119     
   122.00000000000119     
   122.20000000000120     
   122.40000000000120     
   122.60000000000120     
   122.80000000000121     
   123.00000000000121     
   123.20000000000121     
   123.40000000000121     
   123.60000000000122     
   123.80000000000122     
   124.00000000000122     
   124.20000000000122     
   124.40000000000123     
   124.60000000000123     
   124.80000000000123     
   125.00000000000124     
   125.20000000000124     
   125.40000000000124     
   125.60000000000124     
   125.80000000000125     
   126.00000000000125     
   126.20000000000125     
   126.40000000000126     
   126.60000000000126     
   126.80000000000126     
   127.00000000000126     
   127.20000000000127     
   127.40000000000127     
   127.60000000000127     
   127.80000000000128     
   128.00000000000128     
   128.20000000000127     
   128.40000000000126     
   128.60000000000124     
   128.80000000000123     
   129.00000000000122     
   129.20000000000121     
   129.40000000000120     
   129.60000000000119     
   129.80000000000118     
   130.00000000000117     
   130.20000000000115     
   130.40000000000114     
   130.60000000000113     
   130.80000000000112     
   131.00000000000111     
   131.20000000000110     
   131.40000000000109     
   131.60000000000107     
   131.80000000000106     
   132.00000000000105     
   132.20000000000104     
   132.40000000000103     
   132.60000000000102     
   132.80000000000101     
   133.00000000000099     
   133.20000000000098     
   133.40000000000097     
   133.60000000000096     
   133.80000000000095     
   134.00000000000094     
   134.20000000000093     
   134.40000000000092     
   134.60000000000090     
   134.80000000000089     
   135.00000000000088     
   135.20000000000087     
   135.40000000000086     
   135.60000000000085     
   135.80000000000084     
   136.00000000000082     
   136.20000000000081     
   136.40000000000080     
   136.60000000000079     
   136.80000000000078     
   137.00000000000077     
   137.20000000000076     
   137.40000000000074     
   137.60000000000073     
   137.80000000000072     
   138.00000000000071     
   138.20000000000070     
   138.40000000000069     
   138.60000000000068     
   138.80000000000067     
   139.00000000000065     
   139.20000000000064     
   139.40000000000063     
   139.60000000000062     
   139.80000000000061     
   140.00000000000060     
   140.20000000000059     
   140.40000000000057     
   140.60000000000056     
   140.80000000000055     
   141.00000000000054     
   141.20000000000053     
   141.40000000000052     
   141.60000000000051     
   141.80000000000049     
   142.00000000000048     
   142.20000000000047     
   142.40000000000046     
   142.60000000000045     
   142.80000000000044     
   143.00000000000043     
   143.20000000000041     
   143.40000000000040     
   143.60000000000039     
   143.80000000000038     
   144.00000000000037     
   144.20000000000036     
   144.40000000000035     
   144.60000000000034     
   144.80000000000032     
   145.00000000000031     
   145.20000000000030     
   145.40000000000029     
   145.60000000000028     
   145.80000000000027     
   146.00000000000026     
   146.20000000000024     
   146.40000000000023     
   146.60000000000022     
   146.80000000000021     
   147.00000000000020     
   147.20000000000019     
   147.40000000000018     
   147.60000000000016     
   147.80000000000015     
   148.00000000000014     
   148.20000000000013     
   148.40000000000012     
   148.60000000000011     
   148.80000000000010     
   149.00000000000009     
   149.20000000000007     
   149.40000000000006     
   149.60000000000005     
   149.80000000000004     
   150.00000000000003     
   150.20000000000002     
   150.40000000000001     
   150.59999999999999     
   150.79999999999998     
   150.99999999999997     
   151.19999999999996     
   151.39999999999995     
   151.59999999999994     
   151.79999999999993     
   151.99999999999991     
   152.19999999999990     
   152.39999999999989     
   152.59999999999988     
   152.79999999999987     
   152.99999999999986     
   153.19999999999985     
   153.39999999999984     
   153.59999999999982     
   153.79999999999981     
   153.99999999999980     
   154.19999999999979     
   154.39999999999978     
   154.59999999999977     
   154.79999999999976     
   154.99999999999974     
   155.19999999999973     
   155.39999999999972     
   155.59999999999971     
   155.79999999999970     
   155.99999999999969     
   156.19999999999968     
   156.39999999999966     
   156.59999999999965     
   156.79999999999964     
   156.99999999999963     
   157.19999999999962     
   157.39999999999961     
   157.59999999999960     
   157.79999999999959     
   157.99999999999957     
   158.19999999999956     
   158.39999999999955     
   158.59999999999954     
   158.79999999999953     
   158.99999999999952     
   159.19999999999951     
   159.39999999999949     
   159.59999999999948     
   159.79999999999947     
   159.99999999999946     
   160.19999999999945     
   160.39999999999944     
   160.59999999999943     
   160.79999999999941     
   160.99999999999940     
   161.19999999999939     
   161.39999999999938     
   161.59999999999937     
   161.79999999999936     
   161.99999999999935     
   162.19999999999933     
   162.39999999999932     
   162.59999999999931     
   162.79999999999930     
   162.99999999999929     
   163.19999999999928     
   163.39999999999927     
   163.59999999999926     
   163.79999999999924     
   163.99999999999923     
   164.19999999999922     
   164.39999999999921     
   164.59999999999920     
   164.79999999999919     
   164.99999999999918     
   165.19999999999916     
   165.39999999999915     
   165.59999999999914     
   165.79999999999913     
   165.99999999999912     
   166.19999999999911     
   166.39999999999910     
   166.59999999999908     
   166.79999999999907     
   166.99999999999906     
   167.19999999999905     
   167.39999999999904     
   167.59999999999903     
   167.79999999999902     
   167.99999999999901     
   3.2494349567492575        3.2739334845995138        3.2739334845995138     
   4.3356197445994429        4.3301697019699557        4.3301697019699557     
   8.0154538563266158        8.0073296379324432        8.0073296379324432     
   9.8705118461012340        9.8656083471921843        9.8656083471921843     
   8.4550844254611199        8.4599760900400085        8.4599760900400085     
   7.0357177367211410        7.0489517223057794        7.0489517223057794     
   3.2505692079606656        3.2751392943800903        3.2751392943800903     
  0.60664620949892678        6.4337874614224744E-002   58.912073075019016       0.77523102225206797     
  0.60800000000000043        6.3864999999999950E-002   59.249999999999957       0.78000000000000014     
  0.60800000000000043        6.3864999999999950E-002   59.249999999999957       0.78000000000000014     
