  icycle     fobj1          gamma          res     grid points (start and end)
    1     -10.239940       4.545455      0.20000     20011    1
    2      -9.734833       3.787879      0.20000         8    1
    3      -8.869455       2.705628      0.20000         8    1
    4      -7.805037       2.705628      0.20000         8    1
    5      -7.805037       2.705628      0.10000         9    1
    6      -7.805030       2.254690      0.05000         9    1
    7      -7.688423       2.254690      0.05000         9    1
    8      -7.669325       2.254690      0.02500         9    1
    9      -7.669325       2.254690      0.02500         9    1
   10      -7.607728       2.367424      0.01250         9    1
   11      -7.582686       2.367424      0.01250         9    1
   12      -7.568918       2.367424      0.01250         9    1
   13      -7.528243       2.309682      0.01250         9    1
   14      -7.501208       2.309682      0.01250         9    1
   15      -7.488087       2.309682      0.01250         9    1
   16      -7.482515       2.281168      0.01250         9    1
   17      -7.481607       2.281168      0.01250         9    1
   18      -7.455863       2.281168      0.00625         9    1
   19      -7.430450       2.258582      0.00625         9    1
   20      -7.423581       2.258582      0.00625         9    1
   21      -7.418763       2.258582      0.00625         9    1
   22      -7.415769       2.258582      0.00625         9    1
   23      -7.414568       2.258582      0.00625         9    1
   24      -7.414568       2.258582      0.00625         9    1
   25      -7.409999       2.258582      0.00313         9    1
   26      -7.403320       2.258582      0.00313         9    1
   27      -7.394060       2.258582      0.00313         9    1
   28      -7.389346       2.258582      0.00313         9    1
   29      -7.379986       2.258582      0.00313         9    1
   30      -7.377390       2.258582      0.00313         9    1
   31      -7.367791       2.236220      0.00313         9    1
   32      -7.365011       2.236220      0.00313         9    1
   33      -7.362722       2.236220      0.00313         9    1
   34      -7.360865       2.236220      0.00313         9    1
   35      -7.359436       2.236220      0.00313         9    1
   36      -7.358432       2.236220      0.00313         9    1
   37      -7.357848       2.236220      0.00313         9    1
   38      -7.357339       2.236220      0.00313         9    1
   39      -7.345042       2.236220      0.00313         9    1
   40      -7.344490       2.236220      0.00313         9    1
   41      -7.343427       2.236220      0.00313         9    1
   42      -7.339872       2.236220      0.00313         9    1
   43      -7.331857       2.236220      0.00313         9    1
   44      -7.329838       2.236220      0.00313         9    1
   45      -7.328220       2.236220      0.00313         9    1
   46      -7.326999       2.236220      0.00313         9    1
   47      -7.326004       2.236220      0.00313         9    1
   48      -7.316322       2.236220      0.00313         9    1
   49      -7.315133       2.236220      0.00313         9    1
   50      -7.314335       2.236220      0.00313         9    1
   51      -7.313924       2.236220      0.00313         9    1
   52      -7.313897       2.236220      0.00313         9    1
   53      -7.312780       2.236220      0.00156         9    1
   54      -7.308601       2.236220      0.00156         9    1
   55      -7.307486       2.236220      0.00156         9    1
   56      -7.303821       2.236220      0.00156         9    1
   57      -7.302495       2.236220      0.00156         9    1
   58      -7.299561       2.214079      0.00156         9    1
   59      -7.297949       2.214079      0.00156         9    1
   60      -7.295725       2.214079      0.00156         9    1
   61      -7.293891       2.214079      0.00156         9    1
   62      -7.292457       2.214079      0.00156         9    1
   63      -7.290358       2.214079      0.00156         9    1
   64      -7.289737       2.214079      0.00156         9    1
   65      -7.287355       2.214079      0.00156         9    1
   66      -7.286862       2.214079      0.00156         9    1
   67      -7.286465       2.214079      0.00156         9    1
   68      -7.285937       2.214079      0.00156         9    1
   69      -7.284697       2.214079      0.00156         9    1
   70      -7.283128       2.214079      0.00156         9    1
   71      -7.282376       2.214079      0.00156         9    1
   72      -7.281719       2.214079      0.00156         9    1
   73      -7.281155       2.214079      0.00156         9    1
   74      -7.280684       2.214079      0.00156         9    1
   75      -7.280301       2.214079      0.00156         9    1
   76      -7.278076       2.214079      0.00156         9    1
   77      -7.277613       2.214079      0.00156         9    1
   78      -7.277243       2.214079      0.00156         9    1
   79      -7.276965       2.214079      0.00156         9    1
   80      -7.276778       2.214079      0.00156         9    1
   81      -7.276683       2.214079      0.00156         9    1
   82      -7.276143       2.214079      0.00078         9    1
   83      -7.275498       2.214079      0.00078         9    1
   84      -7.274788       2.214079      0.00078         9    1
   85      -7.274365       2.214079      0.00078         9    1
   86      -7.273571       2.214079      0.00078         9    1
   87      -7.273373       2.214079      0.00078         9    1
   88      -7.272493       2.214079      0.00078         9    1
   89      -7.272326       2.214079      0.00078         9    1
   90      -7.272168       2.214079      0.00078         9    1
   91      -7.271367       2.214079      0.00078         9    1
   92      -7.271119       2.214079      0.00078         9    1
   93      -7.270548       2.214079      0.00078         9    1
   94      -7.270208       2.214079      0.00078         9    1
   95      -7.269870       2.214079      0.00078         9    1
   96      -7.269437       2.214079      0.00078         9    1
   97      -7.269211       2.214079      0.00078         9    1
   98      -7.269007       2.214079      0.00078         9    1
   99      -7.268826       2.214079      0.00078         9    1
  100      -7.268666       2.214079      0.00078         9    1
