  SUBJECT NO.     1

 COL. 1. = PREDICTION TIMES
 COL. 2. = PRED. VALUES FOR OUTPUT EQ. 1, BASED ON POSTERIOR MEANS
 COL. 3. = PRED. VALUES FOR OUTPUT EQ. 1, BASED ON POSTERIOR MEDIANS
 COL. 4. = PRED. VALUES FOR OUTPUT EQ. 1, BASED ON POSTERIOR MODES
 EACH ADDITIONAL OUTPUT EQ. HAS 3 COLUMNS OF PREDICTED VALUES
 BASED, IN ORDER, ON THE POSTERIOR MEANS, MEDIANS, AND MODES: 
-------------------------------------------------------------
      0.0000            0.0000            0.0000            0.0000    
     0.20000            0.0000            0.0000            0.0000    
     0.40000            0.0000            0.0000            0.0000    
     0.60000            0.0000            0.0000            0.0000    
     0.80000           0.15177           0.12232           0.12232    
      1.0000            1.2887            1.2588            1.2588    
      1.2000            2.2809            2.2505            2.2505    
      1.4000            3.1452            3.1143            3.1143    
      1.6000            3.8964            3.8650            3.8650    
      1.8000            4.5475            4.5156            4.5156    
      2.0000            5.1102            5.0779            5.0779    
      2.2000            5.5948            5.5621            5.5621    
      2.4000            6.0104            5.9773            5.9773    
      2.6000            6.3650            6.3316            6.3316    
      2.8000            6.6657            6.6322            6.6322    
      3.0000            6.9190            6.8854            6.8854    
      3.2000            7.1303            7.0967            7.0967    
      3.4000            7.3047            7.2711            7.2711    
      3.6000            7.4465            7.4130            7.4130    
      3.8000            7.5597            7.5264            7.5264    
      4.0000            7.6475            7.6145            7.6145    
      4.2000            7.7132            7.6805            7.6805    
      4.4000            7.7594            7.7270            7.7270    
      4.6000            7.7884            7.7565            7.7565    
      4.8000            7.8024            7.7709            7.7709    
      5.0000            7.8032            7.7723            7.7723    
      5.2000            7.7926            7.7622            7.7622    
      5.4000            7.7719            7.7421            7.7421    
      5.6000            7.7424            7.7132            7.7132    
      5.8000            7.7054            7.6768            7.6768    
      6.0000            7.6617            7.6338            7.6338    
      6.2000            7.6123            7.5851            7.5851    
      6.4000            7.5580            7.5316            7.5316    
      6.6000            7.4995            7.4738            7.4738    
      6.8000            7.4374            7.4124            7.4124    
      7.0000            7.3722            7.3479            7.3479    
      7.2000            7.3044            7.2809            7.2809    
      7.4000            7.2345            7.2118            7.2118    
      7.6000            7.1628            7.1408            7.1408    
      7.8000            7.0896            7.0684            7.0684    
      8.0000            7.0153            6.9948            6.9948    
      8.2000            6.9400            6.9203            6.9203    
      8.4000            6.8641            6.8452            6.8452    
      8.6000            6.7876            6.7695            6.7695    
      8.8000            6.7109            6.6935            6.6935    
      9.0000            6.6340            6.6173            6.6173    
      9.2000            6.5570            6.5411            6.5411    
      9.4000            6.4802            6.4650            6.4650    
      9.6000            6.4035            6.3890            6.3890    
      9.8000            6.3271            6.3133            6.3133    
      10.000            6.2511            6.2380            6.2380    
      10.200            6.1754            6.1631            6.1631    
      10.400            6.1003            6.0886            6.0886    
      10.600            6.0256            6.0146            6.0146    
      10.800            5.9516            5.9412            5.9412    
      11.000            5.8781            5.8684            5.8684    
      11.200            5.8053            5.7963            5.7963    
      11.400            5.7332            5.7247            5.7247    
      11.600            5.6617            5.6539            5.6539    
      11.800            5.5910            5.5837            5.5837    
      12.000            5.5209            5.5143            5.5143    
      12.200            5.4516            5.4456            5.4456    
      12.400            5.3830            5.3776            5.3776    
      12.600            5.3152            5.3103            5.3103    
      12.800            5.2481            5.2438            5.2438    
      13.000            5.1818            5.1780            5.1780    
      13.200            5.1163            5.1129            5.1129    
      13.400            5.0515            5.0487            5.0487    
      13.600            4.9874            4.9851            4.9851    
      13.800            4.9242            4.9223            4.9223    
      14.000            4.8616            4.8603            4.8603    
      14.200            4.7998            4.7990            4.7990    
      14.400            4.7388            4.7384            4.7384    
      14.600            4.6785            4.6785            4.6785    
      14.800            4.6190            4.6194            4.6194    
      15.000            4.5602            4.5610            4.5610    
      15.200            4.5021            4.5033            4.5033    
      15.400            4.4447            4.4464            4.4464    
      15.600            4.3880            4.3901            4.3901    
      15.800            4.3321            4.3345            4.3345    
      16.000            4.2768            4.2796            4.2796    
      16.200            4.2222            4.2254            4.2254    
      16.400            4.1684            4.1719            4.1719    
      16.600            4.1151            4.1190            4.1190    
      16.800            4.0626            4.0668            4.0668    
      17.000            4.0107            4.0153            4.0153    
      17.200            3.9595            3.9644            3.9644    
      17.400            3.9090            3.9141            3.9141    
      17.600            3.8590            3.8645            3.8645    
      17.800            3.8097            3.8155            3.8155    
      18.000            3.7611            3.7671            3.7671    
      18.200            3.7130            3.7193            3.7193    
      18.400            3.6656            3.6721            3.6721    
      18.600            3.6187            3.6255            3.6255    
      18.800            3.5725            3.5796            3.5796    
      19.000            3.5268            3.5341            3.5341    
      19.200            3.4818            3.4893            3.4893    
      19.400            3.4373            3.4450            3.4450    
      19.600            3.3933            3.4013            3.4013    
      19.800            3.3500            3.3582            3.3582    
      20.000            3.3071            3.3156            3.3156    
      20.200            3.2649            3.2735            3.2735    
      20.400            3.2231            3.2320            3.2320    
      20.600            3.1819            3.1909            3.1909    
      20.800            3.1413            3.1505            3.1505    
      21.000            3.1011            3.1105            3.1105    
      21.200            3.0615            3.0710            3.0710    
      21.400            3.0223            3.0320            3.0320    
      21.600            2.9837            2.9936            2.9936    
      21.800            2.9455            2.9556            2.9556    
      22.000            2.9079            2.9181            2.9181    
      22.200            2.8707            2.8810            2.8810    
      22.400            2.8340            2.8445            2.8445    
      22.600            2.7978            2.8084            2.8084    
      22.800            2.7620            2.7727            2.7727    
      23.000            2.7267            2.7375            2.7375    
      23.200            2.6918            2.7028            2.7028    
      23.400            2.6574            2.6685            2.6685    
      23.600            2.6235            2.6346            2.6346    
      23.800            2.5899            2.6012            2.6012    
      24.000            2.5568            2.5682            2.5682    
      24.200            2.5241            2.5356            2.5356    
      24.400            2.4918            2.5034            2.5034    
      24.600            2.4600            2.4716            2.4716    
      24.800            2.5803            2.5626            2.5626    
      25.000            3.6862            3.6681            3.6681    
      25.200            4.6477            4.6292            4.6292    
      25.400            5.4818            5.4628            5.4628    
      25.600            6.2031            6.1837            6.1837    
      25.800            6.8247            6.8049            6.8049    
      26.000            7.3583            7.3381            7.3381    
      26.200            7.8142            7.7936            7.7936    
      26.400            8.2013            8.1805            8.1805    
      26.600            8.5279            8.5069            8.5069    
      26.800            8.8010            8.7799            8.7799    
      27.000            9.0270            9.0058            9.0058    
      27.200            9.2114            9.1902            9.1902    
      27.400            9.3592            9.3380            9.3380    
      27.600            9.4747            9.4537            9.4537    
      27.800            9.5619            9.5411            9.5411    
      28.000            9.6242            9.6037            9.6037    
      28.200            9.6646            9.6444            9.6444    
      28.400            9.6858            9.6660            9.6660    
      28.600            9.6902            9.6709            9.6709    
      28.800            9.6799            9.6611            9.6611    
      29.000            9.6567            9.6384            9.6384    
      29.200            9.6224            9.6046            9.6046    
      29.400            9.5783            9.5611            9.5611    
      29.600            9.5257            9.5092            9.5092    
      29.800            9.4659            9.4500            9.4500    
      30.000            9.3997            9.3845            9.3845    
      30.200            9.3281            9.3136            9.3136    
      30.400            9.2519            9.2381            9.2381    
      30.600            9.1717            9.1586            9.1586    
      30.800            9.0882            9.0759            9.0759    
      31.000            9.0019            8.9903            8.9903    
      31.200            8.9133            8.9024            8.9024    
      31.400            8.8228            8.8127            8.8127    
      31.600            8.7308            8.7214            8.7214    
      31.800            8.6375            8.6290            8.6290    
      32.000            8.5434            8.5356            8.5356    
      32.200            8.4486            8.4415            8.4415    
      32.400            8.3534            8.3471            8.3471    
      32.600            8.2579            8.2523            8.2523    
      32.800            8.1624            8.1575            8.1575    
      33.000            8.0669            8.0628            8.0628    
      33.200            7.9716            7.9682            7.9682    
      33.400            7.8767            7.8740            7.8740    
      33.600            7.7822            7.7801            7.7801    
      33.800            7.6881            7.6868            7.6868    
      34.000            7.5947            7.5940            7.5940    
      34.200            7.5019            7.5019            7.5019    
      34.400            7.4098            7.4104            7.4104    
      34.600            7.3184            7.3197            7.3197    
      34.800            7.2278            7.2297            7.2297    
      35.000            7.1381            7.1406            7.1406    
      35.200            7.0491            7.0522            7.0522    
      35.400            6.9611            6.9648            6.9648    
      35.600            6.8739            6.8782            6.8782    
      35.800            6.7877            6.7925            6.7925    
      36.000            6.7023            6.7077            6.7077    
      36.200            6.6179            6.6238            6.6238    
      36.400            6.5344            6.5409            6.5409    
      36.600            6.4519            6.4588            6.4588    
      36.800            6.3703            6.3777            6.3777    
      37.000            6.2896            6.2976            6.2976    
      37.200            6.2099            6.2183            6.2183    
      37.400            6.1311            6.1400            6.1400    
      37.600            6.0533            6.0626            6.0626    
      37.800            5.9764            5.9861            5.9861    
      38.000            5.9004            5.9106            5.9106    
      38.200            5.8253            5.8359            5.8359    
      38.400            5.7512            5.7622            5.7622    
      38.600            5.6780            5.6894            5.6894    
      38.800            5.6056            5.6174            5.6174    
      39.000            5.5342            5.5463            5.5463    
      39.200            5.4636            5.4762            5.4762    
      39.400            5.3940            5.4068            5.4068    
      39.600            5.3252            5.3384            5.3384    
      39.800            5.2572            5.2708            5.2708    
      40.000            5.1901            5.2040            5.2040    
      40.200            5.1239            5.1380            5.1380    
      40.400            5.0585            5.0729            5.0729    
      40.600            4.9939            5.0086            5.0086    
      40.800            4.9301            4.9451            4.9451    
      41.000            4.8672            4.8824            4.8824    
      41.200            4.8050            4.8205            4.8205    
      41.400            4.7436            4.7594            4.7594    
      41.600            4.6830            4.6991            4.6991    
      41.800            4.6232            4.6395            4.6395    
      42.000            4.5641            4.5806            4.5806    
      42.200            4.5058            4.5225            4.5225    
      42.400            4.4482            4.4651            4.4651    
      42.600            4.3914            4.4085            4.4085    
      42.800            4.3353            4.3526            4.3526    
      43.000            4.2799            4.2973            4.2973    
      43.200            4.2252            4.2428            4.2428    
      43.400            4.1712            4.1890            4.1890    
      43.600            4.1178            4.1358            4.1358    
      43.800            4.0652            4.0834            4.0834    
      44.000            4.0132            4.0315            4.0315    
      44.200            3.9619            3.9804            3.9804    
      44.400            3.9113            3.9299            3.9299    
      44.600            3.8613            3.8800            3.8800    
      44.800            3.8119            3.8308            3.8308    
      45.000            3.7632            3.7822            3.7822    
      45.200            3.7151            3.7342            3.7342    
      45.400            3.6676            3.6868            3.6868    
      45.600            3.6207            3.6400            3.6400    
      45.800            3.5744            3.5938            3.5938    
      46.000            3.5287            3.5482            3.5482    
      46.200            3.4836            3.5031            3.5031    
      46.400            3.4391            3.4587            3.4587    
      46.600            3.3951            3.4148            3.4148    
      46.800            3.3517            3.3715            3.3715    
      47.000            3.3089            3.3287            3.3287    
      47.200            3.2666            3.2864            3.2864    
      47.400            3.2248            3.2447            3.2447    
      47.600            3.1836            3.2035            3.2035    
      47.800            3.1429            3.1629            3.1629    
      48.000            3.1027            3.1227            3.1227    
      48.200            3.0630            3.0831            3.0831    
      48.400            3.0239            3.0440            3.0440    
      48.600            2.9852            3.0053            3.0053    
      48.800            3.0988            3.0895            3.0895    
      49.000            4.1980            4.1883            4.1883    
      49.200            5.1531            5.1429            5.1429    
      49.400            5.9806            5.9700            5.9700    
      49.600            6.6955            6.6844            6.6844    
      49.800            7.3109            7.2992            7.2992    
      50.000            7.8383            7.8262            7.8262    
      50.200            8.2880            8.2755            8.2755    
      50.400            8.6691            8.6563            8.6563    
      50.600            8.9897            8.9766            8.9766    
      50.800            9.2569            9.2436            9.2436    
      51.000            9.4771            9.4636            9.4636    
      51.200            9.6557            9.6422            9.6422    
      51.400            9.7978            9.7844            9.7844    
      51.600            9.9078            9.8944            9.8944    
      51.800            9.9894            9.9762            9.9762    
      52.000            10.046            10.033            10.033    
      52.200            10.081            10.069            10.069    
      52.400            10.097            10.085            10.085    
      52.600            10.096            10.084            10.084    
      52.800            10.081            10.069            10.069    
      53.000            10.052            10.041            10.041    
      53.200            10.013            10.002            10.002    
      53.400            9.9640            9.9539            9.9539    
      53.600            9.9065            9.8970            9.8970    
      53.800            9.8417            9.8329            9.8329    
      54.000            9.7708            9.7625            9.7625    
      54.200            9.6944            9.6868            9.6868    
      54.400            9.6135            9.6066            9.6066    
      54.600            9.5287            9.5225            9.5225    
      54.800            9.4406            9.4351            9.4351    
      55.000            9.3498            9.3450            9.3450    
      55.200            9.2568            9.2526            9.2526    
      55.400            9.1619            9.1584            9.1584    
      55.600            9.0655            9.0627            9.0627    
      55.800            8.9680            8.9659            8.9659    
      56.000            8.8697            8.8683            8.8683    
      56.200            8.7707            8.7700            8.7700    
      56.400            8.6714            8.6714            8.6714    
      56.600            8.5718            8.5725            8.5725    
      56.800            8.4723            8.4736            8.4736    
      57.000            8.3728            8.3749            8.3749    
      57.200            8.2737            8.2764            8.2764    
      57.400            8.1749            8.1782            8.1782    
      57.600            8.0765            8.0805            8.0805    
      57.800            7.9787            7.9834            7.9834    
      58.000            7.8816            7.8868            7.8868    
      58.200            7.7851            7.7910            7.7910    
      58.400            7.6894            7.6958            7.6958    
      58.600            7.5944            7.6015            7.6015    
      58.800            7.5003            7.5079            7.5079    
      59.000            7.4070            7.4153            7.4153    
      59.200            7.3147            7.3234            7.3234    
      59.400            7.2232            7.2325            7.2325    
      59.600            7.1327            7.1426            7.1426    
      59.800            7.0432            7.0535            7.0535    
      60.000            6.9546            6.9654            6.9654    
      60.200            6.8669            6.8783            6.8783    
      60.400            6.7802            6.7921            6.7921    
      60.600            6.6946            6.7068            6.7068    
      60.800            6.6099            6.6226            6.6226    
      61.000            6.5261            6.5393            6.5393    
      61.200            6.4434            6.4570            6.4570    
      61.400            6.3616            6.3757            6.3757    
      61.600            6.2808            6.2953            6.2953    
      61.800            6.2010            6.2159            6.2159    
      62.000            6.1222            6.1374            6.1374    
      62.200            6.0443            6.0599            6.0599    
      62.400            5.9673            5.9833            5.9833    
      62.600            5.8913            5.9076            5.9076    
      62.800            5.8163            5.8329            5.8329    
      63.000            5.7422            5.7591            5.7591    
      63.200            5.6689            5.6862            5.6862    
      63.400            5.5966            5.6142            5.6142    
      63.600            5.5253            5.5431            5.5431    
      63.800            5.4548            5.4729            5.4729    
      64.000            5.3851            5.4036            5.4036    
      64.200            5.3164            5.3351            5.3351    
      64.400            5.2485            5.2675            5.2675    
      64.600            5.1815            5.2007            5.2007    
      64.800            5.1154            5.1348            5.1348    
      65.000            5.0500            5.0697            5.0697    
      65.200            4.9855            5.0054            5.0054    
      65.400            4.9218            4.9419            4.9419    
      65.600            4.8590            4.8793            4.8793    
      65.800            4.7969            4.8174            4.8174    
      66.000            4.7356            4.7563            4.7563    
      66.200            4.6751            4.6960            4.6960    
      66.400            4.6153            4.6364            4.6364    
      66.600            4.5564            4.5776            4.5776    
      66.800            4.4981            4.5195            4.5195    
      67.000            4.4406            4.4621            4.4621    
      67.200            4.3839            4.4055            4.4055    
      67.400            4.3278            4.3496            4.3496    
      67.600            4.2725            4.2944            4.2944    
      67.800            4.2179            4.2400            4.2400    
      68.000            4.1640            4.1861            4.1861    
      68.200            4.1108            4.1330            4.1330    
      68.400            4.0582            4.0806            4.0806    
      68.600            4.0063            4.0288            4.0288    
      68.800            3.9551            3.9777            3.9777    
      69.000            3.9046            3.9272            3.9272    
      69.200            3.8547            3.8774            3.8774    
      69.400            3.8054            3.8282            3.8282    
      69.600            3.7567            3.7796            3.7796    
      69.800            3.7087            3.7316            3.7316    
      70.000            3.6613            3.6842            3.6842    
      70.200            3.6145            3.6375            3.6375    
      70.400            3.5683            3.5913            3.5913    
      70.600            3.5227            3.5457            3.5457    
      70.800            3.4776            3.5007            3.5007    
      71.000            3.4332            3.4563            3.4563    
      71.200            3.3893            3.4125            3.4125    
      71.400            3.3459            3.3691            3.3691    
      71.600            3.3032            3.3264            3.3264    
      71.800            3.2609            3.2842            3.2842    
      72.000            3.2192            3.2425            3.2425    
      72.200            3.1781            3.2013            3.2013    
      72.400            3.1375            3.1607            3.1607    
      72.600            3.0973            3.1206            3.1206    
      72.800            3.2095            3.2033            3.2033    
      73.000            4.3073            4.3007            4.3007    
      73.200            5.2609            5.2538            5.2538    
      73.400            6.0871            6.0795            6.0795    
      73.600            6.8007            6.7925            6.7925    
      73.800            7.4147            7.4060            7.4060    
      74.000            7.9408            7.9316            7.9316    
      74.200            8.3892            8.3795            8.3795    
      74.400            8.7690            8.7590            8.7590    
      74.600            9.0883            9.0780            9.0780    
      74.800            9.3543            9.3438            9.3438    
      75.000            9.5732            9.5625            9.5625    
      75.200            9.7506            9.7398            9.7398    
      75.400            9.8915            9.8807            9.8807    
      75.600            10.000            9.9895            9.9895    
      75.800            10.081            10.070            10.070    
      76.000            10.136            10.126            10.126    
      76.200            10.170            10.160            10.160    
      76.400            10.185            10.175            10.175    
      76.600            10.183            10.174            10.174    
      76.800            10.166            10.157            10.157    
      77.000            10.137            10.128            10.128    
      77.200            10.096            10.088            10.088    
      77.400            10.046            10.039            10.039    
      77.600            9.9878            9.9808            9.9808    
      77.800            9.9220            9.9156            9.9156    
      78.000            9.8500            9.8442            9.8442    
      78.200            9.7726            9.7674            9.7674    
      78.400            9.6907            9.6862            9.6862    
      78.600            9.6049            9.6010            9.6010    
      78.800            9.5159            9.5126            9.5126    
      79.000            9.4241            9.4215            9.4215    
      79.200            9.3301            9.3282            9.3282    
      79.400            9.2343            9.2331            9.2331    
      79.600            9.1370            9.1365            9.1365    
      79.800            9.0386            9.0387            9.0387    
      80.000            8.9393            8.9401            8.9401    
      80.200            8.8395            8.8410            8.8410    
      80.400            8.7393            8.7414            8.7414    
      80.600            8.6389            8.6417            8.6417    
      80.800            8.5384            8.5419            8.5419    
      81.000            8.4382            8.4423            8.4423    
      81.200            8.3382            8.3429            8.3429    
      81.400            8.2385            8.2439            8.2439    
      81.600            8.1394            8.1454            8.1454    
      81.800            8.0408            8.0474            8.0474    
      82.000            7.9428            7.9501            7.9501    
      82.200            7.8456            7.8534            7.8534    
      82.400            7.7490            7.7575            7.7575    
      82.600            7.6533            7.6623            7.6623    
      82.800            7.5585            7.5680            7.5680    
      83.000            7.4645            7.4746            7.4746    
      83.200            7.3714            7.3820            7.3820    
      83.400            7.2792            7.2904            7.2904    
      83.600            7.1880            7.1996            7.1996    
      83.800            7.0977            7.1099            7.1099    
      84.000            7.0084            7.0211            7.0211    
      84.200            6.9201            6.9332            6.9332    
      84.400            6.8327            6.8463            6.8463    
      84.600            6.7464            6.7604            6.7604    
      84.800            6.6610            6.6755            6.6755    
      85.000            6.5766            6.5915            6.5915    
      85.200            6.4932            6.5085            6.5085    
      85.400            6.4108            6.4266            6.4266    
      85.600            6.3294            6.3455            6.3455    
      85.800            6.2490            6.2655            6.2655    
      86.000            6.1695            6.1864            6.1864    
      86.200            6.0910            6.1082            6.1082    
      86.400            6.0135            6.0310            6.0310    
      86.600            5.9369            5.9548            5.9548    
      86.800            5.8613            5.8795            5.8795    
      87.000            5.7866            5.8051            5.8051    
      87.200            5.7128            5.7316            5.7316    
      87.400            5.6399            5.6590            5.6590    
      87.600            5.5680            5.5874            5.5874    
      87.800            5.4969            5.5166            5.5166    
      88.000            5.4268            5.4467            5.4467    
      88.200            5.3575            5.3777            5.3777    
      88.400            5.2891            5.3095            5.3095    
      88.600            5.2216            5.2422            5.2422    
      88.800            5.1549            5.1758            5.1758    
      89.000            5.0891            5.1101            5.1101    
      89.200            5.0241            5.0453            5.0453    
      89.400            4.9599            4.9814            4.9814    
      89.600            4.8965            4.9182            4.9182    
      89.800            4.8340            4.8558            4.8558    
      90.000            4.7722            4.7942            4.7942    
      90.200            4.7112            4.7334            4.7334    
      90.400            4.6510            4.6734            4.6734    
      90.600            4.5916            4.6141            4.6141    
      90.800            4.5329            4.5555            4.5555    
      91.000            4.4750            4.4977            4.4977    
      91.200            4.4178            4.4407            4.4407    
      91.400            4.3613            4.3843            4.3843    
      91.600            4.3056            4.3287            4.3287    
      91.800            4.2505            4.2738            4.2738    
      92.000            4.1962            4.2195            4.2195    
      92.200            4.1425            4.1660            4.1660    
      92.400            4.0896            4.1131            4.1131    
      92.600            4.0373            4.0609            4.0609    
      92.800            3.9857            4.0094            4.0094    
      93.000            3.9348            3.9585            3.9585    
      93.200            3.8844            3.9083            3.9083    
      93.400            3.8348            3.8587            3.8587    
      93.600            3.7858            3.8097            3.8097    
      93.800            3.7374            3.7614            3.7614    
      94.000            3.6896            3.7136            3.7136    
      94.200            3.6424            3.6665            3.6665    
      94.400            3.5959            3.6200            3.6200    
      94.600            3.5499            3.5740            3.5740    
      94.800            3.5045            3.5287            3.5287    
      95.000            3.4597            3.4839            3.4839    
      95.200            3.4155            3.4397            3.4397    
      95.400            3.3718            3.3960            3.3960    
      95.600            3.3287            3.3529            3.3529    
      95.800            3.2861            3.3104            3.3104    
      96.000            3.2441            3.2683            3.2683    
      96.200            3.2026            3.2269            3.2269    
      96.400            3.1617            3.1859            3.1859    
      96.600            3.1213            3.1455            3.1455    
      96.800            3.2331            3.2279            3.2279    
      97.000            4.3306            4.3249            4.3249    
      97.200            5.2840            5.2778            5.2778    
      97.400            6.1099            6.1031            6.1031    
      97.600            6.8231            6.8158            6.8158    
      97.800            7.4369            7.4290            7.4290    
      98.000            7.9626            7.9543            7.9543    
      98.200            8.4108            8.4020            8.4020    
      98.400            8.7903            8.7812            8.7812    
      98.600            9.1094            9.0999            9.0999    
      98.800            9.3751            9.3654            9.3654    
      99.000            9.5937            9.5839            9.5839    
      99.200            9.7708            9.7609            9.7609    
      99.400            9.9115            9.9015            9.9015    
      99.600            10.020            10.010            10.010    
      99.800            10.100            10.090            10.090    
      100.00            10.156            10.146            10.146    
      100.20            10.189            10.180            10.180    
      100.40            10.204            10.195            10.195    
      100.60            10.201            10.193            10.193    
      100.80            10.185            10.176            10.176    
      101.00            10.155            10.147            10.147    
      101.20            10.114            10.107            10.107    
      101.40            10.064            10.057            10.057    
      101.60            10.005            9.9989            9.9989    
      101.80            9.9391            9.9334            9.9334    
      102.00            9.8669            9.8618            9.8618    
      102.20            9.7893            9.7848            9.7848    
      102.40            9.7072            9.7033            9.7033    
      102.60            9.6212            9.6180            9.6180    
      102.80            9.5320            9.5294            9.5294    
      103.00            9.4400            9.4381            9.4381    
      103.20            9.3458            9.3445            9.3445    
      103.40            9.2498            9.2492            9.2492    
      103.60            9.1523            9.1524            9.1524    
      103.80            9.0537            9.0544            9.0544    
      104.00            8.9542            8.9556            8.9556    
      104.20            8.8542            8.8563            8.8563    
      104.40            8.7538            8.7565            8.7565    
      104.60            8.6532            8.6566            8.6566    
      104.80            8.5526            8.5566            8.5566    
      105.00            8.4521            8.4568            8.4568    
      105.20            8.3519            8.3573            8.3573    
      105.40            8.2521            8.2581            8.2581    
      105.60            8.1528            8.1594            8.1594    
      105.80            8.0540            8.0612            8.0612    
      106.00            7.9559            7.9637            7.9637    
      106.20            7.8585            7.8669            7.8669    
      106.40            7.7618            7.7708            7.7708    
      106.60            7.6659            7.6755            7.6755    
      106.80            7.5709            7.5810            7.5810    
      107.00            7.4767            7.4874            7.4874    
      107.20            7.3835            7.3947            7.3947    
      107.40            7.2912            7.3029            7.3029    
      107.60            7.1998            7.2120            7.2120    
      107.80            7.1094            7.1220            7.1220    
      108.00            7.0199            7.0331            7.0331    
      108.20            6.9314            6.9451            6.9451    
      108.40            6.8439            6.8580            6.8580    
      108.60            6.7574            6.7720            6.7720    
      108.80            6.6719            6.6869            6.6869    
      109.00            6.5874            6.6028            6.6028    
      109.20            6.5039            6.5197            6.5197    
      109.40            6.4213            6.4375            6.4375    
      109.60            6.3398            6.3564            6.3564    
      109.80            6.2592            6.2762            6.2762    
      110.00            6.1796            6.1969            6.1969    
      110.20            6.1010            6.1187            6.1187    
      110.40            6.0233            6.0413            6.0413    
      110.60            5.9466            5.9649            5.9649    
      110.80            5.8709            5.8895            5.8895    
      111.00            5.7960            5.8150            5.8150    
      111.20            5.7221            5.7414            5.7414    
      111.40            5.6492            5.6687            5.6687    
      111.60            5.5771            5.5969            5.5969    
      111.80            5.5059            5.5260            5.5260    
      112.00            5.4357            5.4560            5.4560    
      112.20            5.3663            5.3869            5.3869    
      112.40            5.2978            5.3186            5.3186    
      112.60            5.2301            5.2512            5.2512    
      112.80            5.1633            5.1846            5.1846    
      113.00            5.0974            5.1189            5.1189    
      113.20            5.0323            5.0540            5.0540    
      113.40            4.9680            4.9899            4.9899    
      113.60            4.9045            4.9266            4.9266    
      113.80            4.8419            4.8641            4.8641    
      114.00            4.7800            4.8024            4.8024    
      114.20            4.7189            4.7415            4.7415    
      114.40            4.6586            4.6813            4.6813    
      114.60            4.5991            4.6220            4.6220    
      114.80            4.5403            4.5633            4.5633    
      115.00            4.4823            4.5054            4.5054    
      115.20            4.4250            4.4483            4.4483    
      115.40            4.3684            4.3918            4.3918    
      115.60            4.3126            4.3361            4.3361    
      115.80            4.2575            4.2811            4.2811    
      116.00            4.2031            4.2267            4.2267    
      116.20            4.1493            4.1731            4.1731    
      116.40            4.0963            4.1202            4.1202    
      116.60            4.0439            4.0679            4.0679    
      116.80            3.9922            4.0162            4.0162    
      117.00            3.9412            3.9653            3.9653    
      117.20            3.8908            3.9150            3.9150    
      117.40            3.8411            3.8653            3.8653    
      117.60            3.7920            3.8162            3.8162    
      117.80            3.7435            3.7678            3.7678    
      118.00            3.6956            3.7200            3.7200    
      118.20            3.6484            3.6728            3.6728    
      118.40            3.6017            3.6262            3.6262    
      118.60            3.5557            3.5801            3.5801    
      118.80            3.5102            3.5347            3.5347    
      119.00            3.4654            3.4898            3.4898    
      119.20            3.4211            3.4455            3.4455    
      119.40            3.3773            3.4018            3.4018    
      119.60            3.3341            3.3586            3.3586    
      119.80            3.2915            3.3160            3.3160    
      120.00            3.2494            3.2739            3.2739    
      120.20            3.2079            3.2324            3.2324    
      120.40            3.1669            3.1914            3.1914    
      120.60            3.1264            3.1509            3.1509    
      120.80            3.2382            3.2332            3.2332    
      121.00            4.3356            4.3302            4.3302    
      121.20            5.2889            5.2829            5.2829    
      121.40            6.1147            6.1082            6.1082    
      121.60            6.8279            6.8209            6.8209    
      121.80            7.4416            7.4340            7.4340    
      122.00            7.9673            7.9592            7.9592    
      122.20            8.4154            8.4069            8.4069    
      122.40            8.7949            8.7860            8.7860    
      122.60            9.1139            9.1047            9.1047    
      122.80            9.3795            9.3701            9.3701    
      123.00            9.5981            9.5885            9.5885    
      123.20            9.7751            9.7655            9.7655    
      123.40            9.9157            9.9060            9.9060    
      123.60            10.024            10.015            10.015    
      123.80            10.104            10.095            10.095    
      124.00            10.160            10.150            10.150    
      124.20            10.193            10.184            10.184    
      124.40            10.208            10.199            10.199    
      124.60            10.205            10.197            10.197    
      124.80            10.189            10.180            10.180    
      125.00            10.159            10.151            10.151    
      125.20            10.118            10.111            10.111    
      125.40            10.068            10.061            10.061    
      125.60            10.009            10.003            10.003    
      125.80            9.9428            9.9373            9.9373    
      126.00            9.8705            9.8656            9.8656    
      126.20            9.7929            9.7886            9.7886    
      126.40            9.7107            9.7071            9.7071    
      126.60            9.6247            9.6216            9.6216    
      126.80            9.5354            9.5330            9.5330    
      127.00            9.4434            9.4417            9.4417    
      127.20            9.3491            9.3481            9.3481    
      127.40            9.2531            9.2527            9.2527    
      127.60            9.1555            9.1558            9.1558    
      127.80            9.0569            9.0578            9.0578    
      128.00            8.9574            8.9590            8.9590    
      128.20            8.8573            8.8596            8.8596    
      128.40            8.7568            8.7598            8.7598    
      128.60            8.6562            8.6598            8.6598    
      128.80            8.5556            8.5598            8.5598    
      129.00            8.4551            8.4600            8.4600    
      129.20            8.3549            8.3604            8.3604    
      129.40            8.2550            8.2612            8.2612    
      129.60            8.1556            8.1624            8.1624    
      129.80            8.0568            8.0642            8.0642    
      130.00            7.9587            7.9667            7.9667    
      130.20            7.8612            7.8698            7.8698    
      130.40            7.7645            7.7736            7.7736    
      130.60            7.6686            7.6783            7.6783    
      130.80            7.5735            7.5838            7.5838    
      131.00            7.4794            7.4901            7.4901    
      131.20            7.3861            7.3974            7.3974    
      131.40            7.2937            7.3055            7.3055    
      131.60            7.2023            7.2146            7.2146    
      131.80            7.1118            7.1247            7.1247    
      132.00            7.0224            7.0357            7.0357    
      132.20            6.9339            6.9476            6.9476    
      132.40            6.8463            6.8606            6.8606    
      132.60            6.7598            6.7745            6.7745    
      132.80            6.6743            6.6894            6.6894    
      133.00            6.5897            6.6052            6.6052    
      133.20            6.5062            6.5221            6.5221    
      133.40            6.4236            6.4399            6.4399    
      133.60            6.3420            6.3587            6.3587    
      133.80            6.2614            6.2785            6.2785    
      134.00            6.1818            6.1992            6.1992    
      134.20            6.1031            6.1209            6.1209    
      134.40            6.0254            6.0436            6.0436    
      134.60            5.9487            5.9671            5.9671    
      134.80            5.8729            5.8917            5.8917    
      135.00            5.7981            5.8171            5.8171    
      135.20            5.7241            5.7435            5.7435    
      135.40            5.6511            5.6708            5.6708    
      135.60            5.5790            5.5990            5.5990    
      135.80            5.5079            5.5280            5.5280    
      136.00            5.4376            5.4580            5.4580    
      136.20            5.3682            5.3888            5.3888    
      136.40            5.2996            5.3206            5.3206    
      136.60            5.2320            5.2531            5.2531    
      136.80            5.1651            5.1865            5.1865    
      137.00            5.0992            5.1208            5.1208    
      137.20            5.0340            5.0558            5.0558    
      137.40            4.9697            4.9917            4.9917    
      137.60            4.9062            4.9284            4.9284    
      137.80            4.8436            4.8659            4.8659    
      138.00            4.7817            4.8042            4.8042    
      138.20            4.7206            4.7432            4.7432    
      138.40            4.6603            4.6831            4.6831    
      138.60            4.6007            4.6237            4.6237    
      138.80            4.5419            4.5650            4.5650    
      139.00            4.4838            4.5071            4.5071    
      139.20            4.4265            4.4499            4.4499    
      139.40            4.3700            4.3934            4.3934    
      139.60            4.3141            4.3377            4.3377    
      139.80            4.2590            4.2826            4.2826    
      140.00            4.2045            4.2283            4.2283    
      140.20            4.1508            4.1746            4.1746    
      140.40            4.0977            4.1217            4.1217    
      140.60            4.0453            4.0694            4.0694    
      140.80            3.9936            4.0177            4.0177    
      141.00            3.9426            3.9667            3.9667    
      141.20            3.8922            3.9164            3.9164    
      141.40            3.8424            3.8667            3.8667    
      141.60            3.7933            3.8176            3.8176    
      141.80            3.7448            3.7692            3.7692    
      142.00            3.6969            3.7213            3.7213    
      142.20            3.6497            3.6741            3.6741    
      142.40            3.6030            3.6275            3.6275    
      142.60            3.5569            3.5815            3.5815    
      142.80            3.5115            3.5360            3.5360    
      143.00            3.4666            3.4911            3.4911    
      143.20            3.4223            3.4468            3.4468    
      143.40            3.3785            3.4031            3.4031    
      143.60            3.3353            3.3599            3.3599    
      143.80            3.2927            3.3172            3.3172    
      144.00            3.2506            3.2751            3.2751    
      144.20            3.2090            3.2336            3.2336    
      144.40            3.1680            3.1925            3.1925    
      144.60            3.1275            3.1520            3.1520    
      144.80            3.0875            3.1120            3.1120    
      145.00            3.0480            3.0725            3.0725    
      145.20            3.0091            3.0335            3.0335    
      145.40            2.9706            2.9950            2.9950    
      145.60            2.9326            2.9570            2.9570    
      145.80            2.8951            2.9195            2.9195    
      146.00            2.8581            2.8824            2.8824    
      146.20            2.8216            2.8458            2.8458    
      146.40            2.7855            2.8097            2.8097    
      146.60            2.7499            2.7741            2.7741    
      146.80            2.7147            2.7389            2.7389    
      147.00            2.6800            2.7041            2.7041    
      147.20            2.6457            2.6698            2.6698    
      147.40            2.6119            2.6359            2.6359    
      147.60            2.5785            2.6024            2.6024    
      147.80            2.5456            2.5694            2.5694    
      148.00            2.5130            2.5368            2.5368    
      148.20            2.4809            2.5046            2.5046    
      148.40            2.4492            2.4728            2.4728    
      148.60            2.4178            2.4414            2.4414    
      148.80            2.3869            2.4104            2.4104    
      149.00            2.3564            2.3799            2.3799    
      149.20            2.3263            2.3496            2.3496    
      149.40            2.2966            2.3198            2.3198    
      149.60            2.2672            2.2904            2.2904    
      149.80            2.2382            2.2613            2.2613    
      150.00            2.2096            2.2326            2.2326    
      150.20            2.1813            2.2043            2.2043    
      150.40            2.1534            2.1763            2.1763    
      150.60            2.1259            2.1487            2.1487    
      150.80            2.0987            2.1214            2.1214    
      151.00            2.0719            2.0945            2.0945    
      151.20            2.0454            2.0679            2.0679    
      151.40            2.0193            2.0417            2.0417    
      151.60            1.9934            2.0157            2.0157    
      151.80            1.9680            1.9902            1.9902    
      152.00            1.9428            1.9649            1.9649    
      152.20            1.9180            1.9400            1.9400    
      152.40            1.8934            1.9153            1.9153    
      152.60            1.8692            1.8910            1.8910    
      152.80            1.8453            1.8670            1.8670    
      153.00            1.8217            1.8433            1.8433    
      153.20            1.7984            1.8199            1.8199    
      153.40            1.7755            1.7968            1.7968    
      153.60            1.7528            1.7740            1.7740    
      153.80            1.7303            1.7515            1.7515    
      154.00            1.7082            1.7293            1.7293    
      154.20            1.6864            1.7073            1.7073    
      154.40            1.6648            1.6857            1.6857    
      154.60            1.6435            1.6643            1.6643    
      154.80            1.6225            1.6432            1.6432    
      155.00            1.6018            1.6223            1.6223    
      155.20            1.5813            1.6017            1.6017    
      155.40            1.5611            1.5814            1.5814    
      155.60            1.5411            1.5613            1.5613    
      155.80            1.5214            1.5415            1.5415    
      156.00            1.5020            1.5219            1.5219    
      156.20            1.4828            1.5026            1.5026    
      156.40            1.4638            1.4835            1.4835    
      156.60            1.4451            1.4647            1.4647    
      156.80            1.4266            1.4461            1.4461    
      157.00            1.4084            1.4278            1.4278    
      157.20            1.3904            1.4097            1.4097    
      157.40            1.3726            1.3918            1.3918    
      157.60            1.3550            1.3741            1.3741    
      157.80            1.3377            1.3567            1.3567    
      158.00            1.3206            1.3394            1.3394    
      158.20            1.3037            1.3224            1.3224    
      158.40            1.2871            1.3057            1.3057    
      158.60            1.2706            1.2891            1.2891    
      158.80            1.2544            1.2727            1.2727    
      159.00            1.2383            1.2566            1.2566    
      159.20            1.2225            1.2406            1.2406    
      159.40            1.2069            1.2249            1.2249    
      159.60            1.1914            1.2093            1.2093    
      159.80            1.1762            1.1940            1.1940    
      160.00            1.1612            1.1788            1.1788    
      160.20            1.1463            1.1639            1.1639    
      160.40            1.1317            1.1491            1.1491    
      160.60            1.1172            1.1345            1.1345    
      160.80            1.1029            1.1201            1.1201    
      161.00            1.0888            1.1059            1.1059    
      161.20            1.0749            1.0919            1.0919    
      161.40            1.0612            1.0780            1.0780    
      161.60            1.0476            1.0643            1.0643    
      161.80            1.0342            1.0508            1.0508    
      162.00            1.0210            1.0375            1.0375    
      162.20            1.0079            1.0243            1.0243    
      162.40           0.99503            1.0113            1.0113    
      162.60           0.98231           0.99848           0.99848    
      162.80           0.96975           0.98580           0.98580    
      163.00           0.95735           0.97329           0.97329    
      163.20           0.94511           0.96094           0.96094    
      163.40           0.93303           0.94874           0.94874    
      163.60           0.92110           0.93670           0.93670    
      163.80           0.90932           0.92481           0.92481    
      164.00           0.89770           0.91308           0.91308    
      164.20           0.88622           0.90149           0.90149    
      164.40           0.87489           0.89005           0.89005    
      164.60           0.86370           0.87875           0.87875    
      164.80           0.85266           0.86760           0.86760    
      165.00           0.84176           0.85658           0.85658    
      165.20           0.83100           0.84571           0.84571    
      165.40           0.82037           0.83498           0.83498    
      165.60           0.80988           0.82438           0.82438    
      165.80           0.79953           0.81392           0.81392    
      166.00           0.78931           0.80359           0.80359    
      166.20           0.77922           0.79339           0.79339    
      166.40           0.76925           0.78332           0.78332    
      166.60           0.75942           0.77338           0.77338    
      166.80           0.74971           0.76356           0.76356    
      167.00           0.74012           0.75387           0.75387    
      167.20           0.73066           0.74430           0.74430    
      167.40           0.72132           0.73486           0.73486    
      167.60           0.71210           0.72553           0.72553    
      167.80           0.70299           0.71632           0.71632    
      168.00           0.69400           0.70723           0.70723    


  SUBJECT NO.     1 ...  OUTPUT EQUATION NO.  1

     TIMES                   OBSERVED VALUES          PREDICTED VALUES, BASED ON POSTERIOR MEANS; THEN MEDIANS; THEN MODES
--------------------------------------------------------------------------------------------------------------------------
      120.00            2.9300            3.2494            3.2739            3.2739    
      121.00            4.3600            4.3356            4.3302            4.3302    
      122.02            7.7900            8.0155            8.0073            8.0073    
      126.00            11.020            9.8705            9.8656            9.8656    
      129.00            8.8600            8.4551            8.4600            8.4600    
      131.97            6.0900            7.0357            7.0490            7.0490    
      144.00            4.1500            3.2506            3.2751            3.2751    


