DENSITY OCT_15 ... Made by npagranfix6
          -1
           4
           1
           4
Ka         
Ke         
V          
Tlag1      
           0

           0

  0.10000000000000001       0.90000000000000002     
   1.0000000000000000E-003  0.10000000000000001     
   30.000000000000000        120.00000000000000     
   0.0000000000000000        4.0000000000000000     


         100
          92
   0.0000000000000000     
  0.89938901233525581        5.0785430365168895E-002   60.075356865956728        3.1607700610418621        701.84483726150381     
   6.4258672764396668E-004
   5.2029814484854855        5.1708190208315061        5.1708190208315061     
   4.9378145378987428        4.9062320960888846        4.9062320960888846     
   4.6933067840132185        4.6623110431213721        4.6623110431213721     
   12.178074614672664        12.124616374818453        12.124616374818453     
   11.066137943576891        11.029693230289336        11.029693230289336     
   9.5672427510359235        9.5314512602481773        9.5314512602481773     
   5.2033343021357839        5.1709494018487749        5.1709494018487749     
         841
   0.0000000000000000        0.0000000000000000        0.0000000000000000     
   0.0000000000000000        0.0000000000000000        0.0000000000000000     
   0.0000000000000000        0.0000000000000000        0.0000000000000000     
   0.0000000000000000        0.0000000000000000        0.0000000000000000     
   0.0000000000000000        0.0000000000000000        0.0000000000000000     
   0.0000000000000000        0.0000000000000000        0.0000000000000000     
   0.0000000000000000        0.0000000000000000        0.0000000000000000     
   0.0000000000000000        0.0000000000000000        0.0000000000000000     
   0.0000000000000000        0.0000000000000000        0.0000000000000000     
   0.0000000000000000        0.0000000000000000        0.0000000000000000     
   0.0000000000000000        0.0000000000000000        0.0000000000000000     
   0.0000000000000000        0.0000000000000000        0.0000000000000000     
   0.0000000000000000        0.0000000000000000        0.0000000000000000     
   0.0000000000000000        0.0000000000000000        0.0000000000000000     
   0.0000000000000000        0.0000000000000000        0.0000000000000000     
   0.0000000000000000        0.0000000000000000        0.0000000000000000     
  0.34589631096203488       0.17707043138788389       0.17707043138788389     
   1.9213379030976152        1.7743172785630068        1.7743172785630068     
   3.2209217838978499        3.0930154143709547        3.0930154143709547     
   4.2902284847936052        4.1790313556012126        4.1790313556012126     
   5.1673330338192036        5.0707049992800606        5.0707049992800606     
   5.8840405865068623        5.8000844669732938        5.8000844669732938     
   6.4669186375190932        6.3939583587461222        6.3939583587461222     
   6.9381593014689917        6.8747186540180945        6.8747186540180945     
   7.3162996382513166        7.2610820436061845        7.2610820436061845     
   7.6168233926938260        7.5686929189218421        7.5686929189218421     
   7.8526636710199345        7.8106274338054638        7.8106274338054638     
   8.0346228626707354        7.9978148691522142        7.9978148691522142     
   8.1717234311953497        8.1393898677428673        8.1393898677428673     
   8.2715009550785386        8.2429868808057005        8.2429868808057005     
   8.3402489257680088        8.3149863071299439        8.3149863071299439     
   8.3832232450049808        8.3607202501154223        8.3607202501154223     
   8.4048130560712071        8.3846445178941273        8.3846445178941273     
   8.4086834513243645        8.3904824047309905        8.3904824047309905     
   8.3978946859657828        8.3813448833055908        8.3813448833055908     
   8.3750017657672871        8.3598310779380416        8.3598310779380416     
   8.3421376397489571        8.3281122538946448        8.3281122538946448     
   8.3010826968887450        8.2880020271483108        8.2880020271483108     
   8.2533228216014063        8.2410150552854375        8.2410150552854375     
   8.2000978915318434        8.1884160993589159        8.1884160993589159     
   8.1424422911242971        8.1312610364438882        8.1312610364438882     
   8.0812187553933654        8.0704311434759486        8.0704311434759486     
   8.0171466419319568        8.0066617562954328        8.0066617562954328     
   7.9508255484241737        7.9405662267102910        7.9405662267102910     
   7.8827550419234456        7.8726559489921479        7.8726559489921479     
   7.8133511400084874        7.8033571006609259        7.8033571006609259     
   7.7429600785493955        7.7330246366175279        7.7330246366175279     
   7.6718698127844078        7.6619539872452584        7.6619539872452584     
   7.6003196248685780        7.5903908371712721        7.5903908371712721     
   7.5285081496228745        7.5185392995788023        7.5185392995788023     
   7.4566000788930973        7.4465687492995789        7.4465687492995789     
   7.3847317620573563        7.3746195347300141        7.3746195347300141     
   7.3130158844079434        7.3028077525141342        7.3028077525141342     
   7.2415453752163215        7.2312292387582708        7.2312292387582708     
   7.1703966722979908        7.1599629053156155        7.1599629053156155     
   7.0996324490164646        7.0890735285906343        7.0890735285906343     
   7.0293038922249949        7.0186140806848867        7.0186140806848867     
   6.9594526050753913        6.9486276779695979        6.9486276779695979     
   6.8901121964524163        6.8791492098516862        6.8791492098516862     
   6.8213096086250706        6.8102067002023343        6.8102067002023343     
   6.7530662262127308        6.7418224453090847        6.7418224453090847     
   6.6853988024689510        6.6740139650164814        6.6740139650164814     
   6.6183202329586726        6.6067947977049979        6.6067947977049979     
   6.5518402017532784        6.5401751647295168        6.5401751647295168     
   6.4859657211317359        6.4741625257351672        6.4741625257351672     
   6.4207015823207945        6.4087620427544865        6.4087620427544865     
   6.3560507319208295        6.3439769680524982        6.3439769680524982     
   6.2920145862526207        6.2798089682308573        6.2798089682308573     
   6.2285932938461128        6.2162583950496133        6.2162583950496133     
   6.1657859546095102        6.1533245117092683        6.1533245117092683     
   6.1035908028114028        6.0910056819014784        6.0910056819014784     
   6.0420053598343761        6.0292995277377033        6.0292995277377033     
   5.9810265616775986        5.9682030616628179        5.9682030616628179     
   5.9206508653664658        5.9077127966228078        5.9077127966228078     
   5.8608743377428114        5.8478248380552511        5.8478248380552511     
   5.8016927295373604        5.7885349606858458        5.7885349606858458     
   5.7431015371483944        5.7298386726247150        5.7298386726247150     
   5.6850960541515185        5.6717312688471599        5.6717312688471599     
   5.6276714142320827        5.6142078758014531        5.6142078758014531     
   5.5708226269533085        5.5572634886004062        5.5572634886004062     
   5.5145446075405342        5.5008930020143936        5.5008930020143936     
   5.4588322016676543        5.4450912362837851        5.4450912362837851     
   5.4036802060694891        5.3898529586016677        5.3898529586016677     
   5.3490833856681936        5.3351729009781756        5.3351729009781756     
   5.2950364877885399        5.2810457750810160        5.2810457750810160     
   5.2415342539422225        5.2274662845492115        5.2274662845492115     
   5.1885714295823480        5.1744291351955605        5.1744291351955605     
   5.1361427721631481        5.1219290434451024        5.1219290434451024     
   5.0842430577848363        5.0699607432999070        5.0699607432999070     
   5.0328670866574274        5.0185189920728863        5.0185189920728863     
   4.9820096875788140        4.9675985750934508        4.9675985750934508     
   4.9316657215902682        4.9171943095546009        4.9171943095546009     
   4.8818300849456460        4.8673010476431839        4.8673010476431839     
   4.8324977115081280        4.8179136790717818        4.8179136790717818     
   4.7836635746695864        4.7690271331112752        4.7690271331112752     
   4.7353226888720030        4.7206363802068356        4.7206363802068356     
   4.6874701107972871        4.6727364332465555        4.6727364332465555     
   4.6401009402808944        4.6253223485405135        4.6253223485405135     
   4.5932103209955333        4.5783892265586328        4.5783892265586328     
   4.5467934409436142        4.5319322124677051        4.5319322124677051     
   4.5008455327907146        4.4859464965013451        4.4859464965013451     
   4.4553618740670338        4.4404273141910906        4.4404273141910906     
   4.4103377872593361        4.3953699464822114        4.3953699464822114     
   4.3657686398121918        4.3507697197539379        4.3507697197539379     
   4.3216498440542050        4.3066220057605626        4.3066220057605626     
   4.2779768570623391        4.2629222215071616        4.2629222215071616     
   4.2347451804752803        4.2196658290714364        4.2196658290714364     
   4.1919503602649550        4.1768483353812487        4.1768483353812487     
   4.1495879864738461        4.1344652919558866        4.1344652919558866     
   4.1076536929244458        4.0925122946177330        4.0925122946177330     
   4.0661431569061639        4.0509849831799372        4.0509849831799372     
   4.0250520988440988        4.0098790411147300        4.0098790411147300     
   3.9843762819533803        3.9691901952063020        3.9691901952063020     
   3.9441115118821402        3.9289142151914609        3.9289142151914609     
   3.9042536363456790        3.8890469133907914        3.8890469133907914     
   3.8647985447539681        3.8495841443325616        3.8495841443325616     
   3.8257421678342438        3.8105218043712568        3.8105218043712568     
   3.7870804772501878        3.7718558313023038        3.7718558313023038     
   3.7488094852189096        3.7335822039742808        3.7335822039742808     
   3.7109252441267455        3.6956969418996968        3.6956969418996968     
   3.6734238461447304        3.6581961048652309        3.6581961048652309     
   3.6363014228444244        3.6210757925421793        3.6210757925421793     
   3.5995541448146797        3.5843321440977118        3.5843321440977118     
   3.5631782212798266        3.5479613378074606        3.5479613378074606     
   3.5271698997196550        3.5119595906698438        3.5119595906698438     
   3.4915254654915269        3.4763231580224727        3.4763231580224727     
   3.4562412414548720        3.4410483331609174        3.4410483331609174     
   3.4213135875982816        3.4061314469600652        3.4061314469600652     
   3.3867389006693664        3.3715688674982474        3.3715688674982474     
   3.3525136138075262        3.3373569996842880        3.3373569996842880     
   3.3186341961797252        3.3034922848875885        3.3034922848875885     
   3.2850971526193713        3.2699712005713408        3.2699712005713408     
   3.2518990232683511        3.2367902599289393        3.2367902599289393     
   3.2190363832222824        3.2039460115236462        3.2039460115236462     
   3.1865058421790069        3.1714350389315493        3.1714350389315493     
   3.1543040440903520        3.1392539603878338        3.1392539603878338     
   3.4683239777786419        3.2844698598236928        3.2844698598236928     
   5.0122113248848352        4.8501854081452942        4.8501854081452942     
   6.2805598375565692        6.1376721983210309        6.1376721983210309     
   7.3189468247757947        7.1927935005414776        7.1927935005414776     
   8.1654441246899729        8.0538859981745468        8.0538859981745468     
   8.8518537351779383        8.7529946317344880        8.7529946317344880     
   9.4047400251569719        9.3169048525113638        9.3169048525113638     
   9.8462920150809730        9.7680055230988341        9.7680055230988341     
   10.195043701952635        10.125010249113359        10.125010249113359     
   10.466475798659031        10.403560368070593        10.403560368070593     
   10.673518410121698        10.616729010902421        10.616729010902421     
   10.826970954809193        10.775442466268537        10.775442466268537     
   10.935852955321081        10.888832415076177        10.888832415076177     
   11.007697078912271        10.964530376734063        10.964530376734063     
   11.048793935220068        11.008913847960992        11.008913847960992     
   11.064396573297531        11.027312059533697        11.027312059533697     
   11.058891312566240        11.024177976109687        11.024177976109687     
   11.035940450060448        11.003232077332305        11.003232077332305     
   10.998601473906442        10.967582549819708        10.967582549819708     
   10.949426650763984        10.919825760101006        10.919825760101006     
   10.890546218221495        10.862130243635068        10.862130243635068     
   10.823737881225986        10.796306914287035        10.796306914287035     
   10.750484867285101        10.723867754954144        10.723867754954144     
   10.672024423986388        10.646074879140532        10.646074879140532     
   10.589388332295149        10.563981543237615        10.563981543237615     
   10.503436750056904        10.478466430089700        10.478466430089700     
   10.414886483739457        10.390262307768456        10.390262307768456     
   10.324334605682608        10.299979986368681        10.299979986368681     
   10.232278183115760        10.208128344239995        10.208128344239995     
   10.139130759055982        10.115131068509760        10.115131068509760     
   10.045236119818815        10.021340648956711        10.021340648956711     
   9.9508797958423294        9.9270500758559699        9.9270500758559699     
   9.8562986689856391        9.8325026184866662        9.8325026184866662     
   9.7616889980303689        9.7378999991929369        9.7378999991929369     
   9.6672131227944487        9.6434092262276341        9.6434092262276341     
   9.5730050643969449        9.5491683054223540        9.5491683054223540     
   9.4791752033997287        9.4552910146266935        9.4552910146266935     
   9.3858141876346934        9.3618708946817364        9.3618708946817364     
   9.2929961965332559        9.2689845854658568        9.2689845854658568     
   9.2007816678973438        9.1766946144628072        9.1766946144628072     
   9.1092195756104761        9.0850517276735996        9.0850517276735996     
   9.0183493322182908        8.9940968379575246        8.9940968379575246     
   8.9282023781369286        8.9038626535689556        8.9038626535689556     
   8.8388035090806092        8.8143750393590565        8.8143750393590565     
   8.7501719848063200        8.7256541545032764        8.7256541545032764     
   8.6623224551783959        8.6377154034197030        8.6377154034197030     
   8.5752657336287257        8.5505702305279296        8.5505702305279296     
   8.4890094431370073        8.4642267844697283        8.4642267844697283     
   8.4035585557192434        8.3786904732092875        8.3786904732092875     
   8.3189158429574608        8.2939644279169435        8.2939644279169435     
   8.2350822522171914        8.2100498906030204        8.2100498906030204     
   8.1520572207879880        8.1269465380128594        8.1269465380128594     
   8.0698389381680187        8.0446527522415998        8.0446527522415998     
   7.9884245650310532        7.9631658468113518        7.9631658468113518     
   7.9078104160085276        7.8824822555190881        7.8824822555190881     
   7.8279921122451013        7.8025976901645491        7.8025976901645491     
   7.7489647087052091        7.7235072722651443        7.7235072722651443     
   7.6707228003886430        7.6452056430269426        7.6452056430269426     
   7.5932606109286613        7.5676870551404685        7.5676870551404685     
   7.5165720664742866        7.4909454493844958        7.4909454493844958     
   7.4406508572807262        7.4149745185315901        7.4149745185315901     
   7.3654904890328146        7.3397677606400240        7.3397677606400240     
   7.2910843255929754        7.2653185234746651        7.2653185234746651     
   7.2174256245867650        7.1916200415135068        7.1916200415135068     
   7.1445075670063698        7.1186654667575695        7.1186654667575695     
   7.0723232818181332        7.0464478943620321        7.0464478943620321     
   7.0008658663978158        6.9749603839395213        6.9749603839395213     
   6.9301284034816923        6.9041959772468147        6.9041959772468147     
   6.8601039752082738        6.8341477128495427        6.8341477128495427     
   6.7907856747308344        6.7648086382618997        6.7648086382618997     
   6.7221666158018358        6.6961718199768292        6.6961718199768292     
   6.6542399406643042        6.6282303517339649        6.6282303517339649     
   6.5869988265300510        6.5609773613156346        6.5609773613156346     
   6.5204364908785371        6.4944060161135821        6.4944060161135821     
   6.4545461957716679        6.4285095276692479        6.4285095276692479     
   6.3893212513476572        6.3632811553571518        6.3632811553571518     
   6.3247550186302242        6.2987142093531014        6.2987142093531014     
   6.2608409117669543        6.2348020530056854        6.2348020530056854     
   6.1975723997918815        6.1715381047100566        6.1715381047100566     
   6.1349430079916987        6.1089158393667704        6.1089158393667704     
   6.0729463189419546        6.0469287894948396        6.0469287894948396     
   6.0115759732685845        5.9855705460568176        5.9855705460568176     
   5.9508256701810769        5.9248347590442272        5.9248347590442272     
   5.8906891678158999        5.8647151378637039        5.8647151378637039     
   5.8311602834224558        5.8052054515576073        5.8052054515576073     
   5.7722328934185034        5.7462995288872811        5.7462995288872811     
   5.7139009333375599        5.6879912583025334        5.6879912583025334     
   5.6561583976870455        5.6302745878170173        5.6302745878170173     
   5.5989993397328792        5.5731435248059515        5.5731435248059515     
   5.5424178712235852        5.5165921357399235        5.5165921357399235     
   5.4864081620648628        5.4606145458662381        5.4606145458662381     
   5.4309644399537174        5.4052049388474064        5.4052049388474064     
   5.3760809899797746        5.3503575563647594        5.3503575563647594     
   5.3217521542000972        5.2960666976938651        5.2960666976938651     
   5.2679723311928299        5.2423267192573340        5.2423267192573340     
   5.2147359755940519        5.1891320341596385        5.1891320341596385     
   5.1620375976215280        5.1364771117078405        5.1364771117078405     
   5.1098717625884094        5.0843564769214504        5.0843564769214504     
   5.0582330904094430        5.0327647100341126        5.0327647100341126     
   5.0071162551018036        4.9816964459893391        4.9816964459893391     
   4.9565159842822943        4.9311463739321955        4.9311463739321955     
   4.9064270586624126        4.8811092366984408        4.8811092366984408     
   4.8568443115424600        4.8315798303024406        4.8315798303024406     
   4.8077626283057198        4.7825530034249066        4.7825530034249066     
   4.7591769459135271        4.7340236569013490        4.7340236569013490     
   4.7110822524019174        4.6859867432119611        4.6859867432119611     
   4.6634735863804240        4.6384372659735504        4.6384372659735504     
   4.6163460365334714        4.5913702794340088        4.5913702794340088     
   4.5696947411247599        4.5447808879697069        4.5447808879697069     
   4.5235148875049411        4.4986642455861690        4.4986642455861690     
   4.4778017116228366        4.4530155554222821        4.4530155554222821     
   4.4325504975403938        4.4078300692582486        4.4078300692582486     
   4.3877565769515519        4.3631030870274721        4.3631030870274721     
   4.3434153287051238        4.3188299563324906        4.3188299563324906     
   4.2995221783318076        4.2750060719650822        4.2750060719650822     
   4.2560725975753968        4.2316268754306146        4.2316268754306146     
   4.2130621039282339        4.1886878544766937        4.1886878544766937     
   4.1704862601709589        4.1461845426261617        4.1461845426261617     
   4.1283406739165631        4.1041125187144720        4.1041125187144720     
   4.0866209971587688        4.0624674064314457        4.0624674064314457     
   4.3912192367884186        4.1983153052569726        4.1983153052569726     
   5.9257801024310925        5.7547579116282366        5.7547579116282366     
   7.1848963840492912        7.0330658539402107        7.0330658539402107     
   8.2141444381607496        8.0791014475950913        8.0791014475950913     
   9.0515951600740081        8.9312004308608142        8.9312004308608142     
   9.7290496143570149        9.6214068087417317        9.6214068087417317     
   10.273071246047891        10.176505106510799        10.176505106510799     
   10.705848161057816        10.618883270141007        10.618883270141007     
   11.045913451088825        10.967253997929253        10.967253997929253     
   11.308746932876018        11.237257729278353        11.237257729278353     
   11.507277824245174        11.441966706120654        11.441966706120654     
   11.652304665533801        11.592306337137140        11.592306337137140     
   11.752846110084532        11.697407432185624        11.697407432185624     
   11.816433964679749        11.764900648464099        11.764900648464099     
   11.849357987179912        11.801162629229616        11.801162629229616     
   11.856870383469008        11.811521760457385        11.811521760457385     
   11.843356638320346        11.800430170575741        11.800430170575741     
   11.812478222554580        11.771607511484198        11.771607511484198     
   11.767291806433859        11.728161150456353        11.728161150456353     
   11.710348847018867        11.672686642990765        11.672686642990765     
   11.643778780480508        11.607351721745431        11.607351721745431     
   11.569358518447130        11.533966505930762        11.533966505930762     
   11.488570503124745        11.454042191852762        11.454042191852762     
   11.402651204735267        11.368840114406010        11.368840114406010     
   11.312631634734174        11.279412759273045        11.279412759273045     
   11.219371189233577        11.186638046409808        11.186638046409808     
   11.123585920665709        11.091247988740751        11.091247988740751     
   11.025872154954833        10.993852648876068        10.993852648876068     
   10.926726220457848        10.894960165265621        10.894960165265621     
   10.826560928786130        10.794993492644904        10.794993492644904     
   10.725719342240879        10.694304395832486        10.694304395832486     
   10.624486274562475        10.593185147499607        10.593185147499607     
   10.523097898155056        10.491878306603169        10.491878306603169     
   10.421749769514797        10.390584892372836        10.390584892372836     
   10.320603533271253        10.289471217081609        10.289471217081609     
   10.219792522380448        10.188674597643452        10.188674597643452     
   10.119426436195582        10.088308129980893        10.088308129980893     
   10.019595248223943        9.9884646799275778        9.9884646799275778     
   9.9203724703868570        9.8892202192038603        9.8892202192038603     
   9.8218178797217863        9.7906366139153711        9.7906366139153711     
   9.7239797960252758        9.6927639553961189        9.6927639553961189     
   9.6268969843659722        9.5956425084814114        9.5956425084814114     
   9.5306002442262141        9.4993043399772432        9.4993043399772432     
   9.4351137368634976        9.4037746797952764        9.4037746797952764     
   9.3404560939896939        9.3090730586143042        9.3090730586143042     
   9.2466413437708468        9.2152142587332158        9.2152142587332158     
   9.1536796842232384        9.1222091087651513        9.1222091087651513     
   9.0615781291301456        9.0300651477941241        9.0300651477941241     
   8.9703410474674961        8.9387871804118415        8.9387871804118415     
   8.8799706138713717        8.8483777405386892        8.8483777405386892     
   8.7904671847938989        8.7588374789954244        8.7588374789954244     
   8.7018296125828023        8.6701654873367300        8.6701654873367300     
   8.6140555077056611        8.5823595684051099        8.5823595684051099     
   8.5271414576571534        8.4954164623478103        8.4954164623478103     
   8.4410832096819775        8.4093320354050718        8.4093320354050718     
   8.3558758232718926        8.3241014375789995        8.3241014375789995     
   8.2715137974143076        8.2397192342900123        8.2397192342900123     
   8.1879911767505167        8.1561795162900061        8.1561795162900061     
   8.1053016401170268        8.0734759914008798        8.0734759914008798     
   8.0234385743716476        7.9916020610616512        7.9916020610616512     
   7.9423951359282761        7.9105508841779040        7.9105508841779040     
   7.8621643020252643        7.8303154303581675        7.8303154303581675     
   7.7827389134188643        7.7508885242798273        7.7508885242798273     
   7.7041117099148018        7.6722628826412578        7.6722628826412578     
   7.6262753599183526        7.5944311449178494        7.5944311449178494     
   7.5492224849889871        7.5173858989398399        7.5173858989398399     
   7.4729456802232850        7.4411197021428226        7.4411197021428226     
   7.3974375311542069        7.3656250992022168        7.3656250992022168     
   7.3226906277415305        7.2908946366462590        7.2908946366462590     
   7.2486975759335932        7.2169208749445408        7.2169208749445408     
   7.1754510072014561        7.1436963984875206        7.1436963984875206     
   7.1029435863805261        7.0712138238043227        7.0712138238043227     
   7.0311680180995229        6.9994658063091011        6.9994658063091011     
   6.9601170520305846        6.9284450458186235        6.9284450458186235     
   6.8897834871558059        6.8581442910439154        6.8581442910439154     
   6.8201601752133243        6.7885563432254985        6.7885563432254985     
   6.7512400234592276        6.7196740590539452        6.7196740590539452     
   6.6830159968590968        6.6514903529941991        6.6514903529941991     
   6.6154811198042482        6.5839981991126644        6.5839981991126644     
   6.5486284774320795        6.5171906324898261        6.5171906324898261     
   6.4824512166168429        6.4510607502875539        6.4510607502875539     
   6.4169425466862391        6.3856017125288984        6.3856017125288984     
   6.3520957399100810        6.3208067426386982        6.3208067426386982     
   6.2879041317996727        6.2566691277853446        6.2566691277853446     
   6.2243611212501708        6.1931822190574746        6.1931822190574746     
   6.1614601705528402        6.1303394315037574        6.1303394315037574     
   6.0991948052997289        6.0681342440593360        6.0681342440593360     
   6.0375586141995301        6.0065601993786135        6.0065601993786135     
   5.9765452488203001        5.9456109035908060        5.9456109035908060     
   5.9161484232721353        5.8852800259920075        5.8852800259920075     
   5.8563619138407086        5.8255612986852263        5.8255612986852263     
   5.7971795585808001        5.7664485161779782        5.7664485161779782     
   5.7385952568774012        5.7079355349454168        5.7079355349454168     
   5.6806029689807565        5.6500162729656864        5.6500162729656864     
   5.6231967155206020        5.5926847092330600        5.5926847092330600     
   5.5663705770040339        5.5359348832535034        5.5359348832535034     
   5.5101186933006634        5.4797608945265361        5.4797608945265361     
   5.4544352631181034        5.4241569020166267        5.4241569020166267     
   5.3993145434703633        5.3691171236167969        5.3691171236167969     
   5.3447508491412341        5.3146358356066701        5.3146358356066701     
   5.2907385521444361        5.2607073721068414        5.2607073721068414     
   5.2372720811819908        5.2073261245310940        5.2073261245310940     
   5.1843459211020182        5.1544865410377545        5.1544865410377545     
   5.1319546123569664        5.1021831259812513        5.1021831259812513     
   5.0800927504630931        5.0504104393647422        5.0504104393647422     
   5.0287549854618927        4.9991630962945539        4.9991630962945539     
   4.9779360213840196        4.9484357664370178        4.9484357664370178     
   4.9276306157161640        4.8982231734781960        4.8982231734781960     
   4.8778335788712726        4.8485200945869016        4.8485200945869016     
   4.8285397736623938        4.7993213598813265        4.7993213598813265     
   4.7797441147804225        4.7506218518995640        4.7506218518995640     
   4.7314415682759039        4.7024165050742157        4.7024165050742157     
   4.6836271510450960        4.6547003052112572        4.6547003052112572     
   4.6362959303203768        4.6074682889733083        4.6074682889733083     
   4.5894430231651038        4.5607155433673867        4.5607155433673867     
   4.5430635959730008        4.5144372052372397        4.5144372052372397     
   4.4971528639721097        4.4686284607603071        4.4686284607603071     
   4.4517060907333530        4.4232845449493503        4.4232845449493503     
   4.4067185876837254        4.3784007411587682        4.3784007411587682     
   4.3621857136241120        4.3339723805956263        4.3339723805956263     
   4.6639991852183780        4.4670652732278571        4.4670652732278571     
   6.1958034247887337        6.0207808289091513        6.0207808289091513     
   7.4521909379076003        7.2963893923688188        7.2963893923688188     
   8.4787377995730644        8.3397529982182963        8.3397529982182963     
   9.3135146264189679        9.1892071067839911        9.1892071067839911     
   9.9883222071547486        9.8767954479490569        9.8767954479490569     
   10.529723713747774        10.429302274656939        10.429302274656939     
   10.959906981798017        10.869115263314502        10.869115263314502     
   11.297404835428001        11.214946845387844        11.214946845387844     
   11.557696826497370        11.482437196156569        11.482437196156569     
   11.753711910633211        11.684658296109905        11.684658296109905     
   11.896248368624029        11.832535295138628        11.832535295138628     
   11.994324596886363        11.935198746936333        11.935198746936333     
   12.055472147872932        12.000279055136131        12.000279055136131     
   12.085980527684695        12.034152612003160        12.034152612003160     
   12.091101692990341        12.042147555067578        12.042147555067578     
   12.075220881866368        12.028715766833674        12.028715766833674     
   12.041999320929660        11.997576655772356        11.997576655772356     
   11.994493438706446        11.951837348198715        11.951837348198715     
   11.935254452964390        11.894093161097866        11.894093161097866     
   11.866411562999586        11.826511591034579        11.826511591034579     
   11.789741445959367        11.750902523521731        11.750902523521731     
   11.706726311938311        11.668776923539156        11.668776923539156     
   11.618602401392545        11.581395897002560        11.581395897002560     
   11.526400498333697        11.489811702939106        11.489811702939106     
   11.430979773728501        11.394902036949262        11.394902036949262     
   11.333056057139061        11.297398689878586        11.297398689878586     
   11.233225453871766        11.197911504511843        11.197911504511843     
   11.131984073895131        11.096948401704079        11.096948401704079     
   11.029744512639116        10.994932120803933        10.994932120803933     
   10.926849618408154        10.892214213428689        10.892214213428689     
   10.823583993108452        10.789086741211699        10.789086741211699     
   10.720183599450696        10.685792054213403        10.685792054213403     
   10.616843786356705        10.582530964886713        10.582530964886713     
   10.513725992979355        10.479469580826079        10.479469580826079     
   10.410963348874482        10.376745016343820        10.376745016343820     
   10.308665352050580        10.274470166816652        10.274470166816652     
   10.206921776704961        10.172737699567381        10.172737699567381     
   10.105805937463144        10.071623389819839        10.071623389819839     
   10.005377416060584        9.9711889091770214        9.9711889091770214     
   9.9056843389654858        9.8714841564439553        9.8714841564439553     
   9.8067652798718559        9.7725492058805834        9.7725492058805834     
   9.7086508488213799        9.6744159356513393        9.6744159356513393     
   9.6113650195453104        9.5771093889405048        9.5771093889405048     
   9.5149262381243691        9.4806489115942441        9.4806489115942441     
   9.4193483489693683        9.3850491029543353        9.3850491029543353     
   9.3246413681983356        9.2903206105333229        9.2903206105333229     
   9.2308121295345007        9.1964707941522672        9.1964707941522672     
   9.1378648237133664        9.1035042809589406        9.1035042809589406     
   9.0458014489318312        9.0114234292303390        9.0114234292303390     
   8.9546221869858744        8.9202287159261218        8.9202287159261218     
   8.8643257173321004        8.8299190605040696        8.8299190605040696     
   8.7749094792941396        8.7404920954560748        8.7404920954560748     
   8.6863698909522515        8.6519443923073531        8.6519443923073531     
   8.5987025318487671        8.5642716503871519        8.5642716503871519     
   8.5119022954678130        8.4774688544802501        8.4774688544802501     
   8.4259635164667976        8.3915304064662362        8.3915304064662362     
   8.3408800768176725        8.3064502352156442        8.3064502352156442     
   8.2566454943314920        8.2222218883116529        8.2222218883116529     
   8.1732529964678751        8.1388386085805262        8.1388386085805262     
   8.0906955818533657        8.0562933979245663        8.0562933979245663     
   8.0089660715335018        7.9745790705421573        7.9745790705421573     
   7.9280571516501626        7.8936882972775155        7.8936882972775155     
   7.8479614089571781        7.8136136425568132        7.8136136425568132     
   7.7686713603546238        7.7343475951283720        7.7343475951283720     
   7.6901794774278347        7.6558825936248143        7.6558825936248143     
   7.6124782068148411        7.5782110477980478        7.5782110477980478     
   7.5355599870903314        7.5013253561383797        7.5013253561383797     
   7.4594172627409217        7.4252179204723019        7.4252179204723019     
   7.3840424957118955        7.3498811580359673        7.3498811580359673     
   7.3094281749265049        7.2753075114398129        7.2753075114398129     
   7.2355668241128939        7.2014894568716086        7.2014894568716086     
   7.1624510082184978        7.1284195108282189        7.1284195108282189     
   7.0900733386457517        7.0560902356187380        7.0560902356187380     
   7.0184264775043523        6.9844942438418345        6.9844942438418345     
   6.9475031410432253        6.9136242020068259        6.9136242020068259     
   6.8772961023984598        6.8434728334402193        6.8434728334402193     
   6.8077981937710135        6.7740329205961629        6.7740329205961629     
   6.7390023081292512        6.7052973068697987        6.7052973068697987     
   6.6709014005157377        6.6372588979962934        6.6372588979962934     
   6.6034884890245928        6.5699106631046877        6.5699106631046877     
   6.5367566555047905        6.5032456354843751        6.5032456354843751     
   6.4706990460356772        6.4372569131125186        6.4372569131125186     
   6.4053088712133341        6.3719376589827776        6.3719376589827776     
   6.3405794062800425        6.3072811012690790        6.3072811012690790     
   6.2765039911237910        6.2432805333526149        6.2432805333526149     
   6.2130760301703187        6.1799293137356361        6.1799293137356361     
   6.1502889921864767        6.1172208658616984        6.1172208658616984     
   6.0881364100105753        6.0551486778588304        6.0551486778588304     
   6.0266118802228066        5.9937063022193131        5.9937063022193131     
   5.9657090627666589        5.9328873554275701        5.9328873554275701     
   5.9054216805304449        5.8726855175457313        5.8726855175457313     
   5.8457435188965254        5.8130945317648655        5.8130945317648655     
   5.7866684252645832        5.7541082039285403        5.7541082039285403     
   5.7281903085542298        5.6957204020343024        5.6957204020343024     
   5.6703031386913407        5.6379250557176928        5.6379250557176928     
   5.6130009460818018        5.5807161557226808        5.5807161557226808     
   5.5562778210757111        5.5240877533617443        5.5240877533617443     
   5.5001279134245848        5.4680339599682775        5.4680339599682775     
   5.4445454317336841        5.4125489463435530        5.4125489463435530     
   5.3895246429112014        5.3576269422001248        5.3576269422001248     
   5.3350598716157958        5.3032622356031780        5.3032622356031780     
   5.2811454997036540        5.2494491724111381        5.2494491724111381     
   5.2277759656760923        5.1961821557165848        5.1961821557165848     
   5.1749457641285233        5.1434556452883493        5.1434556452883493     
   5.1226494452014668        5.0912641570155275        5.0912641570155275     
   5.0708816140341737        5.0396022623539913        5.0396022623539913     
   5.0196369302212922        4.9884645877759013        4.9884645877759013     
   4.9689101072729933        4.9378458142226149        4.9378458142226149     
   4.9186959120788192        4.8877406765613065        4.8877406765613065     
   4.8689891643755274        4.8381439630455789        4.8381439630455789     
   4.8197847362191046        4.7890505147802616        4.7890505147802616     
   4.7710775514611301        4.7404552251905727        4.7404552251905727     
   4.7228625852295778        4.6923530394957771        4.6923530394957771     
   4.6751348634141827        4.6447389541874271        4.6447389541874271     
   4.6278894621564124        4.5976080165122823        4.5976080165122823     
   4.5811215073441192        4.5509553239599487        4.5509553239599487     
   4.5348261741108749        4.5047760237552845        4.5047760237552845     
   4.4889986863400457        4.4590653123555839        4.4590653123555839     
   4.4436343161735721        4.4138184349525691        4.4138184349525691     
   4.7446246944950756        4.5461011163746292        4.5461011163746292     
   6.2756141587040508        6.0990146821903739        6.0990146821903739     
   7.5311951303183102        7.3738293937093209        7.3738293937093209     
   8.5569436011272266        8.4164072029660169        8.4164072029660169     
   9.3909301053968157        9.2650834885479032        9.2650834885479032     
   10.064955350301071        9.9519018994285773        9.9519018994285773     
   10.605582427095889        10.503646608462947        10.503646608462947     
   11.034999091485419        10.942705212782007        10.942705212782007     
   11.371738088503754        11.287790065380415        11.287790065380415     
   11.631278891721365        11.554541263862586        11.554541263862586     
   11.826550379267319        11.756030711830757        11.756030711830757     
   11.968350755215276        11.903183483068890        11.903183483068890     
   12.065698340042193        12.005130055936043        12.005130055936043     
   12.126124611028620        12.069500759495215        12.069500759495215     
   12.155918999863012        12.102671912198113        12.102671912198113     
   12.160333389553546        12.109971578510459        12.109971578510459     
   12.143752945260600        12.095851568613501        12.095851568613501     
   12.109838821421805        12.064031219388983        12.064031219388983     
   12.061647375113548        12.017617586289260        12.017617586289260     
   12.001729753375713        11.959205916155764        11.959205916155764     
   11.932215085491357        11.890963636121347        11.890963636121347     
   11.854879979302314        11.814700562971499        11.814700562971499     
   11.771206576298033        11.731927593656057        11.731927593656057     
   11.682431049022815        11.643905766751049        11.643905766751049     
   11.589584114262765        11.551687274627255        11.551687274627255     
   11.493524876438446        11.456149746905146        11.456149746905146     
   11.394969099238283        11.358024909119782        11.358024909119782     
   11.294512822760691        11.257922539408154        11.257922539408154     
   11.192652092425181        11.156350494633521        11.156350494633521     
   11.089799439765015        11.053731450802074        11.053731450802074     
   10.986297649833652        10.950416896831394        10.950416896831394     
   10.882431261925516        10.846698832291349        10.846698832291349     
   10.778436176772246        10.742819545808674        10.742819545808674     
   10.674507681942957        10.638979789025951        10.638979789025951     
   10.570807155857825        10.535345609344343        10.535345609344343     
   10.467467667953736        10.432054061493686        10.432054061493686     
   10.364598656727775        10.329217981872800        10.329217981872800     
   10.262289837467257        10.226929979425053        10.226929979425053     
   10.160614466483011        10.125265771587225        10.125265771587225     
   10.059632067785129        10.024286972761638        10.024286972761638     
   9.9593907106997914        9.9240434251330711        9.9240434251330711     
   9.8599289123564500        9.8245751469157447        9.8245751469157447     
   9.7612772268038555        9.7259139607970848        9.7259139607970848     
   9.6634595723461789        9.6280848550472999        9.6280848550472999     
   9.5664943401971740        9.5311071211556939        9.5311071211556939     
   9.4703953204551681        9.4349953046587665        9.4349953046587665     
   9.3751724754745567        9.3397599998097416        9.3397599998097416     
   9.2808325857582599        9.2454085137107977        9.2454085137107977     
   9.1873797893592979        9.1519454213257720        9.1519454213257720     
   9.0948160323244789        9.0593730292772410        9.0593730292772410     
   9.0031414448267064        8.9676917633945958        8.9676917633945958     
   8.9123546552211916        8.8769004925241699        8.8769004925241699     
   8.8224530522465852        8.7869967990599793        8.7869967990599793     
   8.7334330039093668        8.6979772049377075        8.6979772049377075     
   8.6452900401841131        8.6098373604002649        8.6098373604002649     
   8.5580190054881129        8.5225722016441807        8.5225722016441807     
   8.4716141859077929        8.4361760824538301        8.4361760824538301     
   8.3860694153349620        8.3506428840925579        8.3506428840925579     
   8.3013781639864153        8.2659661070194392        8.2659661070194392     
   8.2175336122084861        8.1821389474148045        8.1821389474148045     
   8.1345287119905443        8.0991543610083472        8.0991543610083472     
   8.0523562382122531        8.0170051162943672        8.0170051162943672     
   7.9710088313161522        7.9356838388767601        7.9356838388767601     
   7.8904790328185612        7.8551830484004386        7.8551830484004386     
   7.8107593148391947        7.7754951892868718        7.7754951892868718     
   7.7318421046355654        7.6966126562916140        7.6966126562916140     
   7.6537198049658430        7.6185278157347422        7.6185278157347422     
   7.5763848109682925        7.5412330231154359        7.5412330231154359     
   7.4998295241320587        7.4647206377052981        7.4647206377052981     
   7.4240463638394738        7.3889830346174072        7.3889830346174072     
   7.3490277768809680        7.3140126147665550        7.3140126147665550     
   7.2747662452776378        7.2398018130679569        7.2398018130679569     
   7.2012542926913579        7.1663431051647235        7.1663431051647235     
   7.1284844896562136        7.0936290129267459        7.0936290129267459     
   7.0564494578265577        7.0216521089238295        7.0216521089238295     
   6.9851418734048005        6.9504050200426128        6.9504050200426128     
   6.9145544698852133        6.8798804303889796        6.8798804303889796     
   6.8446800402275398        6.8100710835944316        6.8100710835944316     
   6.7755114385554949        6.7409697846254071        6.7409697846254071     
   6.7070415814595430        6.6725694011783094        6.6725694011783094     
   6.6392634489702855        6.6048628647294017        6.6048628647294017     
   6.5721700852578397        6.5378431712973697        6.5378431712973697     
   6.5057545991034642        6.4715033819668601        6.4715033819668601     
   6.4400101641820724        6.4058366232133723        6.4058366232133723     
   6.3749300191878939        6.3408360870632254        6.3408360870632254     
   6.3105074678302078        6.2764950311168031        6.2764950311168031     
   6.2467358787216547        6.2128067784586190        6.2128067784586190     
   6.1836086851779024        6.1497647174738850        6.1497647174738850     
   6.1211193849443353        6.0873623015880227        6.0873623015880227     
   6.0592615398628560        6.0255930489428451        6.0255930489428451     
   5.9980287754897219        5.9644505420208640        5.9644505420208640     
   5.9374147806735165        5.9039284272273234        5.9039284272273234     
   5.8774133071008690        5.8440204144379253        5.8440204144379253     
   5.8180181688162458        5.7847202765189296        5.7847202765189296     
   5.7592232417211218        5.7260218488252006        5.7260218488252006     
   5.7010224630569049        5.6679190286808261        5.6679190286808261     
   5.6434098308753127        5.6104057748461944        5.6104057748461944     
   5.5863794034992367        5.5534761069747427        5.5534761069747427     
   5.5299252989766403        5.4971241050620767        5.4971241050620767     
   5.4740416945296193        5.4413439088896691        5.4413439088896691     
   5.4187228260003506        5.3861297174650353        5.3861297174650353     
   5.3639629872954204        5.3314757884598949        5.3314757884598949     
   5.3097565298297091        5.2773764376476109        5.2773764376476109     
   5.2560978619708614        5.2238260383409818        5.2238260383409818     
   5.2029814484851364        5.1708190208312379        5.1708190208312379     
   5.1504018099853486        5.1183498718289862        5.1183498718289862     
   5.0983535223814336        5.0664131339076892        5.0664131339076892     
   5.0468312163341134        5.0150034049501766        5.0150034049501766     
   4.9958295767120271        4.9641153375985692        4.9641153375985692     
   4.9453433420526256        4.9137436387079676        4.9137436387079676     
   4.8953673040270944        4.8638830688041388        4.8638830688041388     
   4.8458963069094692        4.8145284415454404        4.8145284415454404     
   4.7969252470501313        4.7656746231891196        4.7656746231891196     
   4.7484490723537789        4.7173165320621493        4.7173165320621493     
   4.7004627817619786        4.6694491380366712        4.6694491380366712     
   4.6529614247403615        4.6220674620101416        4.6220674620101416     
   4.6059401007705150        4.5751665753902397        4.5751665753902397     
   4.5593939588466066        4.5287415995845519        4.5287415995845519     
   4.5133181969767469        4.4827877054950722        4.4827877054950722     
   4.4677080616891152        4.4373001130175362        4.4373001130175362     
   4.7684551585153621        4.5693445219440223        4.5693445219440223     
   6.2992037997498755        6.1220222330514140        6.1220222330514140     
   7.5545463820689642        7.3966034831191001        7.3966034831191001     
   8.5800588726680154        8.4389501998968353        8.4389501998968353     
   9.4138117814675901        9.2873977379336878        9.2873977379336878     
   10.087605791542266        9.9739897224088203        9.9739897224088203     
   10.628003970292061        10.525510302624141        10.525510302624141     
   11.057194049806322        10.964347052396642        10.964347052396642     
   11.393708751742995        11.309212301643553        11.309212301643553     
   11.653027526532634        11.575746125126038        11.575746125126038     
   11.848079229398230        11.777020403834873        11.777020403834873     
   11.989662041738852        11.923960189172000        11.923960189172000     
   12.086794261586004        12.025695937341574        12.025695937341574     
   12.147007344001617        12.089857955476498        12.089857955476498     
   12.176590698680057        12.122822540320922        12.122822540320922     
   12.180796186857679        12.129917734853263        12.129917734853263     
   12.164008952143057        12.115595327985519        12.115595327985519     
   12.129890127639815        12.083574635545995        12.083574635545995     
   12.081496049305933        12.036962692147242        12.036962692147242     
   12.021377843276289        11.978354724002354        11.978354724002354     
   11.951664618140210        11.909918137825169        11.909918137825169     
   11.874132961254912        11.833462730189353        11.833462730189353     
   11.790264993832242        11.750499378038011        11.750499378038011     
   11.701296868343823        11.662289100143449        11.662289100143449     
   11.608259281705916        11.569884069273686        11.569884069273686     
   11.512011318670062        11.474161895645338        11.474161895645338     
   11.413268723454413        11.375854285586508        11.375854285586508     
   11.312627516883872        11.275570998222115        11.275570998222115     
   11.210583725299214        11.173819871596274        11.173819871596274     
   11.107549861347767        11.071023563086992        11.071023563086992     
   11.003868691387920        10.967533543172690        10.967533543172690     
   10.899824736207941        10.863641793171183        10.863641793171183     
   10.795653878220339        10.759590583642355        10.759590583642355     
   10.691551386860217        10.655580648345259        10.655580648345259     
   10.587678622597009        10.551778016979014        10.551778016979014     
   10.484168637098252        10.448319726751020        10.448319726751020     
   10.381130851271259        10.345318596715474        10.345318596715474     
   10.278654962991322        10.242867218647117        10.242867218647117     
   10.176814211333214        10.141041292988314        10.141041292988314     
   10.075668103245160        10.039902417319418        10.039902417319418     
   9.9752646911638791        9.9395004171739298        9.9395004171739298     
   9.8756424755000545        9.8398752942837699        9.8398752942837699     
   9.7768319937526140        9.7410588550212971        9.7410588550212971     
   9.6788571478431571        9.6430760715072061        9.6430760715072061     
   9.5817363127684239        9.5459462192451685        9.5459462192451685     
   9.4854832625736076        9.4496838279482507        9.4496838279482507     
   9.3901079437222030        9.3542994762068119        9.3542994762068119     
   9.2956171209868135        9.2598004556190965        9.2598004556190965     
   9.2020149168491105        9.1661913258023304        9.1661913258023304     
   9.1093032619419105        9.0734743781882052        9.0734743781882052     
   9.0174822711798956        8.9816500235693670        8.9816500235693670     
   8.9265505578142470        8.8907171159079876        8.8907171159079876     
   8.8365054956322311        8.8006732228649547        8.8006732228649547     
   8.7473434378400263        8.7115148517923178        8.7115148517923178     
   8.6590598997614769        8.6232376384973417        8.6232376384973417     
   8.5716497113112062        8.5358365048873885        8.5358365048873885     
   8.4851071442195174        8.4493057906026579        8.4493057906026579     
   8.3994260181671851        8.3636393629058485        8.3636393629058485     
   8.3145997893035801        8.2788307083974502        8.2788307083974502     
   8.2306216240497729        8.1948730095398385        8.1948730095398385     
   8.1474844606105936        8.1117592084839494        8.1117592084839494     
   8.0651810602204677        8.0294820602831063        8.0294820602831063     
   7.9837040498145919        7.9480341772366208        7.9480341772366208     
   7.9030459575384437        7.8674080658198262        7.8674080658198262     
   7.8231992422760168        7.7875961574182417        7.7875961574182417     
   7.7441563181828590        7.7085908338837568        7.7085908338837568     
   7.6659095750475803        7.6303844487637109        7.6303844487637109     
   7.5884513951699493        7.5529693449141568        7.5529693449141568     
   7.5117741673303611        7.4763378690918660        7.4763378690918660     
   7.4358702983308236        7.4004823840220704        7.4004823840220704     
   7.3607322225085774        7.3253952783574183        7.3253952783574183     
   7.2863524095573782        7.2510689748754080        7.2510689748754080     
   7.2127233709363345        7.1774959372045979        7.1774959372045979     
   7.1398376651000852        7.1046686753222383        7.1046686753222383     
   7.0676879017456029        7.0325797500261729        7.0325797500261729     
   6.9962667452387599        6.9612217765505262        6.9612217765505262     
   6.9255669173569041        6.8905874274669134        6.8905874274669134     
   6.8555811994612625        6.8206694349896022        6.8206694349896022     
   6.7863024341942442        6.7514605927836548        6.7514605927836548     
   6.7177235267810360        6.6829537573587725        6.6829537573587725     
   6.6498374460018130        6.6151418491180305        6.6151418491180305     
   6.5826372248899618        6.5480178531192870        6.5480178531192870     
   6.5161159612025514        6.4815748195975829        6.4815748195975829     
   6.4502668177017171        6.4158058642889060        6.4158058642889060     
   6.3850830222791863        6.3507041685890382        6.3507041685890382     
   6.3205578679509067        6.2862629795756959        6.2862629795756959     
   6.2566847127442466        6.2224756099174980        6.2224756099174980     
   6.1934569794965766        6.1593354376894602        6.1593354376894602     
   6.1308681555808722        6.0968359061114219        6.0968359061114219     
   6.0689117925714502        6.0349705232231736        6.0349705232231736     
   6.0075815058607391        5.9737328615077088        5.9737328615077088     
   5.9468709742362078        5.9131165574722244        5.9131165574722244     
   5.8867739394250451        5.8531153111948084        5.8531153111948084     
   5.8272842056129246        5.7937228858435272        5.7937228858435272     
   5.7683956389421578        5.7349331071734611        5.7349331071734611     
   5.7101021669936092        5.6767398630063211        5.6767398630063211     
   5.6523977782560850        5.6191371026965458        5.6191371026965458     
   5.5952765215862010        5.5621188365870626        5.5621188365870626     
   5.5387325056613088        5.5056791354574424        5.5056791354574424     
   5.4827598984275898        5.4498121299666433        5.4498121299666433     
   5.4273529265450442        5.3945120100922308        5.3945120100922308     
   5.3725058748308738        5.3397730245676041        5.3397730245676041     
   5.3182130857024310        5.2855894803185048        5.2855894803185048     
   5.2644689586207569        5.2319557418998874        5.2319557418998874     
   5.2112679495355145        5.1788662309340063        5.1788662309340063     
   5.1586045703320185        5.1263154255504562        5.1263154255504562     
   5.1064733882809072        5.0742978598287642        5.0742978598287642     
   5.0548690254909054        5.0228081232440100        5.0228081232440100     
   5.0037861583650791        4.9718408601158819        4.9718408601158819     
   4.9532195170608615        4.9213907690614942        4.9213907690614942     
   4.9031638849541013        4.8714526024522229        4.8714526024522229     
   4.8536140981073288        4.8220211658747765        4.8220211658747765     
   4.8045650447424038        4.7730913175966609        4.7730913175966609     
   4.7560116647176471        4.7246579680361744        4.7246579680361744     
   4.7079489490095581        4.6767160792370399        4.6767160792370399     
   4.6603719391991971        4.6292606643477310        4.6292606643477310     
   4.6132757269632609        4.5822867871055744        4.5822867871055744     
   4.5666554535698971        4.5357895613256307        4.5357895613256307     
   4.5205063093792734        4.4897641503944197        4.4897641503944197     
   4.4748235333489141        4.4442057667684578        4.4442057667684578     
   4.4296024125437894        4.3991096714776381        4.3991096714776381     
   4.3848382816511684        4.3544711736334349        4.3544711736334349     
   4.3405265225002001        4.3102856299419230        4.3102856299419230     
   4.2966625635862163        4.2665484442215842        4.2665484442215842     
   4.2532418795997211        4.2232550669258844        4.2232550669258844     
   4.2102599909600524        4.1804009946705918        4.1804009946705918     
   4.1677124633536682        4.1379817697658066        4.1379817697658066     
   4.1255949072770308        4.0959929797526584        4.0959929797526584     
   4.0839029775840601        4.0544302569446549        4.0544302569446549     
   4.0426323730381091        4.0132892779736249        4.0132892779736249     
   4.0017788358684268        3.9725657633402292        3.9725657633402292     
   3.9613381513310761        3.9322554769690004        3.9322554769690004     
   3.9213061472742541        3.8923542257678627        3.8923542257678627     
   3.8816786937079879        3.8528578591920990        3.8528578591920990     
   3.8424517023781570        3.8137622688127215        3.8137622688127215     
   3.8036211263448063        3.7750633878892064        3.7750633878892064     
   3.7651829595647044        3.7367571909465451        3.7367571909465451     
   3.7271332364781120        3.6988396933565810        3.6988396933565810     
   3.6894680315997177        3.6613069509235787        3.6613069509235787     
   3.6521834591136946        3.6241550594739951        3.6241550594739951     
   3.6152756724728499        3.5873801544504009        3.5873801544504009     
   3.5787408640018152        3.5509784105095235        3.5509784105095235     
   3.5425752645042414        3.5149460411243543        3.5149460411243543     
   3.5067751428739644        3.4792792981903000        3.4792792981903000     
   3.4713368057100915        3.4439744716353164        3.4439744716353164     
   3.4362565969359791        3.4090278890340064        3.4090278890340064     
   3.4015308974220573        3.3744359152256203        3.3744359152256203     
   3.3671561246124631        3.3401949519359366        3.3401949519359366     
   3.3331287321554468        3.3063014374029809        3.3063014374029809     
   3.2994452095375095        3.2727518460065324        3.2727518460065324     
   3.2661020817212418        3.2395426879013942        3.2395426879013942     
   3.2330959087868174        3.2066705086543861        3.2066705086543861     
   3.2004232855771089        3.1741318888850145        3.1741318888850145     
   3.1680808413463910        3.1419234439097914        3.1419234439097914     
   3.1360652394125927        3.1100418233901612        3.1100418233901612     
   3.1043731768130640        3.0784837109839995        3.0784837109839995     
   3.0730013839638191        3.0472458240006461        3.0472458240006461     
   3.0419466243222235        3.0163249130594423        3.0163249130594423     
   3.0112056940530922        2.9857177617517281        2.9857177617517281     
   2.9807754216981563        2.9554211863062720        2.9554211863062720     
   2.9506526678488783        2.9254320352580949        2.9254320352580949     
   2.9208343248225632        2.8957471891206530        2.8957471891206530     
   2.8913173163417527        2.8663635600613486        2.8663635600613486     
   2.8620985972168507        2.8372780915803317        2.8372780915803317     
   2.8331751530319624        2.8084877581925647        2.8084877581925647     
   2.8045439998339052        2.7799895651131075        2.7799895651131075     
   2.7762021838243611        2.7517805479456001        2.7517805479456001     
   2.7481467810551434        2.7238577723739041        2.7238577723739041     
   2.7203748971265407        2.6962183338568755        2.6962183338568755     
   2.6928836668887088        2.6688593573262316        2.6688593573262316     
   2.6656702541460824        2.6417779968874853        2.6417779968874853     
   2.6387318513647720        2.6149714355239149        2.6149714355239149     
   2.6120656793829182        2.5884368848035351        2.5884368848035351     
   2.5856689871239737        2.5621715845890445        2.5621715845890445     
   2.5595390513128824        2.5361728027507136        2.5361728027507136     
   2.5336731761951241        2.5104378348821896        2.5104378348821896     
   2.5080686932586067        2.4849640040191794        2.4849640040191794     
   2.4827229609583559        2.4597486603609928        2.4597486603609928     
   2.4576333644439998        2.4347891809949092        2.4347891809949092     
   2.4327973152899993        2.4100829696233377        2.4100829696233377     
   2.4082122512286066        2.3856274562937547        2.3856274562937547     
   2.3838756358855258        2.3614200971313704        2.3614200971313704     
   2.3597849585182402        2.3374583740745161        2.3374583740745161     
   2.3359377337569858        2.3137397946127161        2.3137397946127161     
   2.3123315013483428        2.2902618915274111        2.2902618915274111     
   2.2889638259014178        2.2670222226353216        2.2670222226353216     
   2.2658322966365922        2.2440183705344077        2.2440183705344077     
   2.2429345271368062        2.2212479423524103        2.2212479423524103     
   2.2202681551013610        2.1987085694979438        2.1987085694979438     
   2.1978308421022064        2.1763979074141147        2.1763979074141147     
   2.1756202733426893        2.1543136353346375        2.1543136353346375     
   2.1536341574187459        2.1324534560424295        2.1324534560424295     
   2.1318702260825004        2.1108150956306524        2.1108150956306524     
   2.1103262340082587        2.0893963032661786        2.0893963032661786     
   2.0889999585608621        2.0681948509554604        2.0681948509554604     
   2.0678891995663857        2.0472085333127708        2.0472085333127708     
   2.0469917790851513        2.0264351673307988        2.0264351673307988     
   2.0263055411870359        2.0058725921535738        2.0058725921535738     
   2.0058283517290514        1.9855186688516884        1.9855186688516884     
   1.9855580981351675        1.9653712801998102        1.9653712801998102     
   1.9654926891783664        1.9454283304564433        1.9454283304564433     
   1.9456300547648950        1.9256877451459313        1.9256877451459313     
   1.9259681457206987        1.9061474708426669        1.9061474708426669     
   1.9065049335800144        1.8868054749574943        1.8868054749574943     
   1.8872384103760995        1.8676597455262789        1.8676597455262789     
   1.8681665884340746        1.8487082910006214        1.8487082910006214     
   1.8492875001658600        1.8299491400406953        1.8299491400406953     
   1.8305991978671867        1.8113803413101883        1.8113803413101883     
   1.8120997535166556        1.7929999632733222        1.7929999632733222     
   1.7937872585768297        1.7748060939939341        1.7748060939939341     
   1.7756598237973344        1.7567968409365957        1.7567968409365957     
   1.7577155790199499        1.7389703307697519        1.7389703307697519     
   1.7399526729856711        1.7213247091708539        1.7213247091708539     
   1.7223692731437188        1.7038581406334725        1.7038581406334725     
   1.7049635654624797        1.6865688082763692        1.6865688082763692     
   1.6877337542423589        1.6694549136545007        1.6694549136545007     
   1.6706780619305215        1.6525146765719461        1.6525146765719461     
   1.6537947289375070        1.6357463348967278        1.6357463348967278     
   1.6370820134556987        1.6191481443775166        1.6191481443775166     
   1.6205381912796244        1.6027183784621908        1.6027183784621908     
   1.6041615556280762        1.5864553281182412        1.5864553281182412     
   1.5879504169680252        1.5703573016549957        1.5703573016549957     
   1.5719031028403185        1.5544226245476496        1.5544226245476496     
   1.5560179576871349        1.5386496392630804        1.5386496392630804     
   1.5402933426811862        1.5230367050874298        1.5230367050874298     
   0.0000000000000000     
  0.20000000000000001     
  0.40000000000000002     
  0.60000000000000009     
  0.80000000000000004     
   1.0000000000000000     
   1.2000000000000000     
   1.3999999999999999     
   1.5999999999999999     
   1.7999999999999998     
   1.9999999999999998     
   2.1999999999999997     
   2.3999999999999999     
   2.6000000000000001     
   2.8000000000000003     
   3.0000000000000004     
   3.2000000000000006     
   3.4000000000000008     
   3.6000000000000010     
   3.8000000000000012     
   4.0000000000000009     
   4.2000000000000011     
   4.4000000000000012     
   4.6000000000000014     
   4.8000000000000016     
   5.0000000000000018     
   5.2000000000000020     
   5.4000000000000021     
   5.6000000000000023     
   5.8000000000000025     
   6.0000000000000027     
   6.2000000000000028     
   6.4000000000000030     
   6.6000000000000032     
   6.8000000000000034     
   7.0000000000000036     
   7.2000000000000037     
   7.4000000000000039     
   7.6000000000000041     
   7.8000000000000043     
   8.0000000000000036     
   8.2000000000000028     
   8.4000000000000021     
   8.6000000000000014     
   8.8000000000000007     
   9.0000000000000000     
   9.1999999999999993     
   9.3999999999999986     
   9.5999999999999979     
   9.7999999999999972     
   9.9999999999999964     
   10.199999999999996     
   10.399999999999995     
   10.599999999999994     
   10.799999999999994     
   10.999999999999993     
   11.199999999999992     
   11.399999999999991     
   11.599999999999991     
   11.799999999999990     
   11.999999999999989     
   12.199999999999989     
   12.399999999999988     
   12.599999999999987     
   12.799999999999986     
   12.999999999999986     
   13.199999999999985     
   13.399999999999984     
   13.599999999999984     
   13.799999999999983     
   13.999999999999982     
   14.199999999999982     
   14.399999999999981     
   14.599999999999980     
   14.799999999999979     
   14.999999999999979     
   15.199999999999978     
   15.399999999999977     
   15.599999999999977     
   15.799999999999976     
   15.999999999999975     
   16.199999999999974     
   16.399999999999974     
   16.599999999999973     
   16.799999999999972     
   16.999999999999972     
   17.199999999999971     
   17.399999999999970     
   17.599999999999969     
   17.799999999999969     
   17.999999999999968     
   18.199999999999967     
   18.399999999999967     
   18.599999999999966     
   18.799999999999965     
   18.999999999999964     
   19.199999999999964     
   19.399999999999963     
   19.599999999999962     
   19.799999999999962     
   19.999999999999961     
   20.199999999999960     
   20.399999999999959     
   20.599999999999959     
   20.799999999999958     
   20.999999999999957     
   21.199999999999957     
   21.399999999999956     
   21.599999999999955     
   21.799999999999955     
   21.999999999999954     
   22.199999999999953     
   22.399999999999952     
   22.599999999999952     
   22.799999999999951     
   22.999999999999950     
   23.199999999999950     
   23.399999999999949     
   23.599999999999948     
   23.799999999999947     
   23.999999999999947     
   24.199999999999946     
   24.399999999999945     
   24.599999999999945     
   24.799999999999944     
   24.999999999999943     
   25.199999999999942     
   25.399999999999942     
   25.599999999999941     
   25.799999999999940     
   25.999999999999940     
   26.199999999999939     
   26.399999999999938     
   26.599999999999937     
   26.799999999999937     
   26.999999999999936     
   27.199999999999935     
   27.399999999999935     
   27.599999999999934     
   27.799999999999933     
   27.999999999999932     
   28.199999999999932     
   28.399999999999931     
   28.599999999999930     
   28.799999999999930     
   28.999999999999929     
   29.199999999999928     
   29.399999999999928     
   29.599999999999927     
   29.799999999999926     
   29.999999999999925     
   30.199999999999925     
   30.399999999999924     
   30.599999999999923     
   30.799999999999923     
   30.999999999999922     
   31.199999999999921     
   31.399999999999920     
   31.599999999999920     
   31.799999999999919     
   31.999999999999918     
   32.199999999999918     
   32.399999999999920     
   32.599999999999923     
   32.799999999999926     
   32.999999999999929     
   33.199999999999932     
   33.399999999999935     
   33.599999999999937     
   33.799999999999940     
   33.999999999999943     
   34.199999999999946     
   34.399999999999949     
   34.599999999999952     
   34.799999999999955     
   34.999999999999957     
   35.199999999999960     
   35.399999999999963     
   35.599999999999966     
   35.799999999999969     
   35.999999999999972     
   36.199999999999974     
   36.399999999999977     
   36.599999999999980     
   36.799999999999983     
   36.999999999999986     
   37.199999999999989     
   37.399999999999991     
   37.599999999999994     
   37.799999999999997     
   38.000000000000000     
   38.200000000000003     
   38.400000000000006     
   38.600000000000009     
   38.800000000000011     
   39.000000000000014     
   39.200000000000017     
   39.400000000000020     
   39.600000000000023     
   39.800000000000026     
   40.000000000000028     
   40.200000000000031     
   40.400000000000034     
   40.600000000000037     
   40.800000000000040     
   41.000000000000043     
   41.200000000000045     
   41.400000000000048     
   41.600000000000051     
   41.800000000000054     
   42.000000000000057     
   42.200000000000060     
   42.400000000000063     
   42.600000000000065     
   42.800000000000068     
   43.000000000000071     
   43.200000000000074     
   43.400000000000077     
   43.600000000000080     
   43.800000000000082     
   44.000000000000085     
   44.200000000000088     
   44.400000000000091     
   44.600000000000094     
   44.800000000000097     
   45.000000000000099     
   45.200000000000102     
   45.400000000000105     
   45.600000000000108     
   45.800000000000111     
   46.000000000000114     
   46.200000000000117     
   46.400000000000119     
   46.600000000000122     
   46.800000000000125     
   47.000000000000128     
   47.200000000000131     
   47.400000000000134     
   47.600000000000136     
   47.800000000000139     
   48.000000000000142     
   48.200000000000145     
   48.400000000000148     
   48.600000000000151     
   48.800000000000153     
   49.000000000000156     
   49.200000000000159     
   49.400000000000162     
   49.600000000000165     
   49.800000000000168     
   50.000000000000171     
   50.200000000000173     
   50.400000000000176     
   50.600000000000179     
   50.800000000000182     
   51.000000000000185     
   51.200000000000188     
   51.400000000000190     
   51.600000000000193     
   51.800000000000196     
   52.000000000000199     
   52.200000000000202     
   52.400000000000205     
   52.600000000000207     
   52.800000000000210     
   53.000000000000213     
   53.200000000000216     
   53.400000000000219     
   53.600000000000222     
   53.800000000000225     
   54.000000000000227     
   54.200000000000230     
   54.400000000000233     
   54.600000000000236     
   54.800000000000239     
   55.000000000000242     
   55.200000000000244     
   55.400000000000247     
   55.600000000000250     
   55.800000000000253     
   56.000000000000256     
   56.200000000000259     
   56.400000000000261     
   56.600000000000264     
   56.800000000000267     
   57.000000000000270     
   57.200000000000273     
   57.400000000000276     
   57.600000000000279     
   57.800000000000281     
   58.000000000000284     
   58.200000000000287     
   58.400000000000290     
   58.600000000000293     
   58.800000000000296     
   59.000000000000298     
   59.200000000000301     
   59.400000000000304     
   59.600000000000307     
   59.800000000000310     
   60.000000000000313     
   60.200000000000315     
   60.400000000000318     
   60.600000000000321     
   60.800000000000324     
   61.000000000000327     
   61.200000000000330     
   61.400000000000333     
   61.600000000000335     
   61.800000000000338     
   62.000000000000341     
   62.200000000000344     
   62.400000000000347     
   62.600000000000350     
   62.800000000000352     
   63.000000000000355     
   63.200000000000358     
   63.400000000000361     
   63.600000000000364     
   63.800000000000367     
   64.000000000000369     
   64.200000000000372     
   64.400000000000375     
   64.600000000000378     
   64.800000000000381     
   65.000000000000384     
   65.200000000000387     
   65.400000000000389     
   65.600000000000392     
   65.800000000000395     
   66.000000000000398     
   66.200000000000401     
   66.400000000000404     
   66.600000000000406     
   66.800000000000409     
   67.000000000000412     
   67.200000000000415     
   67.400000000000418     
   67.600000000000421     
   67.800000000000423     
   68.000000000000426     
   68.200000000000429     
   68.400000000000432     
   68.600000000000435     
   68.800000000000438     
   69.000000000000441     
   69.200000000000443     
   69.400000000000446     
   69.600000000000449     
   69.800000000000452     
   70.000000000000455     
   70.200000000000458     
   70.400000000000460     
   70.600000000000463     
   70.800000000000466     
   71.000000000000469     
   71.200000000000472     
   71.400000000000475     
   71.600000000000477     
   71.800000000000480     
   72.000000000000483     
   72.200000000000486     
   72.400000000000489     
   72.600000000000492     
   72.800000000000495     
   73.000000000000497     
   73.200000000000500     
   73.400000000000503     
   73.600000000000506     
   73.800000000000509     
   74.000000000000512     
   74.200000000000514     
   74.400000000000517     
   74.600000000000520     
   74.800000000000523     
   75.000000000000526     
   75.200000000000529     
   75.400000000000531     
   75.600000000000534     
   75.800000000000537     
   76.000000000000540     
   76.200000000000543     
   76.400000000000546     
   76.600000000000549     
   76.800000000000551     
   77.000000000000554     
   77.200000000000557     
   77.400000000000560     
   77.600000000000563     
   77.800000000000566     
   78.000000000000568     
   78.200000000000571     
   78.400000000000574     
   78.600000000000577     
   78.800000000000580     
   79.000000000000583     
   79.200000000000585     
   79.400000000000588     
   79.600000000000591     
   79.800000000000594     
   80.000000000000597     
   80.200000000000600     
   80.400000000000603     
   80.600000000000605     
   80.800000000000608     
   81.000000000000611     
   81.200000000000614     
   81.400000000000617     
   81.600000000000620     
   81.800000000000622     
   82.000000000000625     
   82.200000000000628     
   82.400000000000631     
   82.600000000000634     
   82.800000000000637     
   83.000000000000639     
   83.200000000000642     
   83.400000000000645     
   83.600000000000648     
   83.800000000000651     
   84.000000000000654     
   84.200000000000657     
   84.400000000000659     
   84.600000000000662     
   84.800000000000665     
   85.000000000000668     
   85.200000000000671     
   85.400000000000674     
   85.600000000000676     
   85.800000000000679     
   86.000000000000682     
   86.200000000000685     
   86.400000000000688     
   86.600000000000691     
   86.800000000000693     
   87.000000000000696     
   87.200000000000699     
   87.400000000000702     
   87.600000000000705     
   87.800000000000708     
   88.000000000000711     
   88.200000000000713     
   88.400000000000716     
   88.600000000000719     
   88.800000000000722     
   89.000000000000725     
   89.200000000000728     
   89.400000000000730     
   89.600000000000733     
   89.800000000000736     
   90.000000000000739     
   90.200000000000742     
   90.400000000000745     
   90.600000000000747     
   90.800000000000750     
   91.000000000000753     
   91.200000000000756     
   91.400000000000759     
   91.600000000000762     
   91.800000000000765     
   92.000000000000767     
   92.200000000000770     
   92.400000000000773     
   92.600000000000776     
   92.800000000000779     
   93.000000000000782     
   93.200000000000784     
   93.400000000000787     
   93.600000000000790     
   93.800000000000793     
   94.000000000000796     
   94.200000000000799     
   94.400000000000801     
   94.600000000000804     
   94.800000000000807     
   95.000000000000810     
   95.200000000000813     
   95.400000000000816     
   95.600000000000819     
   95.800000000000821     
   96.000000000000824     
   96.200000000000827     
   96.400000000000830     
   96.600000000000833     
   96.800000000000836     
   97.000000000000838     
   97.200000000000841     
   97.400000000000844     
   97.600000000000847     
   97.800000000000850     
   98.000000000000853     
   98.200000000000855     
   98.400000000000858     
   98.600000000000861     
   98.800000000000864     
   99.000000000000867     
   99.200000000000870     
   99.400000000000873     
   99.600000000000875     
   99.800000000000878     
   100.00000000000088     
   100.20000000000088     
   100.40000000000089     
   100.60000000000089     
   100.80000000000089     
   101.00000000000090     
   101.20000000000090     
   101.40000000000090     
   101.60000000000090     
   101.80000000000091     
   102.00000000000091     
   102.20000000000091     
   102.40000000000092     
   102.60000000000092     
   102.80000000000092     
   103.00000000000092     
   103.20000000000093     
   103.40000000000093     
   103.60000000000093     
   103.80000000000094     
   104.00000000000094     
   104.20000000000094     
   104.40000000000094     
   104.60000000000095     
   104.80000000000095     
   105.00000000000095     
   105.20000000000095     
   105.40000000000096     
   105.60000000000096     
   105.80000000000096     
   106.00000000000097     
   106.20000000000097     
   106.40000000000097     
   106.60000000000097     
   106.80000000000098     
   107.00000000000098     
   107.20000000000098     
   107.40000000000099     
   107.60000000000099     
   107.80000000000099     
   108.00000000000099     
   108.20000000000100     
   108.40000000000100     
   108.60000000000100     
   108.80000000000101     
   109.00000000000101     
   109.20000000000101     
   109.40000000000101     
   109.60000000000102     
   109.80000000000102     
   110.00000000000102     
   110.20000000000103     
   110.40000000000103     
   110.60000000000103     
   110.80000000000103     
   111.00000000000104     
   111.20000000000104     
   111.40000000000104     
   111.60000000000105     
   111.80000000000105     
   112.00000000000105     
   112.20000000000105     
   112.40000000000106     
   112.60000000000106     
   112.80000000000106     
   113.00000000000107     
   113.20000000000107     
   113.40000000000107     
   113.60000000000107     
   113.80000000000108     
   114.00000000000108     
   114.20000000000108     
   114.40000000000109     
   114.60000000000109     
   114.80000000000109     
   115.00000000000109     
   115.20000000000110     
   115.40000000000110     
   115.60000000000110     
   115.80000000000111     
   116.00000000000111     
   116.20000000000111     
   116.40000000000111     
   116.60000000000112     
   116.80000000000112     
   117.00000000000112     
   117.20000000000113     
   117.40000000000113     
   117.60000000000113     
   117.80000000000113     
   118.00000000000114     
   118.20000000000114     
   118.40000000000114     
   118.60000000000115     
   118.80000000000115     
   119.00000000000115     
   119.20000000000115     
   119.40000000000116     
   119.60000000000116     
   119.80000000000116     
   120.00000000000117     
   120.20000000000117     
   120.40000000000117     
   120.60000000000117     
   120.80000000000118     
   121.00000000000118     
   121.20000000000118     
   121.40000000000119     
   121.60000000000119     
   121.80000000000119     
   122.00000000000119     
   122.20000000000120     
   122.40000000000120     
   122.60000000000120     
   122.80000000000121     
   123.00000000000121     
   123.20000000000121     
   123.40000000000121     
   123.60000000000122     
   123.80000000000122     
   124.00000000000122     
   124.20000000000122     
   124.40000000000123     
   124.60000000000123     
   124.80000000000123     
   125.00000000000124     
   125.20000000000124     
   125.40000000000124     
   125.60000000000124     
   125.80000000000125     
   126.00000000000125     
   126.20000000000125     
   126.40000000000126     
   126.60000000000126     
   126.80000000000126     
   127.00000000000126     
   127.20000000000127     
   127.40000000000127     
   127.60000000000127     
   127.80000000000128     
   128.00000000000128     
   128.20000000000127     
   128.40000000000126     
   128.60000000000124     
   128.80000000000123     
   129.00000000000122     
   129.20000000000121     
   129.40000000000120     
   129.60000000000119     
   129.80000000000118     
   130.00000000000117     
   130.20000000000115     
   130.40000000000114     
   130.60000000000113     
   130.80000000000112     
   131.00000000000111     
   131.20000000000110     
   131.40000000000109     
   131.60000000000107     
   131.80000000000106     
   132.00000000000105     
   132.20000000000104     
   132.40000000000103     
   132.60000000000102     
   132.80000000000101     
   133.00000000000099     
   133.20000000000098     
   133.40000000000097     
   133.60000000000096     
   133.80000000000095     
   134.00000000000094     
   134.20000000000093     
   134.40000000000092     
   134.60000000000090     
   134.80000000000089     
   135.00000000000088     
   135.20000000000087     
   135.40000000000086     
   135.60000000000085     
   135.80000000000084     
   136.00000000000082     
   136.20000000000081     
   136.40000000000080     
   136.60000000000079     
   136.80000000000078     
   137.00000000000077     
   137.20000000000076     
   137.40000000000074     
   137.60000000000073     
   137.80000000000072     
   138.00000000000071     
   138.20000000000070     
   138.40000000000069     
   138.60000000000068     
   138.80000000000067     
   139.00000000000065     
   139.20000000000064     
   139.40000000000063     
   139.60000000000062     
   139.80000000000061     
   140.00000000000060     
   140.20000000000059     
   140.40000000000057     
   140.60000000000056     
   140.80000000000055     
   141.00000000000054     
   141.20000000000053     
   141.40000000000052     
   141.60000000000051     
   141.80000000000049     
   142.00000000000048     
   142.20000000000047     
   142.40000000000046     
   142.60000000000045     
   142.80000000000044     
   143.00000000000043     
   143.20000000000041     
   143.40000000000040     
   143.60000000000039     
   143.80000000000038     
   144.00000000000037     
   144.20000000000036     
   144.40000000000035     
   144.60000000000034     
   144.80000000000032     
   145.00000000000031     
   145.20000000000030     
   145.40000000000029     
   145.60000000000028     
   145.80000000000027     
   146.00000000000026     
   146.20000000000024     
   146.40000000000023     
   146.60000000000022     
   146.80000000000021     
   147.00000000000020     
   147.20000000000019     
   147.40000000000018     
   147.60000000000016     
   147.80000000000015     
   148.00000000000014     
   148.20000000000013     
   148.40000000000012     
   148.60000000000011     
   148.80000000000010     
   149.00000000000009     
   149.20000000000007     
   149.40000000000006     
   149.60000000000005     
   149.80000000000004     
   150.00000000000003     
   150.20000000000002     
   150.40000000000001     
   150.59999999999999     
   150.79999999999998     
   150.99999999999997     
   151.19999999999996     
   151.39999999999995     
   151.59999999999994     
   151.79999999999993     
   151.99999999999991     
   152.19999999999990     
   152.39999999999989     
   152.59999999999988     
   152.79999999999987     
   152.99999999999986     
   153.19999999999985     
   153.39999999999984     
   153.59999999999982     
   153.79999999999981     
   153.99999999999980     
   154.19999999999979     
   154.39999999999978     
   154.59999999999977     
   154.79999999999976     
   154.99999999999974     
   155.19999999999973     
   155.39999999999972     
   155.59999999999971     
   155.79999999999970     
   155.99999999999969     
   156.19999999999968     
   156.39999999999966     
   156.59999999999965     
   156.79999999999964     
   156.99999999999963     
   157.19999999999962     
   157.39999999999961     
   157.59999999999960     
   157.79999999999959     
   157.99999999999957     
   158.19999999999956     
   158.39999999999955     
   158.59999999999954     
   158.79999999999953     
   158.99999999999952     
   159.19999999999951     
   159.39999999999949     
   159.59999999999948     
   159.79999999999947     
   159.99999999999946     
   160.19999999999945     
   160.39999999999944     
   160.59999999999943     
   160.79999999999941     
   160.99999999999940     
   161.19999999999939     
   161.39999999999938     
   161.59999999999937     
   161.79999999999936     
   161.99999999999935     
   162.19999999999933     
   162.39999999999932     
   162.59999999999931     
   162.79999999999930     
   162.99999999999929     
   163.19999999999928     
   163.39999999999927     
   163.59999999999926     
   163.79999999999924     
   163.99999999999923     
   164.19999999999922     
   164.39999999999921     
   164.59999999999920     
   164.79999999999919     
   164.99999999999918     
   165.19999999999916     
   165.39999999999915     
   165.59999999999914     
   165.79999999999913     
   165.99999999999912     
   166.19999999999911     
   166.39999999999910     
   166.59999999999908     
   166.79999999999907     
   166.99999999999906     
   167.19999999999905     
   167.39999999999904     
   167.59999999999903     
   167.79999999999902     
   167.99999999999901     
   5.2029814484854855        5.1708190208315061        5.1708190208315061     
   4.9378145378987428        4.9062320960888846        4.9062320960888846     
   4.6933067840132185        4.6623110431213721        4.6623110431213721     
   12.178074614672664        12.124616374818453        12.124616374818453     
   11.066137943576891        11.029693230289336        11.029693230289336     
   9.5672427510359235        9.5314512602481773        9.5314512602481773     
   5.2033343021357839        5.1709494018487749        5.1709494018487749     
  0.89938901233525581        5.0785430365168888E-002   60.075356865956728        3.1607700610418621     
  0.89600000000000035        5.0994999999999971E-002   60.149999999999949        3.1800000000000019     
  0.89600000000000035        5.0994999999999971E-002   60.149999999999949        3.1800000000000019     
