  icycle     fobj1          gamma          res     grid points (start and end)
    1     -11.155756       4.545455      0.20000     20011    1
    2     -10.599373       3.787879      0.20000         8    1
    3      -9.603998       2.705628      0.20000         8    1
    4      -8.131154       1.503126      0.20000         8    1
    5      -8.052435       1.503126      0.20000         8    1
    6      -8.042845       1.503126      0.10000         9    1
    7      -7.992357       2.104377      0.10000         8    1
    8      -7.517915       2.104377      0.10000         8    1
    9      -7.491133       2.104377      0.05000         9    1
   10      -7.491133       2.104377      0.05000         8    1
   11      -7.482249       1.913070      0.02500         9    1
   12      -7.425782       1.913070      0.02500         8    1
   13      -7.425782       1.913070      0.02500         8    1
   14      -7.423947       1.913070      0.01250         8    1
   15      -7.423947       1.913070      0.01250         8    1
   16      -7.422460       1.913070      0.00625         9    1
   17      -7.422460       1.913070      0.00625         8    1
   18      -7.411201       1.913070      0.00313         9    1
   19      -7.406494       1.913070      0.00313         9    1
   20      -7.405486       1.913070      0.00313         9    1
   21      -7.404682       1.913070      0.00313         8    1
   22      -7.404153       1.913070      0.00313         8    1
   23      -7.401423       1.913070      0.00313         8    1
   24      -7.392877       1.913070      0.00313         8    1
   25      -7.391501       1.913070      0.00313         8    1
   26      -7.390397       1.913070      0.00313         8    1
   27      -7.389565       1.913070      0.00313         8    1
   28      -7.389002       1.913070      0.00313         8    1
   29      -7.388708       1.913070      0.00313         8    1
   30      -7.387086       1.913070      0.00313         8    1
   31      -7.379288       1.913070      0.00313         8    1
   32      -7.378119       1.913070      0.00313         8    1
   33      -7.377216       1.913070      0.00313         8    1
   34      -7.376577       1.913070      0.00313         8    1
   35      -7.376201       1.913070      0.00313         8    1
   36      -7.376086       1.913070      0.00313         8    1
   37      -7.375457       1.913070      0.00313         8    1
   38      -7.373910       1.913070      0.00313         8    1
   39      -7.372620       1.913070      0.00313         8    1
   40      -7.371586       1.913070      0.00313         8    1
   41      -7.370807       1.913070      0.00313         8    1
   42      -7.370282       1.913070      0.00313         8    1
   43      -7.370009       1.913070      0.00313         8    1
   44      -7.369988       1.913070      0.00313         8    1
   45      -7.366828       1.894129      0.00156         8    1
   46      -7.365117       1.894129      0.00156         8    1
   47      -7.364909       1.894129      0.00156         8    1
   48      -7.364765       1.894129      0.00156         8    1
   49      -7.364128       1.894129      0.00156         8    1
   50      -7.361302       1.894129      0.00156         8    1
   51      -7.360926       1.894129      0.00156         8    1
   52      -7.360614       1.894129      0.00156         8    1
   53      -7.360365       1.894129      0.00156         8    1
   54      -7.360180       1.894129      0.00156         8    1
   55      -7.360059       1.894129      0.00156         8    1
   56      -7.359856       1.894129      0.00156         8    1
   57      -7.357179       1.894129      0.00156         8    1
   58      -7.356822       1.894129      0.00156         8    1
   59      -7.356528       1.894129      0.00156         8    1
   60      -7.356298       1.894129      0.00156         8    1
   61      -7.356130       1.894129      0.00156         8    1
   62      -7.356026       1.894129      0.00156         8    1
   63      -7.355984       1.894129      0.00156         8    1
   64      -7.354461       1.894129      0.00078         9    1
   65      -7.354279       1.894129      0.00078         9    1
   66      -7.354112       1.894129      0.00078         9    1
   67      -7.353960       1.894129      0.00078         9    1
   68      -7.353816       1.894129      0.00078         9    1
   69      -7.353684       1.894129      0.00078         8    1
   70      -7.353568       1.894129      0.00078         8    1
   71      -7.353468       1.894129      0.00078         8    1
   72      -7.353376       1.894129      0.00078         8    1
   73      -7.352809       1.894129      0.00039         9    1
   74      -7.352495       1.894129      0.00039         9    1
   75      -7.352413       1.894129      0.00039         9    1
   76      -7.352364       1.894129      0.00020         9    1
 res set to .2  checkbig=   1.0000000000000000E+030
   77      -7.352364       1.894129      0.20000         8    1
   78      -7.352364       1.894129      0.10000         8    1
   79      -7.352364       1.894129      0.05000         8    1
   80      -7.352364       1.894129      0.02500         8    1
   81      -7.352236       1.894129      0.01250         8    1
   82      -7.352236       1.894129      0.01250         8    1
   83      -7.351804       1.894129      0.00625         8    1
   84      -7.351804       1.894129      0.00625         8    1
   85      -7.351804       1.894129      0.00313         8    1
   86      -7.351804       1.894129      0.00156         8    1
   87      -7.350807       1.894129      0.00078         8    1
   88      -7.350593       1.894129      0.00078         8    1
   89      -7.350517       1.894129      0.00078         8    1
   90      -7.350134       1.894129      0.00039         9    1
   91      -7.350056       1.894129      0.00039         9    1
   92      -7.350009       1.894129      0.00020         9    1
 res set to .2  checkbig=   2.3554393441305166E-003
