  SUBJECT NO.     1

 COL. 1. = PREDICTION TIMES
 COL. 2. = PRED. VALUES FOR OUTPUT EQ. 1, BASED ON POSTERIOR MEANS
 COL. 3. = PRED. VALUES FOR OUTPUT EQ. 1, BASED ON POSTERIOR MEDIANS
 COL. 4. = PRED. VALUES FOR OUTPUT EQ. 1, BASED ON POSTERIOR MODES
 EACH ADDITIONAL OUTPUT EQ. HAS 3 COLUMNS OF PREDICTED VALUES
 BASED, IN ORDER, ON THE POSTERIOR MEANS, MEDIANS, AND MODES: 
-------------------------------------------------------------
      0.0000            0.0000            0.0000            0.0000    
     0.20000            0.0000            0.0000            0.0000    
     0.40000            0.0000            0.0000            0.0000    
     0.60000            0.0000            0.0000            0.0000    
     0.80000            0.0000            0.0000            0.0000    
      1.0000            0.0000            0.0000            0.0000    
      1.2000            0.0000            0.0000            0.0000    
      1.4000            0.0000            0.0000            0.0000    
      1.6000            0.0000            0.0000            0.0000    
      1.8000            0.0000            0.0000            0.0000    
      2.0000            0.0000            0.0000            0.0000    
      2.2000            0.0000            0.0000            0.0000    
      2.4000            0.0000            0.0000            0.0000    
      2.6000            0.0000            0.0000            0.0000    
      2.8000            0.0000            0.0000            0.0000    
      3.0000            0.0000            0.0000            0.0000    
      3.2000           0.34590           0.17707           0.17707    
      3.4000            1.9213            1.7743            1.7743    
      3.6000            3.2209            3.0930            3.0930    
      3.8000            4.2902            4.1790            4.1790    
      4.0000            5.1673            5.0707            5.0707    
      4.2000            5.8840            5.8001            5.8001    
      4.4000            6.4669            6.3940            6.3940    
      4.6000            6.9382            6.8747            6.8747    
      4.8000            7.3163            7.2611            7.2611    
      5.0000            7.6168            7.5687            7.5687    
      5.2000            7.8527            7.8106            7.8106    
      5.4000            8.0346            7.9978            7.9978    
      5.6000            8.1717            8.1394            8.1394    
      5.8000            8.2715            8.2430            8.2430    
      6.0000            8.3402            8.3150            8.3150    
      6.2000            8.3832            8.3607            8.3607    
      6.4000            8.4048            8.3846            8.3846    
      6.6000            8.4087            8.3905            8.3905    
      6.8000            8.3979            8.3813            8.3813    
      7.0000            8.3750            8.3598            8.3598    
      7.2000            8.3421            8.3281            8.3281    
      7.4000            8.3011            8.2880            8.2880    
      7.6000            8.2533            8.2410            8.2410    
      7.8000            8.2001            8.1884            8.1884    
      8.0000            8.1424            8.1313            8.1313    
      8.2000            8.0812            8.0704            8.0704    
      8.4000            8.0171            8.0067            8.0067    
      8.6000            7.9508            7.9406            7.9406    
      8.8000            7.8828            7.8727            7.8727    
      9.0000            7.8134            7.8034            7.8034    
      9.2000            7.7430            7.7330            7.7330    
      9.4000            7.6719            7.6620            7.6620    
      9.6000            7.6003            7.5904            7.5904    
      9.8000            7.5285            7.5185            7.5185    
      10.000            7.4566            7.4466            7.4466    
      10.200            7.3847            7.3746            7.3746    
      10.400            7.3130            7.3028            7.3028    
      10.600            7.2415            7.2312            7.2312    
      10.800            7.1704            7.1600            7.1600    
      11.000            7.0996            7.0891            7.0891    
      11.200            7.0293            7.0186            7.0186    
      11.400            6.9595            6.9486            6.9486    
      11.600            6.8901            6.8791            6.8791    
      11.800            6.8213            6.8102            6.8102    
      12.000            6.7531            6.7418            6.7418    
      12.200            6.6854            6.6740            6.6740    
      12.400            6.6183            6.6068            6.6068    
      12.600            6.5518            6.5402            6.5402    
      12.800            6.4860            6.4742            6.4742    
      13.000            6.4207            6.4088            6.4088    
      13.200            6.3561            6.3440            6.3440    
      13.400            6.2920            6.2798            6.2798    
      13.600            6.2286            6.2163            6.2163    
      13.800            6.1658            6.1533            6.1533    
      14.000            6.1036            6.0910            6.0910    
      14.200            6.0420            6.0293            6.0293    
      14.400            5.9810            5.9682            5.9682    
      14.600            5.9207            5.9077            5.9077    
      14.800            5.8609            5.8478            5.8478    
      15.000            5.8017            5.7885            5.7885    
      15.200            5.7431            5.7298            5.7298    
      15.400            5.6851            5.6717            5.6717    
      15.600            5.6277            5.6142            5.6142    
      15.800            5.5708            5.5573            5.5573    
      16.000            5.5145            5.5009            5.5009    
      16.200            5.4588            5.4451            5.4451    
      16.400            5.4037            5.3899            5.3899    
      16.600            5.3491            5.3352            5.3352    
      16.800            5.2950            5.2810            5.2810    
      17.000            5.2415            5.2275            5.2275    
      17.200            5.1886            5.1744            5.1744    
      17.400            5.1361            5.1219            5.1219    
      17.600            5.0842            5.0700            5.0700    
      17.800            5.0329            5.0185            5.0185    
      18.000            4.9820            4.9676            4.9676    
      18.200            4.9317            4.9172            4.9172    
      18.400            4.8818            4.8673            4.8673    
      18.600            4.8325            4.8179            4.8179    
      18.800            4.7837            4.7690            4.7690    
      19.000            4.7353            4.7206            4.7206    
      19.200            4.6875            4.6727            4.6727    
      19.400            4.6401            4.6253            4.6253    
      19.600            4.5932            4.5784            4.5784    
      19.800            4.5468            4.5319            4.5319    
      20.000            4.5008            4.4859            4.4859    
      20.200            4.4554            4.4404            4.4404    
      20.400            4.4103            4.3954            4.3954    
      20.600            4.3658            4.3508            4.3508    
      20.800            4.3216            4.3066            4.3066    
      21.000            4.2780            4.2629            4.2629    
      21.200            4.2347            4.2197            4.2197    
      21.400            4.1920            4.1768            4.1768    
      21.600            4.1496            4.1345            4.1345    
      21.800            4.1077            4.0925            4.0925    
      22.000            4.0661            4.0510            4.0510    
      22.200            4.0251            4.0099            4.0099    
      22.400            3.9844            3.9692            3.9692    
      22.600            3.9441            3.9289            3.9289    
      22.800            3.9043            3.8890            3.8890    
      23.000            3.8648            3.8496            3.8496    
      23.200            3.8257            3.8105            3.8105    
      23.400            3.7871            3.7719            3.7719    
      23.600            3.7488            3.7336            3.7336    
      23.800            3.7109            3.6957            3.6957    
      24.000            3.6734            3.6582            3.6582    
      24.200            3.6363            3.6211            3.6211    
      24.400            3.5996            3.5843            3.5843    
      24.600            3.5632            3.5480            3.5480    
      24.800            3.5272            3.5120            3.5120    
      25.000            3.4915            3.4763            3.4763    
      25.200            3.4562            3.4410            3.4410    
      25.400            3.4213            3.4061            3.4061    
      25.600            3.3867            3.3716            3.3716    
      25.800            3.3525            3.3374            3.3374    
      26.000            3.3186            3.3035            3.3035    
      26.200            3.2851            3.2700            3.2700    
      26.400            3.2519            3.2368            3.2368    
      26.600            3.2190            3.2039            3.2039    
      26.800            3.1865            3.1714            3.1714    
      27.000            3.1543            3.1393            3.1393    
      27.200            3.4683            3.2845            3.2845    
      27.400            5.0122            4.8502            4.8502    
      27.600            6.2806            6.1377            6.1377    
      27.800            7.3189            7.1928            7.1928    
      28.000            8.1654            8.0539            8.0539    
      28.200            8.8519            8.7530            8.7530    
      28.400            9.4047            9.3169            9.3169    
      28.600            9.8463            9.7680            9.7680    
      28.800            10.195            10.125            10.125    
      29.000            10.466            10.404            10.404    
      29.200            10.674            10.617            10.617    
      29.400            10.827            10.775            10.775    
      29.600            10.936            10.889            10.889    
      29.800            11.008            10.965            10.965    
      30.000            11.049            11.009            11.009    
      30.200            11.064            11.027            11.027    
      30.400            11.059            11.024            11.024    
      30.600            11.036            11.003            11.003    
      30.800            10.999            10.968            10.968    
      31.000            10.949            10.920            10.920    
      31.200            10.891            10.862            10.862    
      31.400            10.824            10.796            10.796    
      31.600            10.750            10.724            10.724    
      31.800            10.672            10.646            10.646    
      32.000            10.589            10.564            10.564    
      32.200            10.503            10.478            10.478    
      32.400            10.415            10.390            10.390    
      32.600            10.324            10.300            10.300    
      32.800            10.232            10.208            10.208    
      33.000            10.139            10.115            10.115    
      33.200            10.045            10.021            10.021    
      33.400            9.9509            9.9271            9.9271    
      33.600            9.8563            9.8325            9.8325    
      33.800            9.7617            9.7379            9.7379    
      34.000            9.6672            9.6434            9.6434    
      34.200            9.5730            9.5492            9.5492    
      34.400            9.4792            9.4553            9.4553    
      34.600            9.3858            9.3619            9.3619    
      34.800            9.2930            9.2690            9.2690    
      35.000            9.2008            9.1767            9.1767    
      35.200            9.1092            9.0851            9.0851    
      35.400            9.0183            8.9941            8.9941    
      35.600            8.9282            8.9039            8.9039    
      35.800            8.8388            8.8144            8.8144    
      36.000            8.7502            8.7257            8.7257    
      36.200            8.6623            8.6377            8.6377    
      36.400            8.5753            8.5506            8.5506    
      36.600            8.4890            8.4642            8.4642    
      36.800            8.4036            8.3787            8.3787    
      37.000            8.3189            8.2940            8.2940    
      37.200            8.2351            8.2100            8.2100    
      37.400            8.1521            8.1269            8.1269    
      37.600            8.0698            8.0447            8.0447    
      37.800            7.9884            7.9632            7.9632    
      38.000            7.9078            7.8825            7.8825    
      38.200            7.8280            7.8026            7.8026    
      38.400            7.7490            7.7235            7.7235    
      38.600            7.6707            7.6452            7.6452    
      38.800            7.5933            7.5677            7.5677    
      39.000            7.5166            7.4909            7.4909    
      39.200            7.4407            7.4150            7.4150    
      39.400            7.3655            7.3398            7.3398    
      39.600            7.2911            7.2653            7.2653    
      39.800            7.2174            7.1916            7.1916    
      40.000            7.1445            7.1187            7.1187    
      40.200            7.0723            7.0464            7.0464    
      40.400            7.0009            6.9750            6.9750    
      40.600            6.9301            6.9042            6.9042    
      40.800            6.8601            6.8341            6.8341    
      41.000            6.7908            6.7648            6.7648    
      41.200            6.7222            6.6962            6.6962    
      41.400            6.6542            6.6282            6.6282    
      41.600            6.5870            6.5610            6.5610    
      41.800            6.5204            6.4944            6.4944    
      42.000            6.4545            6.4285            6.4285    
      42.200            6.3893            6.3633            6.3633    
      42.400            6.3248            6.2987            6.2987    
      42.600            6.2608            6.2348            6.2348    
      42.800            6.1976            6.1715            6.1715    
      43.000            6.1349            6.1089            6.1089    
      43.200            6.0729            6.0469            6.0469    
      43.400            6.0116            5.9856            5.9856    
      43.600            5.9508            5.9248            5.9248    
      43.800            5.8907            5.8647            5.8647    
      44.000            5.8312            5.8052            5.8052    
      44.200            5.7722            5.7463            5.7463    
      44.400            5.7139            5.6880            5.6880    
      44.600            5.6562            5.6303            5.6303    
      44.800            5.5990            5.5731            5.5731    
      45.000            5.5424            5.5166            5.5166    
      45.200            5.4864            5.4606            5.4606    
      45.400            5.4310            5.4052            5.4052    
      45.600            5.3761            5.3504            5.3504    
      45.800            5.3218            5.2961            5.2961    
      46.000            5.2680            5.2423            5.2423    
      46.200            5.2147            5.1891            5.1891    
      46.400            5.1620            5.1365            5.1365    
      46.600            5.1099            5.0844            5.0844    
      46.800            5.0582            5.0328            5.0328    
      47.000            5.0071            4.9817            4.9817    
      47.200            4.9565            4.9311            4.9311    
      47.400            4.9064            4.8811            4.8811    
      47.600            4.8568            4.8316            4.8316    
      47.800            4.8078            4.7826            4.7826    
      48.000            4.7592            4.7340            4.7340    
      48.200            4.7111            4.6860            4.6860    
      48.400            4.6635            4.6384            4.6384    
      48.600            4.6163            4.5914            4.5914    
      48.800            4.5697            4.5448            4.5448    
      49.000            4.5235            4.4987            4.4987    
      49.200            4.4778            4.4530            4.4530    
      49.400            4.4326            4.4078            4.4078    
      49.600            4.3878            4.3631            4.3631    
      49.800            4.3434            4.3188            4.3188    
      50.000            4.2995            4.2750            4.2750    
      50.200            4.2561            4.2316            4.2316    
      50.400            4.2131            4.1887            4.1887    
      50.600            4.1705            4.1462            4.1462    
      50.800            4.1283            4.1041            4.1041    
      51.000            4.0866            4.0625            4.0625    
      51.200            4.3912            4.1983            4.1983    
      51.400            5.9258            5.7548            5.7548    
      51.600            7.1849            7.0331            7.0331    
      51.800            8.2141            8.0791            8.0791    
      52.000            9.0516            8.9312            8.9312    
      52.200            9.7290            9.6214            9.6214    
      52.400            10.273            10.177            10.177    
      52.600            10.706            10.619            10.619    
      52.800            11.046            10.967            10.967    
      53.000            11.309            11.237            11.237    
      53.200            11.507            11.442            11.442    
      53.400            11.652            11.592            11.592    
      53.600            11.753            11.697            11.697    
      53.800            11.816            11.765            11.765    
      54.000            11.849            11.801            11.801    
      54.200            11.857            11.812            11.812    
      54.400            11.843            11.800            11.800    
      54.600            11.812            11.772            11.772    
      54.800            11.767            11.728            11.728    
      55.000            11.710            11.673            11.673    
      55.200            11.644            11.607            11.607    
      55.400            11.569            11.534            11.534    
      55.600            11.489            11.454            11.454    
      55.800            11.403            11.369            11.369    
      56.000            11.313            11.279            11.279    
      56.200            11.219            11.187            11.187    
      56.400            11.124            11.091            11.091    
      56.600            11.026            10.994            10.994    
      56.800            10.927            10.895            10.895    
      57.000            10.827            10.795            10.795    
      57.200            10.726            10.694            10.694    
      57.400            10.624            10.593            10.593    
      57.600            10.523            10.492            10.492    
      57.800            10.422            10.391            10.391    
      58.000            10.321            10.289            10.289    
      58.200            10.220            10.189            10.189    
      58.400            10.119            10.088            10.088    
      58.600            10.020            9.9885            9.9885    
      58.800            9.9204            9.8892            9.8892    
      59.000            9.8218            9.7906            9.7906    
      59.200            9.7240            9.6928            9.6928    
      59.400            9.6269            9.5956            9.5956    
      59.600            9.5306            9.4993            9.4993    
      59.800            9.4351            9.4038            9.4038    
      60.000            9.3405            9.3091            9.3091    
      60.200            9.2466            9.2152            9.2152    
      60.400            9.1537            9.1222            9.1222    
      60.600            9.0616            9.0301            9.0301    
      60.800            8.9703            8.9388            8.9388    
      61.000            8.8800            8.8484            8.8484    
      61.200            8.7905            8.7588            8.7588    
      61.400            8.7018            8.6702            8.6702    
      61.600            8.6141            8.5824            8.5824    
      61.800            8.5271            8.4954            8.4954    
      62.000            8.4411            8.4093            8.4093    
      62.200            8.3559            8.3241            8.3241    
      62.400            8.2715            8.2397            8.2397    
      62.600            8.1880            8.1562            8.1562    
      62.800            8.1053            8.0735            8.0735    
      63.000            8.0234            7.9916            7.9916    
      63.200            7.9424            7.9106            7.9106    
      63.400            7.8622            7.8303            7.8303    
      63.600            7.7827            7.7509            7.7509    
      63.800            7.7041            7.6723            7.6723    
      64.000            7.6263            7.5944            7.5944    
      64.200            7.5492            7.5174            7.5174    
      64.400            7.4729            7.4411            7.4411    
      64.600            7.3974            7.3656            7.3656    
      64.800            7.3227            7.2909            7.2909    
      65.000            7.2487            7.2169            7.2169    
      65.200            7.1755            7.1437            7.1437    
      65.400            7.1029            7.0712            7.0712    
      65.600            7.0312            6.9995            6.9995    
      65.800            6.9601            6.9284            6.9284    
      66.000            6.8898            6.8581            6.8581    
      66.200            6.8202            6.7886            6.7886    
      66.400            6.7512            6.7197            6.7197    
      66.600            6.6830            6.6515            6.6515    
      66.800            6.6155            6.5840            6.5840    
      67.000            6.5486            6.5172            6.5172    
      67.200            6.4825            6.4511            6.4511    
      67.400            6.4169            6.3856            6.3856    
      67.600            6.3521            6.3208            6.3208    
      67.800            6.2879            6.2567            6.2567    
      68.000            6.2244            6.1932            6.1932    
      68.200            6.1615            6.1303            6.1303    
      68.400            6.0992            6.0681            6.0681    
      68.600            6.0376            6.0066            6.0066    
      68.800            5.9765            5.9456            5.9456    
      69.000            5.9161            5.8853            5.8853    
      69.200            5.8564            5.8256            5.8256    
      69.400            5.7972            5.7664            5.7664    
      69.600            5.7386            5.7079            5.7079    
      69.800            5.6806            5.6500            5.6500    
      70.000            5.6232            5.5927            5.5927    
      70.200            5.5664            5.5359            5.5359    
      70.400            5.5101            5.4798            5.4798    
      70.600            5.4544            5.4242            5.4242    
      70.800            5.3993            5.3691            5.3691    
      71.000            5.3448            5.3146            5.3146    
      71.200            5.2907            5.2607            5.2607    
      71.400            5.2373            5.2073            5.2073    
      71.600            5.1843            5.1545            5.1545    
      71.800            5.1320            5.1022            5.1022    
      72.000            5.0801            5.0504            5.0504    
      72.200            5.0288            4.9992            4.9992    
      72.400            4.9779            4.9484            4.9484    
      72.600            4.9276            4.8982            4.8982    
      72.800            4.8778            4.8485            4.8485    
      73.000            4.8285            4.7993            4.7993    
      73.200            4.7797            4.7506            4.7506    
      73.400            4.7314            4.7024            4.7024    
      73.600            4.6836            4.6547            4.6547    
      73.800            4.6363            4.6075            4.6075    
      74.000            4.5894            4.5607            4.5607    
      74.200            4.5431            4.5144            4.5144    
      74.400            4.4972            4.4686            4.4686    
      74.600            4.4517            4.4233            4.4233    
      74.800            4.4067            4.3784            4.3784    
      75.000            4.3622            4.3340            4.3340    
      75.200            4.6640            4.4671            4.4671    
      75.400            6.1958            6.0208            6.0208    
      75.600            7.4522            7.2964            7.2964    
      75.800            8.4787            8.3398            8.3398    
      76.000            9.3135            9.1892            9.1892    
      76.200            9.9883            9.8768            9.8768    
      76.400            10.530            10.429            10.429    
      76.600            10.960            10.869            10.869    
      76.800            11.297            11.215            11.215    
      77.000            11.558            11.482            11.482    
      77.200            11.754            11.685            11.685    
      77.400            11.896            11.833            11.833    
      77.600            11.994            11.935            11.935    
      77.800            12.055            12.000            12.000    
      78.000            12.086            12.034            12.034    
      78.200            12.091            12.042            12.042    
      78.400            12.075            12.029            12.029    
      78.600            12.042            11.998            11.998    
      78.800            11.994            11.952            11.952    
      79.000            11.935            11.894            11.894    
      79.200            11.866            11.827            11.827    
      79.400            11.790            11.751            11.751    
      79.600            11.707            11.669            11.669    
      79.800            11.619            11.581            11.581    
      80.000            11.526            11.490            11.490    
      80.200            11.431            11.395            11.395    
      80.400            11.333            11.297            11.297    
      80.600            11.233            11.198            11.198    
      80.800            11.132            11.097            11.097    
      81.000            11.030            10.995            10.995    
      81.200            10.927            10.892            10.892    
      81.400            10.824            10.789            10.789    
      81.600            10.720            10.686            10.686    
      81.800            10.617            10.583            10.583    
      82.000            10.514            10.479            10.479    
      82.200            10.411            10.377            10.377    
      82.400            10.309            10.274            10.274    
      82.600            10.207            10.173            10.173    
      82.800            10.106            10.072            10.072    
      83.000            10.005            9.9712            9.9712    
      83.200            9.9057            9.8715            9.8715    
      83.400            9.8068            9.7725            9.7725    
      83.600            9.7087            9.6744            9.6744    
      83.800            9.6114            9.5771            9.5771    
      84.000            9.5149            9.4806            9.4806    
      84.200            9.4193            9.3850            9.3850    
      84.400            9.3246            9.2903            9.2903    
      84.600            9.2308            9.1965            9.1965    
      84.800            9.1379            9.1035            9.1035    
      85.000            9.0458            9.0114            9.0114    
      85.200            8.9546            8.9202            8.9202    
      85.400            8.8643            8.8299            8.8299    
      85.600            8.7749            8.7405            8.7405    
      85.800            8.6864            8.6519            8.6519    
      86.000            8.5987            8.5643            8.5643    
      86.200            8.5119            8.4775            8.4775    
      86.400            8.4260            8.3915            8.3915    
      86.600            8.3409            8.3065            8.3065    
      86.800            8.2566            8.2222            8.2222    
      87.000            8.1733            8.1388            8.1388    
      87.200            8.0907            8.0563            8.0563    
      87.400            8.0090            7.9746            7.9746    
      87.600            7.9281            7.8937            7.8937    
      87.800            7.8480            7.8136            7.8136    
      88.000            7.7687            7.7343            7.7343    
      88.200            7.6902            7.6559            7.6559    
      88.400            7.6125            7.5782            7.5782    
      88.600            7.5356            7.5013            7.5013    
      88.800            7.4594            7.4252            7.4252    
      89.000            7.3840            7.3499            7.3499    
      89.200            7.3094            7.2753            7.2753    
      89.400            7.2356            7.2015            7.2015    
      89.600            7.1625            7.1284            7.1284    
      89.800            7.0901            7.0561            7.0561    
      90.000            7.0184            6.9845            6.9845    
      90.200            6.9475            6.9136            6.9136    
      90.400            6.8773            6.8435            6.8435    
      90.600            6.8078            6.7740            6.7740    
      90.800            6.7390            6.7053            6.7053    
      91.000            6.6709            6.6373            6.6373    
      91.200            6.6035            6.5699            6.5699    
      91.400            6.5368            6.5032            6.5032    
      91.600            6.4707            6.4373            6.4373    
      91.800            6.4053            6.3719            6.3719    
      92.000            6.3406            6.3073            6.3073    
      92.200            6.2765            6.2433            6.2433    
      92.400            6.2131            6.1799            6.1799    
      92.600            6.1503            6.1172            6.1172    
      92.800            6.0881            6.0551            6.0551    
      93.000            6.0266            5.9937            5.9937    
      93.200            5.9657            5.9329            5.9329    
      93.400            5.9054            5.8727            5.8727    
      93.600            5.8457            5.8131            5.8131    
      93.800            5.7867            5.7541            5.7541    
      94.000            5.7282            5.6957            5.6957    
      94.200            5.6703            5.6379            5.6379    
      94.400            5.6130            5.5807            5.5807    
      94.600            5.5563            5.5241            5.5241    
      94.800            5.5001            5.4680            5.4680    
      95.000            5.4445            5.4125            5.4125    
      95.200            5.3895            5.3576            5.3576    
      95.400            5.3351            5.3033            5.3033    
      95.600            5.2811            5.2494            5.2494    
      95.800            5.2278            5.1962            5.1962    
      96.000            5.1749            5.1435            5.1435    
      96.200            5.1226            5.0913            5.0913    
      96.400            5.0709            5.0396            5.0396    
      96.600            5.0196            4.9885            4.9885    
      96.800            4.9689            4.9378            4.9378    
      97.000            4.9187            4.8877            4.8877    
      97.200            4.8690            4.8381            4.8381    
      97.400            4.8198            4.7891            4.7891    
      97.600            4.7711            4.7405            4.7405    
      97.800            4.7229            4.6924            4.6924    
      98.000            4.6751            4.6447            4.6447    
      98.200            4.6279            4.5976            4.5976    
      98.400            4.5811            4.5510            4.5510    
      98.600            4.5348            4.5048            4.5048    
      98.800            4.4890            4.4591            4.4591    
      99.000            4.4436            4.4138            4.4138    
      99.200            4.7446            4.5461            4.5461    
      99.400            6.2756            6.0990            6.0990    
      99.600            7.5312            7.3738            7.3738    
      99.800            8.5569            8.4164            8.4164    
      100.00            9.3909            9.2651            9.2651    
      100.20            10.065            9.9519            9.9519    
      100.40            10.606            10.504            10.504    
      100.60            11.035            10.943            10.943    
      100.80            11.372            11.288            11.288    
      101.00            11.631            11.555            11.555    
      101.20            11.827            11.756            11.756    
      101.40            11.968            11.903            11.903    
      101.60            12.066            12.005            12.005    
      101.80            12.126            12.070            12.070    
      102.00            12.156            12.103            12.103    
      102.20            12.160            12.110            12.110    
      102.40            12.144            12.096            12.096    
      102.60            12.110            12.064            12.064    
      102.80            12.062            12.018            12.018    
      103.00            12.002            11.959            11.959    
      103.20            11.932            11.891            11.891    
      103.40            11.855            11.815            11.815    
      103.60            11.771            11.732            11.732    
      103.80            11.682            11.644            11.644    
      104.00            11.590            11.552            11.552    
      104.20            11.494            11.456            11.456    
      104.40            11.395            11.358            11.358    
      104.60            11.295            11.258            11.258    
      104.80            11.193            11.156            11.156    
      105.00            11.090            11.054            11.054    
      105.20            10.986            10.950            10.950    
      105.40            10.882            10.847            10.847    
      105.60            10.778            10.743            10.743    
      105.80            10.675            10.639            10.639    
      106.00            10.571            10.535            10.535    
      106.20            10.467            10.432            10.432    
      106.40            10.365            10.329            10.329    
      106.60            10.262            10.227            10.227    
      106.80            10.161            10.125            10.125    
      107.00            10.060            10.024            10.024    
      107.20            9.9594            9.9240            9.9240    
      107.40            9.8599            9.8246            9.8246    
      107.60            9.7613            9.7259            9.7259    
      107.80            9.6635            9.6281            9.6281    
      108.00            9.5665            9.5311            9.5311    
      108.20            9.4704            9.4350            9.4350    
      108.40            9.3752            9.3398            9.3398    
      108.60            9.2808            9.2454            9.2454    
      108.80            9.1874            9.1519            9.1519    
      109.00            9.0948            9.0594            9.0594    
      109.20            9.0031            8.9677            8.9677    
      109.40            8.9124            8.8769            8.8769    
      109.60            8.8225            8.7870            8.7870    
      109.80            8.7334            8.6980            8.6980    
      110.00            8.6453            8.6098            8.6098    
      110.20            8.5580            8.5226            8.5226    
      110.40            8.4716            8.4362            8.4362    
      110.60            8.3861            8.3506            8.3506    
      110.80            8.3014            8.2660            8.2660    
      111.00            8.2175            8.1821            8.1821    
      111.20            8.1345            8.0992            8.0992    
      111.40            8.0524            8.0170            8.0170    
      111.60            7.9710            7.9357            7.9357    
      111.80            7.8905            7.8552            7.8552    
      112.00            7.8108            7.7755            7.7755    
      112.20            7.7318            7.6966            7.6966    
      112.40            7.6537            7.6185            7.6185    
      112.60            7.5764            7.5412            7.5412    
      112.80            7.4998            7.4647            7.4647    
      113.00            7.4240            7.3890            7.3890    
      113.20            7.3490            7.3140            7.3140    
      113.40            7.2748            7.2398            7.2398    
      113.60            7.2013            7.1663            7.1663    
      113.80            7.1285            7.0936            7.0936    
      114.00            7.0564            7.0217            7.0217    
      114.20            6.9851            6.9504            6.9504    
      114.40            6.9146            6.8799            6.8799    
      114.60            6.8447            6.8101            6.8101    
      114.80            6.7755            6.7410            6.7410    
      115.00            6.7070            6.6726            6.6726    
      115.20            6.6393            6.6049            6.6049    
      115.40            6.5722            6.5378            6.5378    
      115.60            6.5058            6.4715            6.4715    
      115.80            6.4400            6.4058            6.4058    
      116.00            6.3749            6.3408            6.3408    
      116.20            6.3105            6.2765            6.2765    
      116.40            6.2467            6.2128            6.2128    
      116.60            6.1836            6.1498            6.1498    
      116.80            6.1211            6.0874            6.0874    
      117.00            6.0593            6.0256            6.0256    
      117.20            5.9980            5.9645            5.9645    
      117.40            5.9374            5.9039            5.9039    
      117.60            5.8774            5.8440            5.8440    
      117.80            5.8180            5.7847            5.7847    
      118.00            5.7592            5.7260            5.7260    
      118.20            5.7010            5.6679            5.6679    
      118.40            5.6434            5.6104            5.6104    
      118.60            5.5864            5.5535            5.5535    
      118.80            5.5299            5.4971            5.4971    
      119.00            5.4740            5.4413            5.4413    
      119.20            5.4187            5.3861            5.3861    
      119.40            5.3640            5.3315            5.3315    
      119.60            5.3098            5.2774            5.2774    
      119.80            5.2561            5.2238            5.2238    
      120.00            5.2030            5.1708            5.1708    
      120.20            5.1504            5.1183            5.1183    
      120.40            5.0984            5.0664            5.0664    
      120.60            5.0468            5.0150            5.0150    
      120.80            4.9958            4.9641            4.9641    
      121.00            4.9453            4.9137            4.9137    
      121.20            4.8954            4.8639            4.8639    
      121.40            4.8459            4.8145            4.8145    
      121.60            4.7969            4.7657            4.7657    
      121.80            4.7484            4.7173            4.7173    
      122.00            4.7005            4.6694            4.6694    
      122.20            4.6530            4.6221            4.6221    
      122.40            4.6059            4.5752            4.5752    
      122.60            4.5594            4.5287            4.5287    
      122.80            4.5133            4.4828            4.4828    
      123.00            4.4677            4.4373            4.4373    
      123.20            4.7685            4.5693            4.5693    
      123.40            6.2992            6.1220            6.1220    
      123.60            7.5545            7.3966            7.3966    
      123.80            8.5801            8.4390            8.4390    
      124.00            9.4138            9.2874            9.2874    
      124.20            10.088            9.9740            9.9740    
      124.40            10.628            10.526            10.526    
      124.60            11.057            10.964            10.964    
      124.80            11.394            11.309            11.309    
      125.00            11.653            11.576            11.576    
      125.20            11.848            11.777            11.777    
      125.40            11.990            11.924            11.924    
      125.60            12.087            12.026            12.026    
      125.80            12.147            12.090            12.090    
      126.00            12.177            12.123            12.123    
      126.20            12.181            12.130            12.130    
      126.40            12.164            12.116            12.116    
      126.60            12.130            12.084            12.084    
      126.80            12.081            12.037            12.037    
      127.00            12.021            11.978            11.978    
      127.20            11.952            11.910            11.910    
      127.40            11.874            11.833            11.833    
      127.60            11.790            11.750            11.750    
      127.80            11.701            11.662            11.662    
      128.00            11.608            11.570            11.570    
      128.20            11.512            11.474            11.474    
      128.40            11.413            11.376            11.376    
      128.60            11.313            11.276            11.276    
      128.80            11.211            11.174            11.174    
      129.00            11.108            11.071            11.071    
      129.20            11.004            10.968            10.968    
      129.40            10.900            10.864            10.864    
      129.60            10.796            10.760            10.760    
      129.80            10.692            10.656            10.656    
      130.00            10.588            10.552            10.552    
      130.20            10.484            10.448            10.448    
      130.40            10.381            10.345            10.345    
      130.60            10.279            10.243            10.243    
      130.80            10.177            10.141            10.141    
      131.00            10.076            10.040            10.040    
      131.20            9.9753            9.9395            9.9395    
      131.40            9.8756            9.8399            9.8399    
      131.60            9.7768            9.7411            9.7411    
      131.80            9.6789            9.6431            9.6431    
      132.00            9.5817            9.5459            9.5459    
      132.20            9.4855            9.4497            9.4497    
      132.40            9.3901            9.3543            9.3543    
      132.60            9.2956            9.2598            9.2598    
      132.80            9.2020            9.1662            9.1662    
      133.00            9.1093            9.0735            9.0735    
      133.20            9.0175            8.9817            8.9817    
      133.40            8.9266            8.8907            8.8907    
      133.60            8.8365            8.8007            8.8007    
      133.80            8.7473            8.7115            8.7115    
      134.00            8.6591            8.6232            8.6232    
      134.20            8.5716            8.5358            8.5358    
      134.40            8.4851            8.4493            8.4493    
      134.60            8.3994            8.3636            8.3636    
      134.80            8.3146            8.2788            8.2788    
      135.00            8.2306            8.1949            8.1949    
      135.20            8.1475            8.1118            8.1118    
      135.40            8.0652            8.0295            8.0295    
      135.60            7.9837            7.9480            7.9480    
      135.80            7.9030            7.8674            7.8674    
      136.00            7.8232            7.7876            7.7876    
      136.20            7.7442            7.7086            7.7086    
      136.40            7.6659            7.6304            7.6304    
      136.60            7.5885            7.5530            7.5530    
      136.80            7.5118            7.4763            7.4763    
      137.00            7.4359            7.4005            7.4005    
      137.20            7.3607            7.3254            7.3254    
      137.40            7.2864            7.2511            7.2511    
      137.60            7.2127            7.1775            7.1775    
      137.80            7.1398            7.1047            7.1047    
      138.00            7.0677            7.0326            7.0326    
      138.20            6.9963            6.9612            6.9612    
      138.40            6.9256            6.8906            6.8906    
      138.60            6.8556            6.8207            6.8207    
      138.80            6.7863            6.7515            6.7515    
      139.00            6.7177            6.6830            6.6830    
      139.20            6.6498            6.6151            6.6151    
      139.40            6.5826            6.5480            6.5480    
      139.60            6.5161            6.4816            6.4816    
      139.80            6.4503            6.4158            6.4158    
      140.00            6.3851            6.3507            6.3507    
      140.20            6.3206            6.2863            6.2863    
      140.40            6.2567            6.2225            6.2225    
      140.60            6.1935            6.1593            6.1593    
      140.80            6.1309            6.0968            6.0968    
      141.00            6.0689            6.0350            6.0350    
      141.20            6.0076            5.9737            5.9737    
      141.40            5.9469            5.9131            5.9131    
      141.60            5.8868            5.8531            5.8531    
      141.80            5.8273            5.7937            5.7937    
      142.00            5.7684            5.7349            5.7349    
      142.20            5.7101            5.6767            5.6767    
      142.40            5.6524            5.6191            5.6191    
      142.60            5.5953            5.5621            5.5621    
      142.80            5.5387            5.5057            5.5057    
      143.00            5.4828            5.4498            5.4498    
      143.20            5.4274            5.3945            5.3945    
      143.40            5.3725            5.3398            5.3398    
      143.60            5.3182            5.2856            5.2856    
      143.80            5.2645            5.2320            5.2320    
      144.00            5.2113            5.1789            5.1789    
      144.20            5.1586            5.1263            5.1263    
      144.40            5.1065            5.0743            5.0743    
      144.60            5.0549            5.0228            5.0228    
      144.80            5.0038            4.9718            4.9718    
      145.00            4.9532            4.9214            4.9214    
      145.20            4.9032            4.8715            4.8715    
      145.40            4.8536            4.8220            4.8220    
      145.60            4.8046            4.7731            4.7731    
      145.80            4.7560            4.7247            4.7247    
      146.00            4.7079            4.6767            4.6767    
      146.20            4.6604            4.6293            4.6293    
      146.40            4.6133            4.5823            4.5823    
      146.60            4.5667            4.5358            4.5358    
      146.80            4.5205            4.4898            4.4898    
      147.00            4.4748            4.4442            4.4442    
      147.20            4.4296            4.3991            4.3991    
      147.40            4.3848            4.3545            4.3545    
      147.60            4.3405            4.3103            4.3103    
      147.80            4.2967            4.2665            4.2665    
      148.00            4.2532            4.2233            4.2233    
      148.20            4.2103            4.1804            4.1804    
      148.40            4.1677            4.1380            4.1380    
      148.60            4.1256            4.0960            4.0960    
      148.80            4.0839            4.0544            4.0544    
      149.00            4.0426            4.0133            4.0133    
      149.20            4.0018            3.9726            3.9726    
      149.40            3.9613            3.9323            3.9323    
      149.60            3.9213            3.8924            3.8924    
      149.80            3.8817            3.8529            3.8529    
      150.00            3.8425            3.8138            3.8138    
      150.20            3.8036            3.7751            3.7751    
      150.40            3.7652            3.7368            3.7368    
      150.60            3.7271            3.6988            3.6988    
      150.80            3.6895            3.6613            3.6613    
      151.00            3.6522            3.6242            3.6242    
      151.20            3.6153            3.5874            3.5874    
      151.40            3.5787            3.5510            3.5510    
      151.60            3.5426            3.5149            3.5149    
      151.80            3.5068            3.4793            3.4793    
      152.00            3.4713            3.4440            3.4440    
      152.20            3.4363            3.4090            3.4090    
      152.40            3.4015            3.3744            3.3744    
      152.60            3.3672            3.3402            3.3402    
      152.80            3.3331            3.3063            3.3063    
      153.00            3.2994            3.2728            3.2728    
      153.20            3.2661            3.2395            3.2395    
      153.40            3.2331            3.2067            3.2067    
      153.60            3.2004            3.1741            3.1741    
      153.80            3.1681            3.1419            3.1419    
      154.00            3.1361            3.1100            3.1100    
      154.20            3.1044            3.0785            3.0785    
      154.40            3.0730            3.0472            3.0472    
      154.60            3.0419            3.0163            3.0163    
      154.80            3.0112            2.9857            2.9857    
      155.00            2.9808            2.9554            2.9554    
      155.20            2.9507            2.9254            2.9254    
      155.40            2.9208            2.8957            2.8957    
      155.60            2.8913            2.8664            2.8664    
      155.80            2.8621            2.8373            2.8373    
      156.00            2.8332            2.8085            2.8085    
      156.20            2.8045            2.7800            2.7800    
      156.40            2.7762            2.7518            2.7518    
      156.60            2.7481            2.7239            2.7239    
      156.80            2.7204            2.6962            2.6962    
      157.00            2.6929            2.6689            2.6689    
      157.20            2.6657            2.6418            2.6418    
      157.40            2.6387            2.6150            2.6150    
      157.60            2.6121            2.5884            2.5884    
      157.80            2.5857            2.5622            2.5622    
      158.00            2.5595            2.5362            2.5362    
      158.20            2.5337            2.5104            2.5104    
      158.40            2.5081            2.4850            2.4850    
      158.60            2.4827            2.4597            2.4597    
      158.80            2.4576            2.4348            2.4348    
      159.00            2.4328            2.4101            2.4101    
      159.20            2.4082            2.3856            2.3856    
      159.40            2.3839            2.3614            2.3614    
      159.60            2.3598            2.3375            2.3375    
      159.80            2.3359            2.3137            2.3137    
      160.00            2.3123            2.2903            2.2903    
      160.20            2.2890            2.2670            2.2670    
      160.40            2.2658            2.2440            2.2440    
      160.60            2.2429            2.2212            2.2212    
      160.80            2.2203            2.1987            2.1987    
      161.00            2.1978            2.1764            2.1764    
      161.20            2.1756            2.1543            2.1543    
      161.40            2.1536            2.1325            2.1325    
      161.60            2.1319            2.1108            2.1108    
      161.80            2.1103            2.0894            2.0894    
      162.00            2.0890            2.0682            2.0682    
      162.20            2.0679            2.0472            2.0472    
      162.40            2.0470            2.0264            2.0264    
      162.60            2.0263            2.0059            2.0059    
      162.80            2.0058            1.9855            1.9855    
      163.00            1.9856            1.9654            1.9654    
      163.20            1.9655            1.9454            1.9454    
      163.40            1.9456            1.9257            1.9257    
      163.60            1.9260            1.9061            1.9061    
      163.80            1.9065            1.8868            1.8868    
      164.00            1.8872            1.8677            1.8677    
      164.20            1.8682            1.8487            1.8487    
      164.40            1.8493            1.8299            1.8299    
      164.60            1.8306            1.8114            1.8114    
      164.80            1.8121            1.7930            1.7930    
      165.00            1.7938            1.7748            1.7748    
      165.20            1.7757            1.7568            1.7568    
      165.40            1.7577            1.7390            1.7390    
      165.60            1.7400            1.7213            1.7213    
      165.80            1.7224            1.7039            1.7039    
      166.00            1.7050            1.6866            1.6866    
      166.20            1.6877            1.6695            1.6695    
      166.40            1.6707            1.6525            1.6525    
      166.60            1.6538            1.6357            1.6357    
      166.80            1.6371            1.6191            1.6191    
      167.00            1.6205            1.6027            1.6027    
      167.20            1.6042            1.5865            1.5865    
      167.40            1.5880            1.5704            1.5704    
      167.60            1.5719            1.5544            1.5544    
      167.80            1.5560            1.5386            1.5386    
      168.00            1.5403            1.5230            1.5230    


  SUBJECT NO.     1 ...  OUTPUT EQUATION NO.  1

     TIMES                   OBSERVED VALUES          PREDICTED VALUES, BASED ON POSTERIOR MEANS; THEN MEDIANS; THEN MODES
--------------------------------------------------------------------------------------------------------------------------
      120.00            5.4100            5.2030            5.1708            5.1708    
      121.03            4.4600            4.9378            4.9062            4.9062    
      122.03            4.5400            4.6933            4.6623            4.6623    
      126.02            12.190            12.178            12.125            12.125    
      129.08            12.100            11.066            11.030            11.030    
      132.03            8.6100            9.5672            9.5315            9.5315    
      144.03            6.3700            5.2033            5.1709            5.1709    


