  icycle     fobj1          gamma          res     grid points (start and end)
    1     -11.969014       4.545455      0.20000     20011    1
    2     -11.376537       3.787879      0.20000         8    1
    3     -10.294088       2.705628      0.20000         8    1
    4      -8.547672       1.503126      0.20000         8    1
    5      -7.217819       1.503126      0.20000         8    1
    6      -7.169444       1.503126      0.10000         8    1
    7      -7.169444       1.503126      0.10000         8    1
    8      -7.169444       1.503126      0.05000         9    1
    9      -7.137088       1.653439      0.02500         9    1
   10      -7.108147       1.653439      0.02500         9    1
   11      -7.102673       1.653439      0.02500         9    1
   12      -7.100177       1.574704      0.02500         9    1
   13      -7.072019       1.574704      0.02500         9    1
   14      -7.058414       1.574704      0.02500         9    1
   15      -7.049954       1.574704      0.02500         9    1
   16      -7.046369       1.574704      0.02500         9    1
   17      -7.046369       1.574704      0.02500         9    1
   18      -7.016954       1.574704      0.01250         9    1
   19      -7.015164       1.574704      0.01250         9    1
   20      -7.009635       1.574704      0.01250         9    1
   21      -7.005181       1.574704      0.01250         9    1
   22      -7.001776       1.574704      0.01250         9    1
   23      -6.999392       1.574704      0.01250         9    1
   24      -6.998005       1.574704      0.01250         9    1
   25      -6.997136       1.574704      0.01250         9    1
   26      -6.992125       1.574704      0.01250         9    1
   27      -6.988051       1.574704      0.01250         9    1
   28      -6.984891       1.574704      0.01250         9    1
   29      -6.982626       1.574704      0.01250         9    1
   30      -6.981232       1.574704      0.01250         9    1
   31      -6.980689       1.559113      0.01250         9    1
   32      -6.979752       1.559113      0.01250         9    1
   33      -6.975347       1.559113      0.01250         9    1
   34      -6.975347       1.559113      0.01250         8    1
   35      -6.968008       1.559113      0.00625         8    1
   36      -6.968008       1.559113      0.00625         8    1
   37      -6.967911       1.559113      0.00313         8    1
   38      -6.966899       1.559113      0.00156         9    1
   39      -6.959462       1.559113      0.00156         9    1
   40      -6.952085       1.559113      0.00156         9    1
   41      -6.946414       1.559113      0.00156         9    1
   42      -6.942435       1.559113      0.00156         9    1
   43      -6.940137       1.559113      0.00156         9    1
   44      -6.939506       1.559113      0.00156         9    1
   45      -6.931529       1.559113      0.00156         9    1
   46      -6.924532       1.559113      0.00156         9    1
   47      -6.919219       1.559113      0.00156         9    1
   48      -6.915576       1.559113      0.00156         9    1
   49      -6.913591       1.559113      0.00156         9    1
   50      -6.913229       1.559113      0.00156         9    1
   51      -6.912877       1.559113      0.00156         8    1
   52      -6.904789       1.543676      0.00156         8    1
   53      -6.897803       1.543676      0.00156         8    1
   54      -6.892642       1.543676      0.00156         8    1
   55      -6.889164       1.543676      0.00156         8    1
   56      -6.887356       1.543676      0.00156         8    1
   57      -6.887207       1.543676      0.00156         8    1
   58      -6.879216       1.543676      0.00156         8    1
   59      -6.872566       1.543676      0.00156         8    1
   60      -6.867590       1.543676      0.00156         8    1
   61      -6.864276       1.543676      0.00156         8    1
   62      -6.862611       1.543676      0.00156         8    1
   63      -6.862583       1.543676      0.00156         8    1
   64      -6.858106       1.543676      0.00078         9    1
   65      -6.855772       1.543676      0.00078         9    1
   66      -6.853850       1.543676      0.00078         9    1
   67      -6.852341       1.543676      0.00078         9    1
   68      -6.851242       1.543676      0.00078         9    1
   69      -6.849021       1.543676      0.00078         9    1
   70      -6.846293       1.543676      0.00078         9    1
   71      -6.843977       1.543676      0.00078         9    1
   72      -6.842072       1.543676      0.00078         9    1
   73      -6.840576       1.528392      0.00078         9    1
   74      -6.839444       1.528392      0.00078         9    1
   75      -6.837453       1.528392      0.00078         9    1
   76      -6.834681       1.528392      0.00078         9    1
   77      -6.832326       1.528392      0.00078         9    1
   78      -6.830388       1.528392      0.00078         9    1
   79      -6.828864       1.528392      0.00078         9    1
   80      -6.827755       1.528392      0.00078         9    1
   81      -6.826091       1.528392      0.00078         9    1
   82      -6.823318       1.528392      0.00078         9    1
   83      -6.820961       1.528392      0.00078         9    1
   84      -6.819017       1.528392      0.00078         9    1
   85      -6.817486       1.528392      0.00078         9    1
   86      -6.816366       1.528392      0.00078         9    1
   87      -6.815083       1.528392      0.00078         9    1
   88      -6.812299       1.528392      0.00078         9    1
   89      -6.809928       1.528392      0.00078         9    1
   90      -6.807969       1.528392      0.00078         9    1
   91      -6.806419       1.528392      0.00078         9    1
   92      -6.805279       1.528392      0.00078         9    1
   93      -6.804429       1.528392      0.00078         9    1
   94      -6.801624       1.528392      0.00078         9    1
   95      -6.799229       1.528392      0.00078         9    1
   96      -6.797243       1.528392      0.00078         9    1
   97      -6.795665       1.528392      0.00078         9    1
   98      -6.794494       1.528392      0.00078         9    1
   99      -6.793727       1.528392      0.00078         9    1
  100      -6.791294       1.528392      0.00078         9    1
