  SUBJECT NO.     1

 COL. 1. = PREDICTION TIMES
 COL. 2. = PRED. VALUES FOR OUTPUT EQ. 1, BASED ON POSTERIOR MEANS
 COL. 3. = PRED. VALUES FOR OUTPUT EQ. 1, BASED ON POSTERIOR MEDIANS
 COL. 4. = PRED. VALUES FOR OUTPUT EQ. 1, BASED ON POSTERIOR MODES
 EACH ADDITIONAL OUTPUT EQ. HAS 3 COLUMNS OF PREDICTED VALUES
 BASED, IN ORDER, ON THE POSTERIOR MEANS, MEDIANS, AND MODES: 
-------------------------------------------------------------
      0.0000            0.0000            0.0000            0.0000    
     0.20000            0.0000            0.0000            0.0000    
     0.40000            0.0000            0.0000            0.0000    
     0.60000            0.0000            0.0000            0.0000    
     0.80000            0.0000            0.0000            0.0000    
      1.0000            0.0000            0.0000            0.0000    
      1.2000            0.0000            0.0000            0.0000    
      1.4000            0.0000            0.0000            0.0000    
      1.6000           0.62297           0.59069           0.59069    
      1.8000            1.3441            1.3125            1.3125    
      2.0000            1.9428            1.9121            1.9121    
      2.2000            2.4391            2.4096            2.4096    
      2.4000            2.8501            2.8217            2.8217    
      2.6000            3.1896            3.1624            3.1624    
      2.8000            3.4695            3.4435            3.4435    
      3.0000            3.6996            3.6747            3.6747    
      3.2000            3.8882            3.8644            3.8644    
      3.4000            4.0421            4.0192            4.0192    
      3.6000            4.1669            4.1450            4.1450    
      3.8000            4.2676            4.2464            4.2464    
      4.0000            4.3480            4.3276            4.3276    
      4.2000            4.4116            4.3919            4.3919    
      4.4000            4.4612            4.4420            4.4420    
      4.6000            4.4990            4.4804            4.4804    
      4.8000            4.5270            4.5089            4.5089    
      5.0000            4.5468            4.5291            4.5291    
      5.2000            4.5599            4.5425            4.5425    
      5.4000            4.5673            4.5502            4.5502    
      5.6000            4.5699            4.5531            4.5531    
      5.8000            4.5687            4.5521            4.5521    
      6.0000            4.5642            4.5478            4.5478    
      6.2000            4.5569            4.5407            4.5407    
      6.4000            4.5474            4.5314            4.5314    
      6.6000            4.5361            4.5202            4.5202    
      6.8000            4.5232            4.5074            4.5074    
      7.0000            4.5091            4.4933            4.4933    
      7.2000            4.4939            4.4782            4.4782    
      7.4000            4.4778            4.4622            4.4622    
      7.6000            4.4611            4.4455            4.4455    
      7.8000            4.4437            4.4282            4.4282    
      8.0000            4.4259            4.4104            4.4104    
      8.2000            4.4078            4.3923            4.3923    
      8.4000            4.3893            4.3738            4.3738    
      8.6000            4.3706            4.3552            4.3552    
      8.8000            4.3518            4.3363            4.3363    
      9.0000            4.3328            4.3173            4.3173    
      9.2000            4.3137            4.2982            4.2982    
      9.4000            4.2945            4.2791            4.2791    
      9.6000            4.2753            4.2599            4.2599    
      9.8000            4.2561            4.2406            4.2406    
      10.000            4.2369            4.2214            4.2214    
      10.200            4.2177            4.2022            4.2022    
      10.400            4.1985            4.1830            4.1830    
      10.600            4.1794            4.1638            4.1638    
      10.800            4.1603            4.1447            4.1447    
      11.000            4.1413            4.1257            4.1257    
      11.200            4.1223            4.1067            4.1067    
      11.400            4.1034            4.0877            4.0877    
      11.600            4.0845            4.0689            4.0689    
      11.800            4.0657            4.0501            4.0501    
      12.000            4.0470            4.0313            4.0313    
      12.200            4.0284            4.0127            4.0127    
      12.400            4.0098            3.9941            3.9941    
      12.600            3.9913            3.9756            3.9756    
      12.800            3.9729            3.9572            3.9572    
      13.000            3.9546            3.9388            3.9388    
      13.200            3.9363            3.9205            3.9205    
      13.400            3.9181            3.9024            3.9024    
      13.600            3.9000            3.8843            3.8843    
      13.800            3.8820            3.8662            3.8662    
      14.000            3.8641            3.8483            3.8483    
      14.200            3.8463            3.8304            3.8304    
      14.400            3.8285            3.8126            3.8126    
      14.600            3.8108            3.7949            3.7949    
      14.800            3.7932            3.7773            3.7773    
      15.000            3.7757            3.7598            3.7598    
      15.200            3.7582            3.7423            3.7423    
      15.400            3.7409            3.7250            3.7250    
      15.600            3.7236            3.7077            3.7077    
      15.800            3.7064            3.6904            3.6904    
      16.000            3.6892            3.6733            3.6733    
      16.200            3.6722            3.6563            3.6563    
      16.400            3.6552            3.6393            3.6393    
      16.600            3.6383            3.6224            3.6224    
      16.800            3.6215            3.6056            3.6056    
      17.000            3.6048            3.5888            3.5888    
      17.200            3.5881            3.5721            3.5721    
      17.400            3.5715            3.5556            3.5556    
      17.600            3.5550            3.5390            3.5390    
      17.800            3.5386            3.5226            3.5226    
      18.000            3.5222            3.5062            3.5062    
      18.200            3.5060            3.4900            3.4900    
      18.400            3.4897            3.4738            3.4738    
      18.600            3.4736            3.4576            3.4576    
      18.800            3.4576            3.4416            3.4416    
      19.000            3.4416            3.4256            3.4256    
      19.200            3.4257            3.4097            3.4097    
      19.400            3.4098            3.3938            3.3938    
      19.600            3.3941            3.3781            3.3781    
      19.800            3.3784            3.3624            3.3624    
      20.000            3.3628            3.3468            3.3468    
      20.200            3.3472            3.3312            3.3312    
      20.400            3.3318            3.3158            3.3158    
      20.600            3.3164            3.3004            3.3004    
      20.800            3.3010            3.2850            3.2850    
      21.000            3.2858            3.2698            3.2698    
      21.200            3.2706            3.2546            3.2546    
      21.400            3.2555            3.2395            3.2395    
      21.600            3.2404            3.2244            3.2244    
      21.800            3.2255            3.2095            3.2095    
      22.000            3.2106            3.1946            3.1946    
      22.200            3.1957            3.1797            3.1797    
      22.400            3.1809            3.1649            3.1649    
      22.600            3.1662            3.1502            3.1502    
      22.800            3.1516            3.1356            3.1356    
      23.000            3.1370            3.1211            3.1211    
      23.200            3.1225            3.1066            3.1066    
      23.400            3.1081            3.0921            3.0921    
      23.600            3.0938            3.0778            3.0778    
      23.800            3.0795            3.0635            3.0635    
      24.000            3.0652            3.0493            3.0493    
      24.200            3.0511            3.0351            3.0351    
      24.400            3.0370            3.0210            3.0210    
      24.600            3.0229            3.0070            3.0070    
      24.800            3.0089            2.9930            2.9930    
      25.000            2.9950            2.9791            2.9791    
      25.200            2.9812            2.9653            2.9653    
      25.400            2.9674            2.9515            2.9515    
      25.600            3.5767            3.5285            3.5285    
      25.800            4.2842            4.2367            4.2367    
      26.000            4.8692            4.8227            4.8227    
      26.200            5.3521            5.3066            5.3066    
      26.400            5.7495            5.7053            5.7053    
      26.600            6.0757            6.0326            6.0326    
      26.800            6.3422            6.3004            6.3004    
      27.000            6.5591            6.5183            6.5183    
      27.200            6.7344            6.6948            6.6948    
      27.400            6.8751            6.8364            6.8364    
      27.600            6.9869            6.9491            6.9491    
      27.800            7.0745            7.0376            7.0376    
      28.000            7.1420            7.1058            7.1058    
      28.200            7.1927            7.1572            7.1572    
      28.400            7.2294            7.1945            7.1945    
      28.600            7.2544            7.2200            7.2200    
      28.800            7.2697            7.2358            7.2358    
      29.000            7.2769            7.2434            7.2434    
      29.200            7.2773            7.2442            7.2442    
      29.400            7.2721            7.2393            7.2393    
      29.600            7.2623            7.2298            7.2298    
      29.800            7.2486            7.2163            7.2163    
      30.000            7.2317            7.1996            7.1996    
      30.200            7.2121            7.1802            7.1802    
      30.400            7.1904            7.1586            7.1586    
      30.600            7.1668            7.1352            7.1352    
      30.800            7.1418            7.1103            7.1103    
      31.000            7.1155            7.0841            7.0841    
      31.200            7.0883            7.0570            7.0570    
      31.400            7.0602            7.0290            7.0290    
      31.600            7.0315            7.0004            7.0004    
      31.800            7.0023            6.9712            6.9712    
      32.000            6.9727            6.9416            6.9416    
      32.200            6.9428            6.9117            6.9117    
      32.400            6.9126            6.8816            6.8816    
      32.600            6.8822            6.8513            6.8513    
      32.800            6.8518            6.8208            6.8208    
      33.000            6.8212            6.7903            6.7903    
      33.200            6.7906            6.7597            6.7597    
      33.400            6.7600            6.7291            6.7291    
      33.600            6.7294            6.6985            6.6985    
      33.800            6.6989            6.6680            6.6680    
      34.000            6.6684            6.6375            6.6375    
      34.200            6.6379            6.6070            6.6070    
      34.400            6.6076            6.5767            6.5767    
      34.600            6.5773            6.5464            6.5464    
      34.800            6.5471            6.5162            6.5162    
      35.000            6.5171            6.4862            6.4862    
      35.200            6.4871            6.4562            6.4562    
      35.400            6.4572            6.4264            6.4264    
      35.600            6.4275            6.3966            6.3966    
      35.800            6.3979            6.3670            6.3670    
      36.000            6.3684            6.3375            6.3375    
      36.200            6.3390            6.3081            6.3081    
      36.400            6.3098            6.2789            6.2789    
      36.600            6.2807            6.2498            6.2498    
      36.800            6.2517            6.2208            6.2208    
      37.000            6.2228            6.1919            6.1919    
      37.200            6.1941            6.1632            6.1632    
      37.400            6.1655            6.1346            6.1346    
      37.600            6.1370            6.1061            6.1061    
      37.800            6.1086            6.0778            6.0778    
      38.000            6.0804            6.0496            6.0496    
      38.200            6.0523            6.0215            6.0215    
      38.400            6.0244            5.9935            5.9935    
      38.600            5.9965            5.9657            5.9657    
      38.800            5.9688            5.9380            5.9380    
      39.000            5.9412            5.9104            5.9104    
      39.200            5.9138            5.8830            5.8830    
      39.400            5.8864            5.8557            5.8557    
      39.600            5.8592            5.8285            5.8285    
      39.800            5.8322            5.8014            5.8014    
      40.000            5.8052            5.7745            5.7745    
      40.200            5.7784            5.7477            5.7477    
      40.400            5.7517            5.7210            5.7210    
      40.600            5.7251            5.6944            5.6944    
      40.800            5.6986            5.6680            5.6680    
      41.000            5.6723            5.6416            5.6416    
      41.200            5.6461            5.6154            5.6154    
      41.400            5.6200            5.5894            5.5894    
      41.600            5.5940            5.5634            5.5634    
      41.800            5.5682            5.5376            5.5376    
      42.000            5.5424            5.5119            5.5119    
      42.200            5.5168            5.4863            5.4863    
      42.400            5.4913            5.4608            5.4608    
      42.600            5.4659            5.4354            5.4354    
      42.800            5.4407            5.4102            5.4102    
      43.000            5.4155            5.3850            5.3850    
      43.200            5.3905            5.3600            5.3600    
      43.400            5.3656            5.3351            5.3351    
      43.600            5.3408            5.3104            5.3104    
      43.800            5.3161            5.2857            5.2857    
      44.000            5.2915            5.2612            5.2612    
      44.200            5.2671            5.2367            5.2367    
      44.400            5.2427            5.2124            5.2124    
      44.600            5.2185            5.1882            5.1882    
      44.800            5.1944            5.1641            5.1641    
      45.000            5.1704            5.1401            5.1401    
      45.200            5.1465            5.1162            5.1162    
      45.400            5.1227            5.0925            5.0925    
      45.600            5.0990            5.0688            5.0688    
      45.800            5.0754            5.0453            5.0453    
      46.000            5.0520            5.0219            5.0219    
      46.200            5.0286            4.9985            4.9985    
      46.400            5.0054            4.9753            4.9753    
      46.600            4.9823            4.9522            4.9522    
      46.800            4.9592            4.9292            4.9292    
      47.000            4.9363            4.9063            4.9063    
      47.200            4.9135            4.8835            4.8835    
      47.400            4.8908            4.8609            4.8609    
      47.600            4.8682            4.8383            4.8383    
      47.800            4.8457            4.8158            4.8158    
      48.000            4.8233            4.7935            4.7935    
      48.200            4.8010            4.7712            4.7712    
      48.400            4.7788            4.7490            4.7490    
      48.600            4.7567            4.7270            4.7270    
      48.800            4.7347            4.7050            4.7050    
      49.000            4.7129            4.6832            4.6832    
      49.200            4.6911            4.6614            4.6614    
      49.400            4.6694            4.6398            4.6398    
      49.600            5.2708            5.2089            5.2089    
      49.800            5.9704            5.9093            5.9093    
      50.000            6.5477            6.4876            6.4876    
      50.200            7.0228            6.9638            6.9638    
      50.400            7.4125            7.3547            7.3547    
      50.600            7.7310            7.6744            7.6744    
      50.800            7.9899            7.9345            7.9345    
      51.000            8.1991            8.1449            8.1449    
      51.200            8.3669            8.3138            8.3138    
      51.400            8.5001            8.4479            8.4479    
      51.600            8.6043            8.5531            8.5531    
      51.800            8.6845            8.6341            8.6341    
      52.000            8.7445            8.6950            8.6950    
      52.200            8.7878            8.7390            8.7390    
      52.400            8.8171            8.7689            8.7689    
      52.600            8.8348            8.7871            8.7871    
      52.800            8.8428            8.7956            8.7956    
      53.000            8.8427            8.7960            8.7960    
      53.200            8.8359            8.7895            8.7895    
      53.400            8.8235            8.7775            8.7775    
      53.600            8.8065            8.7608            8.7608    
      53.800            8.7856            8.7403            8.7403    
      54.000            8.7616            8.7165            8.7165    
      54.200            8.7350            8.6901            8.6901    
      54.400            8.7062            8.6614            8.6614    
      54.600            8.6756            8.6310            8.6310    
      54.800            8.6436            8.5992            8.5992    
      55.000            8.6104            8.5661            8.5661    
      55.200            8.5763            8.5321            8.5321    
      55.400            8.5413            8.4972            8.4972    
      55.600            8.5058            8.4618            8.4618    
      55.800            8.4698            8.4258            8.4258    
      56.000            8.4334            8.3895            8.3895    
      56.200            8.3967            8.3529            8.3529    
      56.400            8.3598            8.3160            8.3160    
      56.600            8.3228            8.2791            8.2791    
      56.800            8.2857            8.2420            8.2420    
      57.000            8.2485            8.2049            8.2049    
      57.200            8.2113            8.1677            8.1677    
      57.400            8.1741            8.1306            8.1306    
      57.600            8.1370            8.0935            8.0935    
      57.800            8.0999            8.0564            8.0564    
      58.000            8.0630            8.0195            8.0195    
      58.200            8.0261            7.9826            7.9826    
      58.400            7.9893            7.9459            7.9459    
      58.600            7.9526            7.9093            7.9093    
      58.800            7.9161            7.8728            7.8728    
      59.000            7.8797            7.8364            7.8364    
      59.200            7.8434            7.8002            7.8002    
      59.400            7.8073            7.7641            7.7641    
      59.600            7.7713            7.7281            7.7281    
      59.800            7.7355            7.6923            7.6923    
      60.000            7.6998            7.6567            7.6567    
      60.200            7.6643            7.6212            7.6212    
      60.400            7.6289            7.5858            7.5858    
      60.600            7.5937            7.5507            7.5507    
      60.800            7.5587            7.5156            7.5156    
      61.000            7.5238            7.4808            7.4808    
      61.200            7.4890            7.4460            7.4460    
      61.400            7.4544            7.4115            7.4115    
      61.600            7.4200            7.3771            7.3771    
      61.800            7.3857            7.3428            7.3428    
      62.000            7.3516            7.3087            7.3087    
      62.200            7.3176            7.2748            7.2748    
      62.400            7.2838            7.2410            7.2410    
      62.600            7.2501            7.2074            7.2074    
      62.800            7.2166            7.1740            7.1740    
      63.000            7.1833            7.1406            7.1406    
      63.200            7.1501            7.1075            7.1075    
      63.400            7.1171            7.0745            7.0745    
      63.600            7.0842            7.0416            7.0416    
      63.800            7.0514            7.0089            7.0089    
      64.000            7.0188            6.9764            6.9764    
      64.200            6.9864            6.9440            6.9440    
      64.400            6.9541            6.9117            6.9117    
      64.600            6.9220            6.8796            6.8796    
      64.800            6.8900            6.8477            6.8477    
      65.000            6.8581            6.8159            6.8159    
      65.200            6.8264            6.7842            6.7842    
      65.400            6.7949            6.7527            6.7527    
      65.600            6.7635            6.7214            6.7214    
      65.800            6.7322            6.6901            6.6901    
      66.000            6.7011            6.6591            6.6591    
      66.200            6.6701            6.6282            6.6282    
      66.400            6.6393            6.5974            6.5974    
      66.600            6.6086            6.5667            6.5667    
      66.800            6.5781            6.5362            6.5362    
      67.000            6.5477            6.5059            6.5059    
      67.200            6.5174            6.4757            6.4757    
      67.400            6.4873            6.4456            6.4456    
      67.600            6.4573            6.4157            6.4157    
      67.800            6.4275            6.3859            6.3859    
      68.000            6.3978            6.3562            6.3562    
      68.200            6.3682            6.3267            6.3267    
      68.400            6.3388            6.2973            6.2973    
      68.600            6.3095            6.2681            6.2681    
      68.800            6.2803            6.2389            6.2389    
      69.000            6.2513            6.2100            6.2100    
      69.200            6.2224            6.1811            6.1811    
      69.400            6.1936            6.1524            6.1524    
      69.600            6.1650            6.1239            6.1239    
      69.800            6.1365            6.0954            6.0954    
      70.000            6.1081            6.0671            6.0671    
      70.200            6.0799            6.0389            6.0389    
      70.400            6.0518            6.0109            6.0109    
      70.600            6.0238            5.9830            5.9830    
      70.800            5.9960            5.9552            5.9552    
      71.000            5.9683            5.9275            5.9275    
      71.200            5.9407            5.9000            5.9000    
      71.400            5.9132            5.8726            5.8726    
      71.600            5.8859            5.8453            5.8453    
      71.800            5.8587            5.8182            5.8182    
      72.000            5.8316            5.7912            5.7912    
      72.200            5.8047            5.7643            5.7643    
      72.400            5.7779            5.7375            5.7375    
      72.600            5.7511            5.7108            5.7108    
      72.800            5.7246            5.6843            5.6843    
      73.000            5.6981            5.6579            5.6579    
      73.200            5.6718            5.6316            5.6316    
      73.400            5.6456            5.6055            5.6055    
      73.600            6.2424            6.1701            6.1701    
      73.800            6.9376            6.8661            6.8661    
      74.000            7.5104            7.4399            7.4399    
      74.200            7.9811            7.9117            7.9117    
      74.400            8.3663            8.2982            8.2982    
      74.600            8.6804            8.6135            8.6135    
      74.800            8.9349            8.8693            8.8693    
      75.000            9.1398            9.0753            9.0753    
      75.200            9.3032            9.2399            9.2399    
      75.400            9.4320            9.3697            9.3697    
      75.600            9.5320            9.4706            9.4706    
      75.800            9.6079            9.5474            9.5474    
      76.000            9.6636            9.6040            9.6040    
      76.200            9.7027            9.6437            9.6437    
      76.400            9.7278            9.6695            9.6695    
      76.600            9.7412            9.6835            9.6835    
      76.800            9.7450            9.6878            9.6878    
      77.000            9.7407            9.6841            9.6841    
      77.200            9.7298            9.6735            9.6735    
      77.400            9.7133            9.6574            9.6574    
      77.600            9.6922            9.6366            9.6366    
      77.800            9.6672            9.6120            9.6120    
      78.000            9.6391            9.5841            9.5841    
      78.200            9.6084            9.5537            9.5537    
      78.400            9.5756            9.5211            9.5211    
      78.600            9.5410            9.4867            9.4867    
      78.800            9.5050            9.4508            9.4508    
      79.000            9.4678            9.4138            9.4138    
      79.200            9.4297            9.3758            9.3758    
      79.400            9.3909            9.3371            9.3371    
      79.600            9.3514            9.2977            9.2977    
      79.800            9.3115            9.2579            9.2579    
      80.000            9.2712            9.2177            9.2177    
      80.200            9.2306            9.1772            9.1772    
      80.400            9.1899            9.1366            9.1366    
      80.600            9.1490            9.0958            9.0958    
      80.800            9.1081            9.0549            9.0549    
      81.000            9.0671            9.0140            9.0140    
      81.200            9.0261            8.9731            8.9731    
      81.400            8.9852            8.9322            8.9322    
      81.600            8.9443            8.8914            8.8914    
      81.800            8.9035            8.8507            8.8507    
      82.000            8.8628            8.8100            8.8100    
      82.200            8.8222            8.7695            8.7695    
      82.400            8.7818            8.7291            8.7291    
      82.600            8.7415            8.6888            8.6888    
      82.800            8.7013            8.6487            8.6487    
      83.000            8.6612            8.6087            8.6087    
      83.200            8.6214            8.5689            8.5689    
      83.400            8.5816            8.5293            8.5293    
      83.600            8.5421            8.4898            8.4898    
      83.800            8.5027            8.4504            8.4504    
      84.000            8.4635            8.4112            8.4112    
      84.200            8.4244            8.3723            8.3723    
      84.400            8.3855            8.3334            8.3334    
      84.600            8.3468            8.2948            8.2948    
      84.800            8.3083            8.2563            8.2563    
      85.000            8.2699            8.2180            8.2180    
      85.200            8.2317            8.1798            8.1798    
      85.400            8.1937            8.1419            8.1419    
      85.600            8.1559            8.1041            8.1041    
      85.800            8.1182            8.0664            8.0664    
      86.000            8.0807            8.0290            8.0290    
      86.200            8.0433            7.9917            7.9917    
      86.400            8.0062            7.9546            7.9546    
      86.600            7.9692            7.9177            7.9177    
      86.800            7.9323            7.8809            7.8809    
      87.000            7.8957            7.8443            7.8443    
      87.200            7.8592            7.8079            7.8079    
      87.400            7.8229            7.7716            7.7716    
      87.600            7.7867            7.7355            7.7355    
      87.800            7.7507            7.6996            7.6996    
      88.000            7.7149            7.6639            7.6639    
      88.200            7.6793            7.6283            7.6283    
      88.400            7.6438            7.5929            7.5929    
      88.600            7.6084            7.5576            7.5576    
      88.800            7.5733            7.5225            7.5225    
      89.000            7.5383            7.4876            7.4876    
      89.200            7.5034            7.4528            7.4528    
      89.400            7.4688            7.4182            7.4182    
      89.600            7.4342            7.3837            7.3837    
      89.800            7.3999            7.3494            7.3494    
      90.000            7.3657            7.3153            7.3153    
      90.200            7.3316            7.2813            7.2813    
      90.400            7.2978            7.2475            7.2475    
      90.600            7.2640            7.2139            7.2139    
      90.800            7.2304            7.1804            7.1804    
      91.000            7.1970            7.1470            7.1470    
      91.200            7.1638            7.1138            7.1138    
      91.400            7.1307            7.0808            7.0808    
      91.600            7.0977            7.0479            7.0479    
      91.800            7.0649            7.0152            7.0152    
      92.000            7.0322            6.9826            6.9826    
      92.200            6.9997            6.9502            6.9502    
      92.400            6.9674            6.9179            6.9179    
      92.600            6.9352            6.8857            6.8857    
      92.800            6.9031            6.8538            6.8538    
      93.000            6.8712            6.8219            6.8219    
      93.200            6.8395            6.7903            6.7903    
      93.400            6.8079            6.7587            6.7587    
      93.600            6.7764            6.7273            6.7273    
      93.800            6.7451            6.6961            6.6961    
      94.000            6.7139            6.6650            6.6650    
      94.200            6.6829            6.6340            6.6340    
      94.400            6.6520            6.6032            6.6032    
      94.600            6.6212            6.5726            6.5726    
      94.800            6.5906            6.5420            6.5420    
      95.000            6.5602            6.5117            6.5117    
      95.200            6.5299            6.4814            6.4814    
      95.400            6.4997            6.4513            6.4513    
      95.600            6.4696            6.4214            6.4214    
      95.800            6.4397            6.3915            6.3915    
      96.000            6.4100            6.3618            6.3618    
      96.200            6.3803            6.3323            6.3323    
      96.400            6.3509            6.3029            6.3029    
      96.600            6.3215            6.2736            6.2736    
      96.800            6.2923            6.2445            6.2445    
      97.000            6.2632            6.2155            6.2155    
      97.200            6.2343            6.1866            6.1866    
      97.400            6.2054            6.1579            6.1579    
      97.600            6.7997            6.7200            6.7200    
      97.800            7.4923            7.4134            7.4134    
      98.000            8.0626            7.9846            7.9846    
      98.200            8.5307            8.4539            8.4539    
      98.400            8.9134            8.8379            8.8379    
      98.600            9.2249            9.1507            9.1507    
      98.800            9.4770            9.4039            9.4039    
      99.000            9.6793            9.6075            9.6075    
      99.200            9.8403            9.7696            9.7696    
      99.400            9.9666            9.8970            9.8970    
      99.600            10.064            9.9955            9.9955    
      99.800            10.137            10.070            10.070    
      100.00            10.191            10.124            10.124    
      100.20            10.227            10.161            10.161    
      100.40            10.250            10.185            10.185    
      100.60            10.261            10.196            10.196    
      100.80            10.262            10.198            10.198    
      101.00            10.256            10.192            10.192    
      101.20            10.242            10.179            10.179    
      101.40            10.224            10.161            10.161    
      101.60            10.200            10.138            10.138    
      101.80            10.173            10.111            10.111    
      102.00            10.142            10.080            10.080    
      102.20            10.109            10.048            10.048    
      102.40            10.074            10.013            10.013    
      102.60            10.037            9.9761            9.9761    
      102.80            9.9991            9.9380            9.9380    
      103.00            9.9596            9.8987            9.8987    
      103.20            9.9192            9.8585            9.8585    
      103.40            9.8781            9.8175            9.8175    
      103.60            9.8364            9.7759            9.7759    
      103.80            9.7942            9.7338            9.7338    
      104.00            9.7517            9.6914            9.6914    
      104.20            9.7089            9.6488            9.6488    
      104.40            9.6660            9.6059            9.6059    
      104.60            9.6229            9.5629            9.5629    
      104.80            9.5798            9.5199            9.5199    
      105.00            9.5366            9.4768            9.4768    
      105.20            9.4935            9.4338            9.4338    
      105.40            9.4504            9.3908            9.3908    
      105.60            9.4073            9.3478            9.3478    
      105.80            9.3644            9.3050            9.3050    
      106.00            9.3216            9.2622            9.2622    
      106.20            9.2789            9.2196            9.2196    
      106.40            9.2363            9.1771            9.1771    
      106.60            9.1939            9.1348            9.1348    
      106.80            9.1516            9.0926            9.0926    
      107.00            9.1095            9.0505            9.0505    
      107.20            9.0676            9.0086            9.0086    
      107.40            9.0258            8.9669            8.9669    
      107.60            8.9842            8.9254            8.9254    
      107.80            8.9427            8.8841            8.8841    
      108.00            8.9015            8.8429            8.8429    
      108.20            8.8604            8.8019            8.8019    
      108.40            8.8195            8.7610            8.7610    
      108.60            8.7788            8.7204            8.7204    
      108.80            8.7382            8.6799            8.6799    
      109.00            8.6979            8.6397            8.6397    
      109.20            8.6577            8.5996            8.5996    
      109.40            8.6177            8.5596            8.5596    
      109.60            8.5779            8.5199            8.5199    
      109.80            8.5383            8.4804            8.4804    
      110.00            8.4988            8.4410            8.4410    
      110.20            8.4596            8.4018            8.4018    
      110.40            8.4205            8.3628            8.3628    
      110.60            8.3816            8.3240            8.3240    
      110.80            8.3428            8.2853            8.2853    
      111.00            8.3043            8.2468            8.2468    
      111.20            8.2659            8.2085            8.2085    
      111.40            8.2277            8.1704            8.1704    
      111.60            8.1897            8.1325            8.1325    
      111.80            8.1518            8.0947            8.0947    
      112.00            8.1142            8.0571            8.0571    
      112.20            8.0767            8.0197            8.0197    
      112.40            8.0393            7.9825            7.9825    
      112.60            8.0022            7.9454            7.9454    
      112.80            7.9652            7.9085            7.9085    
      113.00            7.9284            7.8718            7.8718    
      113.20            7.8917            7.8352            7.8352    
      113.40            7.8553            7.7988            7.7988    
      113.60            7.8190            7.7626            7.7626    
      113.80            7.7828            7.7266            7.7266    
      114.00            7.7468            7.6907            7.6907    
      114.20            7.7110            7.6550            7.6550    
      114.40            7.6754            7.6194            7.6194    
      114.60            7.6399            7.5840            7.5840    
      114.80            7.6046            7.5488            7.5488    
      115.00            7.5695            7.5137            7.5137    
      115.20            7.5345            7.4788            7.4788    
      115.40            7.4997            7.4441            7.4441    
      115.60            7.4650            7.4095            7.4095    
      115.80            7.4305            7.3751            7.3751    
      116.00            7.3962            7.3409            7.3409    
      116.20            7.3620            7.3068            7.3068    
      116.40            7.3279            7.2728            7.2728    
      116.60            7.2941            7.2391            7.2391    
      116.80            7.2604            7.2055            7.2055    
      117.00            7.2268            7.1720            7.1720    
      117.20            7.1934            7.1387            7.1387    
      117.40            7.1602            7.1055            7.1055    
      117.60            7.1271            7.0725            7.0725    
      117.80            7.0941            7.0397            7.0397    
      118.00            7.0613            7.0070            7.0070    
      118.20            7.0287            6.9744            6.9744    
      118.40            6.9962            6.9421            6.9421    
      118.60            6.9639            6.9098            6.9098    
      118.80            6.9317            6.8777            6.8777    
      119.00            6.8997            6.8458            6.8458    
      119.20            6.8678            6.8140            6.8140    
      119.40            6.8360            6.7823            6.7823    
      119.60            6.8044            6.7508            6.7508    
      119.80            6.7730            6.7195            6.7195    
      120.00            6.7417            6.6883            6.6883    
      120.20            6.7105            6.6572            6.6572    
      120.40            6.6795            6.6263            6.6263    
      120.60            6.6486            6.5955            6.5955    
      120.80            6.6179            6.5649            6.5649    
      121.00            6.5873            6.5344            6.5344    
      121.20            6.5569            6.5041            6.5041    
      121.40            6.5266            6.4739            6.4739    
      121.60            7.1194            7.0345            7.0345    
      121.80            7.8105            7.7264            7.7264    
      122.00            8.3793            8.2962            8.2962    
      122.20            8.8459            8.7640            8.7640    
      122.40            9.2272            9.1466            9.1466    
      122.60            9.5372            9.4579            9.4579    
      122.80            9.7878            9.7098            9.7098    
      123.00            9.9888            9.9120            9.9120    
      123.20            10.148            10.073            10.073    
      123.40            10.273            10.199            10.199    
      123.60            10.369            10.296            10.296    
      123.80            10.441            10.369            10.369    
      124.00            10.493            10.421            10.421    
      124.20            10.528            10.457            10.457    
      124.40            10.550            10.479            10.479    
      124.60            10.559            10.490            10.490    
      124.80            10.559            10.490            10.490    
      125.00            10.551            10.483            10.483    
      125.20            10.537            10.468            10.468    
      125.40            10.516            10.449            10.449    
      125.60            10.491            10.424            10.424    
      125.80            10.463            10.396            10.396    
      126.00            10.431            10.364            10.364    
      126.20            10.397            10.330            10.330    
      126.40            10.360            10.294            10.294    
      126.60            10.322            10.256            10.256    
      126.80            10.282            10.217            10.217    
      127.00            10.242            10.176            10.176    
      127.20            10.200            10.135            10.135    
      127.40            10.158            10.092            10.092    
      127.60            10.115            10.049            10.049    
      127.80            10.071            10.006            10.006    
      128.00            10.027            9.9624            9.9624    
      128.20            9.9833            9.9185            9.9185    
      128.40            9.9390            9.8744            9.8744    
      128.60            9.8947            9.8302            9.8302    
      128.80            9.8503            9.7859            9.7859    
      129.00            9.8059            9.7416            9.7416    
      129.20            9.7615            9.6973            9.6973    
      129.40            9.7172            9.6531            9.6531    
      129.60            9.6729            9.6089            9.6089    
      129.80            9.6288            9.5648            9.5648    
      130.00            9.5847            9.5209            9.5209    
      130.20            9.5408            9.4770            9.4770    
      130.40            9.4970            9.4334            9.4334    
      130.60            9.4534            9.3898            9.3898    
      130.80            9.4099            9.3464            9.3464    
      131.00            9.3666            9.3032            9.3032    
      131.20            9.3235            9.2602            9.2602    
      131.40            9.2805            9.2173            9.2173    
      131.60            9.2377            9.1746            9.1746    
      131.80            9.1951            9.1321            9.1321    
      132.00            9.1527            9.0898            9.0898    
      132.20            9.1105            9.0476            9.0476    
      132.40            9.0684            9.0056            9.0056    
      132.60            9.0265            8.9639            8.9639    
      132.80            8.9848            8.9223            8.9223    
      133.00            8.9434            8.8809            8.8809    
      133.20            8.9020            8.8397            8.8397    
      133.40            8.8609            8.7986            8.7986    
      133.60            8.8200            8.7578            8.7578    
      133.80            8.7792            8.7171            8.7171    
      134.00            8.7387            8.6767            8.6767    
      134.20            8.6983            8.6364            8.6364    
      134.40            8.6581            8.5963            8.5963    
      134.60            8.6181            8.5564            8.5564    
      134.80            8.5783            8.5166            8.5166    
      135.00            8.5386            8.4771            8.4771    
      135.20            8.4992            8.4377            8.4377    
      135.40            8.4599            8.3985            8.3985    
      135.60            8.4208            8.3595            8.3595    
      135.80            8.3819            8.3207            8.3207    
      136.00            8.3431            8.2821            8.2821    
      136.20            8.3046            8.2436            8.2436    
      136.40            8.2662            8.2053            8.2053    
      136.60            8.2280            8.1672            8.1672    
      136.80            8.1900            8.1293            8.1293    
      137.00            8.1521            8.0915            8.0915    
      137.20            8.1144            8.0540            8.0540    
      137.40            8.0769            8.0166            8.0166    
      137.60            8.0396            7.9793            7.9793    
      137.80            8.0024            7.9423            7.9423    
      138.00            7.9655            7.9054            7.9054    
      138.20            7.9286            7.8687            7.8687    
      138.40            7.8920            7.8321            7.8321    
      138.60            7.8555            7.7957            7.7957    
      138.80            7.8192            7.7595            7.7595    
      139.00            7.7831            7.7235            7.7235    
      139.20            7.7471            7.6876            7.6876    
      139.40            7.7113            7.6519            7.6519    
      139.60            7.6757            7.6164            7.6164    
      139.80            7.6402            7.5810            7.5810    
      140.00            7.6049            7.5458            7.5458    
      140.20            7.5697            7.5108            7.5108    
      140.40            7.5347            7.4759            7.4759    
      140.60            7.4999            7.4412            7.4412    
      140.80            7.4653            7.4066            7.4066    
      141.00            7.4308            7.3722            7.3722    
      141.20            7.3964            7.3380            7.3380    
      141.40            7.3622            7.3039            7.3039    
      141.60            7.3282            7.2700            7.2700    
      141.80            7.2943            7.2362            7.2362    
      142.00            7.2606            7.2026            7.2026    
      142.20            7.2271            7.1692            7.1692    
      142.40            7.1937            7.1359            7.1359    
      142.60            7.1604            7.1027            7.1027    
      142.80            7.1273            7.0697            7.0697    
      143.00            7.0944            7.0369            7.0369    
      143.20            7.0616            7.0042            7.0042    
      143.40            7.0289            6.9717            6.9717    
      143.60            6.9965            6.9393            6.9393    
      143.80            6.9641            6.9071            6.9071    
      144.00            6.9319            6.8750            6.8750    
      144.20            6.8999            6.8431            6.8431    
      144.40            6.8680            6.8113            6.8113    
      144.60            6.8363            6.7797            6.7797    
      144.80            6.8047            6.7482            6.7482    
      145.00            6.7732            6.7168            6.7168    
      145.20            6.7419            6.6857            6.6857    
      145.40            6.7108            6.6546            6.6546    
      145.60            6.6797            6.6237            6.6237    
      145.80            6.6489            6.5929            6.5929    
      146.00            6.6181            6.5623            6.5623    
      146.20            6.5875            6.5318            6.5318    
      146.40            6.5571            6.5015            6.5015    
      146.60            6.5268            6.4713            6.4713    
      146.80            6.4966            6.4413            6.4413    
      147.00            6.4666            6.4113            6.4113    
      147.20            6.4367            6.3816            6.3816    
      147.40            6.4070            6.3519            6.3519    
      147.60            6.3774            6.3224            6.3224    
      147.80            6.3479            6.2931            6.2931    
      148.00            6.3185            6.2638            6.2638    
      148.20            6.2893            6.2348            6.2348    
      148.40            6.2603            6.2058            6.2058    
      148.60            6.2313            6.1770            6.1770    
      148.80            6.2025            6.1483            6.1483    
      149.00            6.1739            6.1197            6.1197    
      149.20            6.1453            6.0913            6.0913    
      149.40            6.1169            6.0630            6.0630    
      149.60            6.0887            6.0349            6.0349    
      149.80            6.0605            6.0068            6.0068    
      150.00            6.0325            5.9789            5.9789    
      150.20            6.0046            5.9512            5.9512    
      150.40            5.9769            5.9235            5.9235    
      150.60            5.9493            5.8960            5.8960    
      150.80            5.9218            5.8686            5.8686    
      151.00            5.8944            5.8414            5.8414    
      151.20            5.8671            5.8143            5.8143    
      151.40            5.8400            5.7873            5.7873    
      151.60            5.8130            5.7604            5.7604    
      151.80            5.7862            5.7336            5.7336    
      152.00            5.7594            5.7070            5.7070    
      152.20            5.7328            5.6805            5.6805    
      152.40            5.7063            5.6541            5.6541    
      152.60            5.6799            5.6279            5.6279    
      152.80            5.6537            5.6017            5.6017    
      153.00            5.6276            5.5757            5.5757    
      153.20            5.6015            5.5498            5.5498    
      153.40            5.5757            5.5240            5.5240    
      153.60            5.5499            5.4984            5.4984    
      153.80            5.5242            5.4728            5.4728    
      154.00            5.4987            5.4474            5.4474    
      154.20            5.4733            5.4221            5.4221    
      154.40            5.4480            5.3969            5.3969    
      154.60            5.4228            5.3719            5.3719    
      154.80            5.3978            5.3469            5.3469    
      155.00            5.3728            5.3221            5.3221    
      155.20            5.3480            5.2974            5.2974    
      155.40            5.3233            5.2728            5.2728    
      155.60            5.2987            5.2483            5.2483    
      155.80            5.2742            5.2239            5.2239    
      156.00            5.2498            5.1997            5.1997    
      156.20            5.2255            5.1755            5.1755    
      156.40            5.2014            5.1515            5.1515    
      156.60            5.1773            5.1276            5.1276    
      156.80            5.1534            5.1037            5.1037    
      157.00            5.1296            5.0800            5.0800    
      157.20            5.1059            5.0564            5.0564    
      157.40            5.0823            5.0330            5.0330    
      157.60            5.0588            5.0096            5.0096    
      157.80            5.0354            4.9863            4.9863    
      158.00            5.0121            4.9632            4.9632    
      158.20            4.9890            4.9401            4.9401    
      158.40            4.9659            4.9172            4.9172    
      158.60            4.9430            4.8943            4.8943    
      158.80            4.9201            4.8716            4.8716    
      159.00            4.8974            4.8490            4.8490    
      159.20            4.8747            4.8265            4.8265    
      159.40            4.8522            4.8040            4.8040    
      159.60            4.8298            4.7817            4.7817    
      159.80            4.8075            4.7595            4.7595    
      160.00            4.7852            4.7374            4.7374    
      160.20            4.7631            4.7154            4.7154    
      160.40            4.7411            4.6935            4.6935    
      160.60            4.7192            4.6717            4.6717    
      160.80            4.6974            4.6500            4.6500    
      161.00            4.6757            4.6284            4.6284    
      161.20            4.6541            4.6069            4.6069    
      161.40            4.6326            4.5855            4.5855    
      161.60            4.6111            4.5642            4.5642    
      161.80            4.5898            4.5431            4.5431    
      162.00            4.5686            4.5220            4.5220    
      162.20            4.5475            4.5010            4.5010    
      162.40            4.5265            4.4800            4.4800    
      162.60            4.5056            4.4592            4.4592    
      162.80            4.4847            4.4385            4.4385    
      163.00            4.4640            4.4179            4.4179    
      163.20            4.4434            4.3974            4.3974    
      163.40            4.4228            4.3770            4.3770    
      163.60            4.4024            4.3567            4.3567    
      163.80            4.3821            4.3364            4.3364    
      164.00            4.3618            4.3163            4.3163    
      164.20            4.3416            4.2962            4.2962    
      164.40            4.3216            4.2763            4.2763    
      164.60            4.3016            4.2564            4.2564    
      164.80            4.2817            4.2367            4.2367    
      165.00            4.2619            4.2170            4.2170    
      165.20            4.2422            4.1974            4.1974    
      165.40            4.2226            4.1779            4.1779    
      165.60            4.2031            4.1585            4.1585    
      165.80            4.1837            4.1392            4.1392    
      166.00            4.1644            4.1200            4.1200    
      166.20            4.1451            4.1008            4.1008    
      166.40            4.1259            4.0818            4.0818    
      166.60            4.1069            4.0628            4.0628    
      166.80            4.0879            4.0440            4.0440    
      167.00            4.0690            4.0252            4.0252    
      167.20            4.0502            4.0065            4.0065    
      167.40            4.0315            3.9879            3.9879    
      167.60            4.0128            3.9694            3.9694    
      167.80            3.9943            3.9509            3.9509    
      168.00            3.9758            3.9326            3.9326    


  SUBJECT NO.     1 ...  OUTPUT EQUATION NO.  1

     TIMES                   OBSERVED VALUES          PREDICTED VALUES, BASED ON POSTERIOR MEANS; THEN MEDIANS; THEN MODES
--------------------------------------------------------------------------------------------------------------------------
      120.00            7.0900            6.7417            6.6883            6.6883    
      121.03            6.1800            6.5827            6.5299            6.5299    
      122.13            8.6600            8.6931            8.6108            8.6108    
      126.00            11.160            10.431            10.364            10.364    
      129.00            9.5100            9.8059            9.7416            9.7416    
      132.00            8.1400            9.1527            9.0898            9.0898    
      144.00            7.8900            6.9319            6.8750            6.8750    


