  icycle     fobj1          gamma          res     grid points (start and end)
    1      -6.204487       4.545455      0.20000     20011    1
    2      -5.575955       3.787879      0.20000         6    1
    3      -4.397663       2.705628      0.20000         6    1
    4      -2.350128       1.503126      0.20000         6    1
    5       0.356839       1.503126      0.20000         6    1
    6       0.356839       1.503126      0.10000         7    1
    7       0.356839       1.073662      0.05000         8    1
    8       0.757676       1.073662      0.05000         8    1
    9       0.759966       1.073662      0.02500         8    1
   10       0.759966       1.073662      0.02500         9    1
   11       1.155443       1.073662      0.01250         9    1
   12       1.444608       1.022535      0.01250         9    1
   13       1.543659       1.022535      0.01250         9    1
   14       1.753735       1.022535      0.01250         9    1
   15       2.109410       0.997595      0.01250         9    1
   16       2.278193       0.950091      0.01250         9    1
   17       2.342423       0.950091      0.01250         9    1
   18       2.360329       0.904848      0.01250         9    1
   19       2.369388       0.904848      0.01250         8    1
   20       2.507953       0.904848      0.00625         9    1
   21       2.664610       0.882779      0.00625         9    1
   22       2.766214       0.882779      0.00625         9    1
   23       2.807618       0.861248      0.00625         9    1
   24       3.008950       0.820236      0.00625         9    1
   25       3.150451       0.820236      0.00625         9    1
   26       3.209282       0.820236      0.00625         9    1
   27       3.310683       0.800230      0.00625         8    1
   28       3.327979       0.800230      0.00625         8    1
   29       3.327979       0.800230      0.00625         7    1
   30       3.428144       0.790351      0.00313         9    1
   31       3.453094       0.790351      0.00313         8    1
   32       3.466962       0.780593      0.00313         8    1
   33       3.467745       0.780593      0.00313         7    1
   34       3.505212       0.780593      0.00156         9    1
   35       3.512270       0.780593      0.00156         8    1
   36       3.512270       0.780593      0.00156         7    1
   37       3.529161       0.772865      0.00078         9    1
   38       3.533273       0.772865      0.00078         8    1
   39       3.536757       0.772865      0.00078         8    1
   40       3.537073       0.772865      0.00078         7    1
   41       3.537073       0.772865      0.00078         7    1
   42       3.547350       0.772865      0.00039         9    1
   43       3.548846       0.772865      0.00039         8    1
   44       3.549321       0.772865      0.00039         7    1
   45       3.549321       0.772865      0.00039         7    1
   46       3.554220       0.772865      0.00020         8    1
   47       3.554232       0.772865      0.00020         7    1
 res set to .2  checkbig=   1.0000000000000000E+030
   48       3.554232       0.772865      0.20000         6    1
   49       3.554232       0.772865      0.10000         7    1
   50       3.554232       0.772865      0.05000         7    1
   51       3.554232       0.772865      0.02500         7    1
   52       3.554232       0.772865      0.01250         7    1
   53       3.554232       0.772865      0.00625         7    1
   54       3.554232       0.772865      0.00313         7    1
   55       3.554232       0.772865      0.00156         7    1
   56       3.554232       0.772865      0.00078         7    1
   57       3.554232       0.772865      0.00039         7    1
   58       3.554232       0.772865      0.00020         7    1
 res set to .2  checkbig=   0.0000000000000000     
