  SUBJECT NO.     1

 COL. 1. = PREDICTION TIMES
 COL. 2. = PRED. VALUES FOR OUTPUT EQ. 1, BASED ON POSTERIOR MEANS
 COL. 3. = PRED. VALUES FOR OUTPUT EQ. 1, BASED ON POSTERIOR MEDIANS
 COL. 4. = PRED. VALUES FOR OUTPUT EQ. 1, BASED ON POSTERIOR MODES
 EACH ADDITIONAL OUTPUT EQ. HAS 3 COLUMNS OF PREDICTED VALUES
 BASED, IN ORDER, ON THE POSTERIOR MEANS, MEDIANS, AND MODES: 
-------------------------------------------------------------
      0.0000            0.0000            0.0000            0.0000    
     0.20000            0.0000            0.0000            0.0000    
     0.40000            0.0000            0.0000            0.0000    
     0.60000            0.0000            0.0000            0.0000    
     0.80000           0.51788           0.58932           0.58932    
      1.0000            1.2459            1.3049            1.3049    
      1.2000            1.8449            1.8941            1.8941    
      1.4000            2.3362            2.3776            2.3776    
      1.6000            2.7377            2.7730            2.7730    
      1.8000            3.0643            3.0948            3.0948    
      2.0000            3.3284            3.3552            3.3552    
      2.2000            3.5405            3.5642            3.5642    
      2.4000            3.7091            3.7306            3.7306    
      2.6000            3.8415            3.8613            3.8613    
      2.8000            3.9438            3.9622            3.9622    
      3.0000            4.0210            4.0385            4.0385    
      3.2000            4.0774            4.0941            4.0941    
      3.4000            4.1165            4.1327            4.1327    
      3.6000            4.1411            4.1570            4.1570    
      3.8000            4.1539            4.1695            4.1695    
      4.0000            4.1568            4.1722            4.1722    
      4.2000            4.1515            4.1669            4.1669    
      4.4000            4.1395            4.1548            4.1548    
      4.6000            4.1220            4.1373            4.1373    
      4.8000            4.1000            4.1152            4.1152    
      5.0000            4.0742            4.0895            4.0895    
      5.2000            4.0454            4.0607            4.0607    
      5.4000            4.0142            4.0296            4.0296    
      5.6000            3.9810            3.9965            3.9965    
      5.8000            3.9462            3.9618            3.9618    
      6.0000            3.9103            3.9259            3.9259    
      6.2000            3.8734            3.8890            3.8890    
      6.4000            3.8358            3.8515            3.8515    
      6.6000            3.7977            3.8134            3.8134    
      6.8000            3.7592            3.7750            3.7750    
      7.0000            3.7205            3.7363            3.7363    
      7.2000            3.6816            3.6975            3.6975    
      7.4000            3.6428            3.6587            3.6587    
      7.6000            3.6040            3.6200            3.6200    
      7.8000            3.5653            3.5813            3.5813    
      8.0000            3.5268            3.5428            3.5428    
      8.2000            3.4885            3.5046            3.5046    
      8.4000            3.4505            3.4665            3.4665    
      8.6000            3.4127            3.4287            3.4287    
      8.8000            3.3752            3.3913            3.3913    
      9.0000            3.3380            3.3541            3.3541    
      9.2000            3.3012            3.3172            3.3172    
      9.4000            3.2646            3.2807            3.2807    
      9.6000            3.2285            3.2445            3.2445    
      9.8000            3.1927            3.2087            3.2087    
      10.000            3.1572            3.1732            3.1732    
      10.200            3.1221            3.1381            3.1381    
      10.400            3.0873            3.1034            3.1034    
      10.600            3.0530            3.0690            3.0690    
      10.800            3.0189            3.0349            3.0349    
      11.000            2.9853            3.0012            3.0012    
      11.200            2.9520            2.9679            2.9679    
      11.400            2.9190            2.9350            2.9350    
      11.600            2.8865            2.9024            2.9024    
      11.800            2.8542            2.8701            2.8701    
      12.000            2.8224            2.8382            2.8382    
      12.200            2.7909            2.8067            2.8067    
      12.400            2.7597            2.7755            2.7755    
      12.600            2.7289            2.7446            2.7446    
      12.800            2.6984            2.7141            2.7141    
      13.000            2.6682            2.6839            2.6839    
      13.200            2.6384            2.6541            2.6541    
      13.400            2.6089            2.6245            2.6245    
      13.600            2.5798            2.5953            2.5953    
      13.800            2.5509            2.5665            2.5665    
      14.000            2.5224            2.5379            2.5379    
      14.200            2.4942            2.5097            2.5097    
      14.400            2.4664            2.4818            2.4818    
      14.600            2.4388            2.4542            2.4542    
      14.800            2.4115            2.4269            2.4269    
      15.000            2.3846            2.3999            2.3999    
      15.200            2.3579            2.3732            2.3732    
      15.400            2.3316            2.3468            2.3468    
      15.600            2.3055            2.3206            2.3206    
      15.800            2.2797            2.2948            2.2948    
      16.000            2.2543            2.2693            2.2693    
      16.200            2.2291            2.2440            2.2440    
      16.400            2.2041            2.2191            2.2191    
      16.600            2.1795            2.1944            2.1944    
      16.800            2.1551            2.1700            2.1700    
      17.000            2.1311            2.1458            2.1458    
      17.200            2.1072            2.1220            2.1220    
      17.400            2.0837            2.0983            2.0983    
      17.600            2.0604            2.0750            2.0750    
      17.800            2.0374            2.0519            2.0519    
      18.000            2.0146            2.0291            2.0291    
      18.200            1.9921            2.0065            2.0065    
      18.400            1.9698            1.9842            1.9842    
      18.600            1.9478            1.9621            1.9621    
      18.800            1.9260            1.9403            1.9403    
      19.000            1.9045            1.9187            1.9187    
      19.200            1.8832            1.8973            1.8973    
      19.400            1.8621            1.8762            1.8762    
      19.600            1.8413            1.8553            1.8553    
      19.800            1.8207            1.8347            1.8347    
      20.000            1.8004            1.8143            1.8143    
      20.200            1.7803            1.7941            1.7941    
      20.400            1.7604            1.7741            1.7741    
      20.600            1.7407            1.7544            1.7544    
      20.800            1.7212            1.7349            1.7349    
      21.000            1.7020            1.7156            1.7156    
      21.200            1.6830            1.6965            1.6965    
      21.400            1.6641            1.6776            1.6776    
      21.600            1.6455            1.6589            1.6589    
      21.800            1.6271            1.6405            1.6405    
      22.000            1.6090            1.6222            1.6222    
      22.200            1.5910            1.6042            1.6042    
      22.400            1.5732            1.5863            1.5863    
      22.600            1.5556            1.5687            1.5687    
      22.800            1.5382            1.5512            1.5512    
      23.000            1.5210            1.5340            1.5340    
      23.200            1.5040            1.5169            1.5169    
      23.400            1.4872            1.5000            1.5000    
      23.600            1.4706            1.4833            1.4833    
      23.800            1.4541            1.4668            1.4668    
      24.000            1.4379            1.4505            1.4505    
      24.200            1.4218            1.4344            1.4344    
      24.400            1.4059            1.4184            1.4184    
      24.600            1.3902            1.4026            1.4026    
      24.800            1.8925            1.9763            1.9763    
      25.000            2.6052            2.6765            2.6765    
      25.200            3.1890            3.2504            3.2504    
      25.400            3.6653            3.7189            3.7189    
      25.600            4.0520            4.0993            4.0993    
      25.800            4.3639            4.4064            4.4064    
      26.000            4.6134            4.6521            4.6521    
      26.200            4.8111            4.8468            4.8468    
      26.400            4.9655            4.9988            4.9988    
      26.600            5.0839            5.1154            5.1154    
      26.800            5.1723            5.2024            5.2024    
      27.000            5.2358            5.2649            5.2649    
      27.200            5.2786            5.3069            5.3069    
      27.400            5.3042            5.3319            5.3319    
      27.600            5.3156            5.3429            5.3429    
      27.800            5.3153            5.3422            5.3422    
      28.000            5.3052            5.3319            5.3319    
      28.200            5.2871            5.3136            5.3136    
      28.400            5.2624            5.2888            5.2888    
      28.600            5.2323            5.2587            5.2587    
      28.800            5.1978            5.2241            5.2241    
      29.000            5.1598            5.1861            5.1861    
      29.200            5.1189            5.1451            5.1451    
      29.400            5.0756            5.1019            5.1019    
      29.600            5.0306            5.0568            5.0568    
      29.800            4.9841            5.0104            5.0104    
      30.000            4.9365            4.9628            4.9628    
      30.200            4.8882            4.9144            4.9144    
      30.400            4.8392            4.8654            4.8654    
      30.600            4.7899            4.8161            4.8161    
      30.800            4.7403            4.7665            4.7665    
      31.000            4.6906            4.7168            4.7168    
      31.200            4.6410            4.6671            4.6671    
      31.400            4.5914            4.6175            4.6175    
      31.600            4.5420            4.5681            4.5681    
      31.800            4.4929            4.5189            4.5189    
      32.000            4.4440            4.4700            4.4700    
      32.200            4.3954            4.4214            4.4214    
      32.400            4.3472            4.3731            4.3731    
      32.600            4.2994            4.3253            4.3253    
      32.800            4.2520            4.2778            4.2778    
      33.000            4.2050            4.2308            4.2308    
      33.200            4.1585            4.1842            4.1842    
      33.400            4.1124            4.1380            4.1380    
      33.600            4.0667            4.0923            4.0923    
      33.800            4.0215            4.0470            4.0470    
      34.000            3.9768            4.0022            4.0022    
      34.200            3.9325            3.9579            3.9579    
      34.400            3.8887            3.9140            3.9140    
      34.600            3.8454            3.8706            3.8706    
      34.800            3.8025            3.8276            3.8276    
      35.000            3.7601            3.7851            3.7851    
      35.200            3.7182            3.7431            3.7431    
      35.400            3.6767            3.7015            3.7015    
      35.600            3.6356            3.6604            3.6604    
      35.800            3.5950            3.6197            3.6197    
      36.000            3.5549            3.5795            3.5795    
      36.200            3.5152            3.5397            3.5397    
      36.400            3.4759            3.5003            3.5003    
      36.600            3.4371            3.4614            3.4614    
      36.800            3.3987            3.4229            3.4229    
      37.000            3.3607            3.3848            3.3848    
      37.200            3.3231            3.3472            3.3472    
      37.400            3.2860            3.3099            3.3099    
      37.600            3.2493            3.2731            3.2731    
      37.800            3.2129            3.2367            3.2367    
      38.000            3.1770            3.2007            3.2007    
      38.200            3.1415            3.1651            3.1651    
      38.400            3.1064            3.1299            3.1299    
      38.600            3.0717            3.0951            3.0951    
      38.800            3.0374            3.0606            3.0606    
      39.000            3.0034            3.0266            3.0266    
      39.200            2.9698            2.9929            2.9929    
      39.400            2.9366            2.9596            2.9596    
      39.600            2.9038            2.9267            2.9267    
      39.800            2.8714            2.8941            2.8941    
      40.000            2.8393            2.8619            2.8619    
      40.200            2.8075            2.8301            2.8301    
      40.400            2.7761            2.7986            2.7986    
      40.600            2.7451            2.7674            2.7674    
      40.800            2.7144            2.7367            2.7367    
      41.000            2.6841            2.7062            2.7062    
      41.200            2.6541            2.6761            2.6761    
      41.400            2.6244            2.6463            2.6463    
      41.600            2.5951            2.6169            2.6169    
      41.800            2.5661            2.5878            2.5878    
      42.000            2.5374            2.5590            2.5590    
      42.200            2.5090            2.5305            2.5305    
      42.400            2.4810            2.5023            2.5023    
      42.600            2.4532            2.4745            2.4745    
      42.800            2.4258            2.4470            2.4470    
      43.000            2.3987            2.4197            2.4197    
      43.200            2.3719            2.3928            2.3928    
      43.400            2.3454            2.3662            2.3662    
      43.600            2.3192            2.3399            2.3399    
      43.800            2.2932            2.3138            2.3138    
      44.000            2.2676            2.2881            2.2881    
      44.200            2.2422            2.2626            2.2626    
      44.400            2.2172            2.2374            2.2374    
      44.600            2.1924            2.2125            2.2125    
      44.800            2.1679            2.1879            2.1879    
      45.000            2.1437            2.1636            2.1636    
      45.200            2.1197            2.1395            2.1395    
      45.400            2.0960            2.1157            2.1157    
      45.600            2.0726            2.0922            2.0922    
      45.800            2.0494            2.0689            2.0689    
      46.000            2.0265            2.0459            2.0459    
      46.200            2.0038            2.0231            2.0231    
      46.400            1.9814            2.0006            2.0006    
      46.600            1.9593            1.9783            1.9783    
      46.800            1.9374            1.9563            1.9563    
      47.000            1.9157            1.9346            1.9346    
      47.200            1.8943            1.9130            1.9130    
      47.400            1.8731            1.8917            1.8917    
      47.600            1.8522            1.8707            1.8707    
      47.800            1.8315            1.8499            1.8499    
      48.000            1.8110            1.8293            1.8293    
      48.200            1.7908            1.8089            1.8089    
      48.400            1.7708            1.7888            1.7888    
      48.600            1.7510            1.7689            1.7689    
      48.800            2.2493            2.3385            2.3385    
      49.000            2.9579            3.0347            3.0347    
      49.200            3.5378            3.6046            3.6046    
      49.400            4.0102            4.0691            4.0691    
      49.600            4.3930            4.4457            4.4457    
      49.800            4.7011            4.7489            4.7489    
      50.000            4.9469            4.9908            4.9908    
      50.200            5.1408            5.1817            5.1817    
      50.400            5.2915            5.3300            5.3300    
      50.600            5.4063            5.4429            5.4429    
      50.800            5.4911            5.5263            5.5263    
      51.000            5.5510            5.5851            5.5851    
      51.200            5.5903            5.6236            5.6236    
      51.400            5.6124            5.6451            5.6451    
      51.600            5.6204            5.6526            5.6526    
      51.800            5.6166            5.6485            5.6485    
      52.000            5.6032            5.6347            5.6347    
      52.200            5.5817            5.6131            5.6131    
      52.400            5.5538            5.5850            5.5850    
      52.600            5.5204            5.5515            5.5515    
      52.800            5.4827            5.5137            5.5137    
      53.000            5.4415            5.4724            5.4724    
      53.200            5.3974            5.4283            5.4283    
      53.400            5.3511            5.3819            5.3819    
      53.600            5.3030            5.3337            5.3337    
      53.800            5.2534            5.2842            5.2842    
      54.000            5.2029            5.2336            5.2336    
      54.200            5.1515            5.1822            5.1822    
      54.400            5.0996            5.1302            5.1302    
      54.600            5.0474            5.0779            5.0779    
      54.800            4.9949            5.0254            5.0254    
      55.000            4.9424            4.9729            4.9729    
      55.200            4.8899            4.9203            4.9203    
      55.400            4.8376            4.8679            4.8679    
      55.600            4.7854            4.8157            4.8157    
      55.800            4.7336            4.7637            4.7637    
      56.000            4.6820            4.7121            4.7121    
      56.200            4.6308            4.6608            4.6608    
      56.400            4.5800            4.6099            4.6099    
      56.600            4.5295            4.5594            4.5594    
      56.800            4.4796            4.5093            4.5093    
      57.000            4.4300            4.4597            4.4597    
      57.200            4.3810            4.4106            4.4106    
      57.400            4.3324            4.3619            4.3619    
      57.600            4.2843            4.3137            4.3137    
      57.800            4.2367            4.2660            4.2660    
      58.000            4.1895            4.2187            4.2187    
      58.200            4.1429            4.1720            4.1720    
      58.400            4.0967            4.1257            4.1257    
      58.600            4.0511            4.0799            4.0799    
      58.800            4.0059            4.0346            4.0346    
      59.000            3.9612            3.9898            3.9898    
      59.200            3.9170            3.9455            3.9455    
      59.400            3.8733            3.9017            3.9017    
      59.600            3.8300            3.8583            3.8583    
      59.800            3.7872            3.8155            3.8155    
      60.000            3.7450            3.7730            3.7730    
      60.200            3.7031            3.7311            3.7311    
      60.400            3.6617            3.6896            3.6896    
      60.600            3.6208            3.6486            3.6486    
      60.800            3.5804            3.6080            3.6080    
      61.000            3.5404            3.5679            3.5679    
      61.200            3.5008            3.5282            3.5282    
      61.400            3.4617            3.4889            3.4889    
      61.600            3.4230            3.4501            3.4501    
      61.800            3.3847            3.4117            3.4117    
      62.000            3.3469            3.3738            3.3738    
      62.200            3.3095            3.3363            3.3363    
      62.400            3.2725            3.2991            3.2991    
      62.600            3.2359            3.2624            3.2624    
      62.800            3.1998            3.2261            3.2261    
      63.000            3.1640            3.1902            3.1902    
      63.200            3.1286            3.1547            3.1547    
      63.400            3.0937            3.1196            3.1196    
      63.600            3.0591            3.0849            3.0849    
      63.800            3.0249            3.0506            3.0506    
      64.000            2.9911            3.0167            3.0167    
      64.200            2.9576            2.9831            2.9831    
      64.400            2.9246            2.9499            2.9499    
      64.600            2.8919            2.9171            2.9171    
      64.800            2.8596            2.8846            2.8846    
      65.000            2.8276            2.8525            2.8525    
      65.200            2.7960            2.8208            2.8208    
      65.400            2.7647            2.7894            2.7894    
      65.600            2.7338            2.7584            2.7584    
      65.800            2.7033            2.7277            2.7277    
      66.000            2.6731            2.6973            2.6973    
      66.200            2.6432            2.6673            2.6673    
      66.400            2.6136            2.6376            2.6376    
      66.600            2.5844            2.6083            2.6083    
      66.800            2.5555            2.5793            2.5793    
      67.000            2.5270            2.5506            2.5506    
      67.200            2.4987            2.5222            2.5222    
      67.400            2.4708            2.4941            2.4941    
      67.600            2.4432            2.4664            2.4664    
      67.800            2.4158            2.4389            2.4389    
      68.000            2.3888            2.4118            2.4118    
      68.200            2.3621            2.3850            2.3850    
      68.400            2.3357            2.3584            2.3584    
      68.600            2.3096            2.3322            2.3322    
      68.800            2.2838            2.3062            2.3062    
      69.000            2.2583            2.2806            2.2806    
      69.200            2.2330            2.2552            2.2552    
      69.400            2.2081            2.2301            2.2301    
      69.600            2.1834            2.2053            2.2053    
      69.800            2.1590            2.1808            2.1808    
      70.000            2.1348            2.1565            2.1565    
      70.200            2.1110            2.1325            2.1325    
      70.400            2.0874            2.1088            2.1088    
      70.600            2.0640            2.0853            2.0853    
      70.800            2.0410            2.0621            2.0621    
      71.000            2.0182            2.0392            2.0392    
      71.200            1.9956            2.0165            2.0165    
      71.400            1.9733            1.9940            1.9940    
      71.600            1.9512            1.9719            1.9719    
      71.800            1.9294            1.9499            1.9499    
      72.000            1.9079            1.9282            1.9282    
      72.200            1.8865            1.9068            1.9068    
      72.400            1.8654            1.8855            1.8855    
      72.600            1.8446            1.8646            1.8646    
      72.800            2.3418            2.4331            2.4331    
      73.000            3.0495            3.1282            3.1282    
      73.200            3.6283            3.6971            3.6971    
      73.400            4.0997            4.1606            4.1606    
      73.600            4.4815            4.5361            4.5361    
      73.800            4.7886            4.8383            4.8383    
      74.000            5.0334            5.0793            5.0793    
      74.200            5.2264            5.2692            5.2692    
      74.400            5.3761            5.4165            5.4165    
      74.600            5.4899            5.5285            5.5285    
      74.800            5.5738            5.6109            5.6109    
      75.000            5.6328            5.6688            5.6688    
      75.200            5.6712            5.7063            5.7063    
      75.400            5.6924            5.7269            5.7269    
      75.600            5.6995            5.7335            5.7335    
      75.800            5.6948            5.7284            5.7284    
      76.000            5.6805            5.7138            5.7138    
      76.200            5.6582            5.6913            5.6913    
      76.400            5.6294            5.6623            5.6623    
      76.600            5.5952            5.6280            5.6280    
      76.800            5.5567            5.5893            5.5893    
      77.000            5.5146            5.5472            5.5472    
      77.200            5.4697            5.5022            5.5022    
      77.400            5.4226            5.4550            5.4550    
      77.600            5.3736            5.4061            5.4061    
      77.800            5.3233            5.3557            5.3557    
      78.000            5.2720            5.3043            5.3043    
      78.200            5.2199            5.2521            5.2521    
      78.400            5.1672            5.1994            5.1994    
      78.600            5.1142            5.1463            5.1463    
      78.800            5.0610            5.0931            5.0931    
      79.000            5.0077            5.0397            5.0397    
      79.200            4.9545            4.9864            4.9864    
      79.400            4.9015            4.9333            4.9333    
      79.600            4.8486            4.8804            4.8804    
      79.800            4.7960            4.8277            4.8277    
      80.000            4.7438            4.7753            4.7753    
      80.200            4.6919            4.7233            4.7233    
      80.400            4.6403            4.6717            4.6717    
      80.600            4.5893            4.6206            4.6206    
      80.800            4.5386            4.5698            4.5698    
      81.000            4.4884            4.5195            4.5195    
      81.200            4.4387            4.4697            4.4697    
      81.400            4.3895            4.4204            4.4204    
      81.600            4.3407            4.3715            4.3715    
      81.800            4.2925            4.3231            4.3231    
      82.000            4.2447            4.2753            4.2753    
      82.200            4.1975            4.2279            4.2279    
      82.400            4.1507            4.1810            4.1810    
      82.600            4.1044            4.1346            4.1346    
      82.800            4.0586            4.0887            4.0887    
      83.000            4.0134            4.0433            4.0433    
      83.200            3.9686            3.9984            3.9984    
      83.400            3.9243            3.9540            3.9540    
      83.600            3.8805            3.9100            3.9100    
      83.800            3.8371            3.8666            3.8666    
      84.000            3.7943            3.8236            3.8236    
      84.200            3.7519            3.7811            3.7811    
      84.400            3.7100            3.7390            3.7390    
      84.600            3.6685            3.6975            3.6975    
      84.800            3.6275            3.6563            3.6563    
      85.000            3.5870            3.6157            3.6157    
      85.200            3.5469            3.5754            3.5754    
      85.400            3.5073            3.5357            3.5357    
      85.600            3.4681            3.4963            3.4963    
      85.800            3.4293            3.4574            3.4574    
      86.000            3.3910            3.4190            3.4190    
      86.200            3.3531            3.3809            3.3809    
      86.400            3.3156            3.3433            3.3433    
      86.600            3.2786            3.3061            3.3061    
      86.800            3.2419            3.2694            3.2694    
      87.000            3.2057            3.2330            3.2330    
      87.200            3.1698            3.1970            3.1970    
      87.400            3.1344            3.1614            3.1614    
      87.600            3.0994            3.1263            3.1263    
      87.800            3.0647            3.0915            3.0915    
      88.000            3.0305            3.0571            3.0571    
      88.200            2.9966            3.0231            3.0231    
      88.400            2.9631            2.9894            2.9894    
      88.600            2.9300            2.9562            2.9562    
      88.800            2.8972            2.9233            2.9233    
      89.000            2.8648            2.8908            2.8908    
      89.200            2.8328            2.8586            2.8586    
      89.400            2.8011            2.8268            2.8268    
      89.600            2.7698            2.7953            2.7953    
      89.800            2.7389            2.7642            2.7642    
      90.000            2.7083            2.7335            2.7335    
      90.200            2.6780            2.7031            2.7031    
      90.400            2.6480            2.6730            2.6730    
      90.600            2.6184            2.6432            2.6432    
      90.800            2.5892            2.6138            2.6138    
      91.000            2.5602            2.5847            2.5847    
      91.200            2.5316            2.5560            2.5560    
      91.400            2.5033            2.5275            2.5275    
      91.600            2.4753            2.4994            2.4994    
      91.800            2.4477            2.4716            2.4716    
      92.000            2.4203            2.4441            2.4441    
      92.200            2.3932            2.4169            2.4169    
      92.400            2.3665            2.3900            2.3900    
      92.600            2.3400            2.3634            2.3634    
      92.800            2.3139            2.3371            2.3371    
      93.000            2.2880            2.3111            2.3111    
      93.200            2.2624            2.2854            2.2854    
      93.400            2.2372            2.2600            2.2600    
      93.600            2.2121            2.2348            2.2348    
      93.800            2.1874            2.2100            2.2100    
      94.000            2.1630            2.1854            2.1854    
      94.200            2.1388            2.1611            2.1611    
      94.400            2.1149            2.1370            2.1370    
      94.600            2.0912            2.1132            2.1132    
      94.800            2.0679            2.0897            2.0897    
      95.000            2.0447            2.0665            2.0665    
      95.200            2.0219            2.0435            2.0435    
      95.400            1.9993            2.0208            2.0208    
      95.600            1.9769            1.9983            1.9983    
      95.800            1.9548            1.9760            1.9760    
      96.000            1.9330            1.9540            1.9540    
      96.200            1.9114            1.9323            1.9323    
      96.400            1.8900            1.9108            1.9108    
      96.600            1.8689            1.8895            1.8895    
      96.800            2.3659            2.4578            2.4578    
      97.000            3.0732            3.1526            3.1526    
      97.200            3.6518            3.7212            3.7212    
      97.400            4.1229            4.1845            4.1845    
      97.600            4.5045            4.5598            4.5598    
      97.800            4.8113            4.8617            4.8617    
      98.000            5.0559            5.1024            5.1024    
      98.200            5.2486            5.2920            5.2920    
      98.400            5.3981            5.4391            5.4391    
      98.600            5.5116            5.5508            5.5508    
      98.800            5.5953            5.6330            5.6330    
      99.000            5.6540            5.6906            5.6906    
      99.200            5.6922            5.7279            5.7279    
      99.400            5.7132            5.7483            5.7483    
      99.600            5.7200            5.7546            5.7546    
      99.800            5.7151            5.7493            5.7493    
      100.00            5.7006            5.7345            5.7345    
      100.20            5.6781            5.7117            5.7117    
      100.40            5.6490            5.6825            5.6825    
      100.60            5.6146            5.6480            5.6480    
      100.80            5.5759            5.6091            5.6091    
      101.00            5.5336            5.5667            5.5667    
      101.20            5.4885            5.5216            5.5216    
      101.40            5.4411            5.4741            5.4741    
      101.60            5.3920            5.4249            5.4249    
      101.80            5.3415            5.3744            5.3744    
      102.00            5.2899            5.3228            5.3228    
      102.20            5.2376            5.2704            5.2704    
      102.40            5.1847            5.2174            5.2174    
      102.60            5.1315            5.1642            5.1642    
      102.80            5.0781            5.1107            5.1107    
      103.00            5.0247            5.0572            5.0572    
      103.20            4.9713            5.0037            5.0037    
      103.40            4.9180            4.9504            4.9504    
      103.60            4.8650            4.8972            4.8972    
      103.80            4.8122            4.8444            4.8444    
      104.00            4.7598            4.7918            4.7918    
      104.20            4.7077            4.7397            4.7397    
      104.40            4.6560            4.6879            4.6879    
      104.60            4.6048            4.6365            4.6365    
      104.80            4.5539            4.5856            4.5856    
      105.00            4.5036            4.5351            4.5351    
      105.20            4.4537            4.4851            4.4851    
      105.40            4.4043            4.4356            4.4356    
      105.60            4.3554            4.3866            4.3866    
      105.80            4.3070            4.3381            4.3381    
      106.00            4.2590            4.2900            4.2900    
      106.20            4.2116            4.2425            4.2425    
      106.40            4.1647            4.1954            4.1954    
      106.60            4.1183            4.1489            4.1489    
      106.80            4.0723            4.1028            4.1028    
      107.00            4.0269            4.0573            4.0573    
      107.20            3.9820            4.0122            4.0122    
      107.40            3.9375            3.9676            3.9676    
      107.60            3.8936            3.9235            3.9235    
      107.80            3.8501            3.8799            3.8799    
      108.00            3.8071            3.8368            3.8368    
      108.20            3.7646            3.7941            3.7941    
      108.40            3.7225            3.7519            3.7519    
      108.60            3.6809            3.7102            3.7102    
      108.80            3.6398            3.6690            3.6690    
      109.00            3.5991            3.6281            3.6281    
      109.20            3.5589            3.5878            3.5878    
      109.40            3.5191            3.5479            3.5479    
      109.60            3.4798            3.5084            3.5084    
      109.80            3.4409            3.4694            3.4694    
      110.00            3.4024            3.4308            3.4308    
      110.20            3.3644            3.3926            3.3926    
      110.40            3.3268            3.3549            3.3549    
      110.60            3.2896            3.3176            3.3176    
      110.80            3.2528            3.2806            3.2806    
      111.00            3.2165            3.2441            3.2441    
      111.20            3.1805            3.2080            3.2080    
      111.40            3.1450            3.1724            3.1724    
      111.60            3.1098            3.1371            3.1371    
      111.80            3.0751            3.1022            3.1022    
      112.00            3.0407            3.0676            3.0676    
      112.20            3.0067            3.0335            3.0335    
      112.40            2.9731            2.9998            2.9998    
      112.60            2.9399            2.9664            2.9664    
      112.80            2.9070            2.9334            2.9334    
      113.00            2.8745            2.9007            2.9007    
      113.20            2.8424            2.8685            2.8685    
      113.40            2.8106            2.8365            2.8365    
      113.60            2.7792            2.8050            2.8050    
      113.80            2.7481            2.7738            2.7738    
      114.00            2.7174            2.7429            2.7429    
      114.20            2.6870            2.7124            2.7124    
      114.40            2.6570            2.6822            2.6822    
      114.60            2.6273            2.6524            2.6524    
      114.80            2.5979            2.6229            2.6229    
      115.00            2.5689            2.5937            2.5937    
      115.20            2.5402            2.5648            2.5648    
      115.40            2.5118            2.5363            2.5363    
      115.60            2.4837            2.5081            2.5081    
      115.80            2.4559            2.4801            2.4801    
      116.00            2.4285            2.4526            2.4526    
      116.20            2.4013            2.4253            2.4253    
      116.40            2.3745            2.3983            2.3983    
      116.60            2.3479            2.3716            2.3716    
      116.80            2.3217            2.3452            2.3452    
      117.00            2.2957            2.3191            2.3191    
      117.20            2.2701            2.2933            2.2933    
      117.40            2.2447            2.2678            2.2678    
      117.60            2.2196            2.2426            2.2426    
      117.80            2.1948            2.2176            2.2176    
      118.00            2.1703            2.1929            2.1929    
      118.20            2.1460            2.1685            2.1685    
      118.40            2.1220            2.1444            2.1444    
      118.60            2.0983            2.1205            2.1205    
      118.80            2.0748            2.0969            2.0969    
      119.00            2.0516            2.0736            2.0736    
      119.20            2.0287            2.0505            2.0505    
      119.40            2.0060            2.0277            2.0277    
      119.60            1.9836            2.0052            2.0052    
      119.80            1.9614            1.9829            1.9829    
      120.00            1.9395            1.9608            1.9608    
      120.20            1.9178            1.9390            1.9390    
      120.40            1.8964            1.9174            1.9174    
      120.60            1.8752            1.8961            1.8961    
      120.80            2.3721            2.4643            2.4643    
      121.00            3.0794            3.1590            3.1590    
      121.20            3.6579            3.7276            3.7276    
      121.40            4.1290            4.1907            4.1907    
      121.60            4.5104            4.5659            4.5659    
      121.80            4.8172            4.8678            4.8678    
      122.00            5.0617            5.1084            5.1084    
      122.20            5.2544            5.2980            5.2980    
      122.40            5.4038            5.4450            5.4450    
      122.60            5.5173            5.5566            5.5566    
      122.80            5.6008            5.6387            5.6387    
      123.00            5.6596            5.6963            5.6963    
      123.20            5.6976            5.7335            5.7335    
      123.40            5.7186            5.7538            5.7538    
      123.60            5.7254            5.7601            5.7601    
      123.80            5.7204            5.7548            5.7548    
      124.00            5.7058            5.7399            5.7399    
      124.20            5.6832            5.7170            5.7170    
      124.40            5.6541            5.6878            5.6878    
      124.60            5.6196            5.6532            5.6532    
      124.80            5.5808            5.6143            5.6143    
      125.00            5.5385            5.5718            5.5718    
      125.20            5.4934            5.5266            5.5266    
      125.40            5.4459            5.4791            5.4791    
      125.60            5.3967            5.4299            5.4299    
      125.80            5.3462            5.3792            5.3792    
      126.00            5.2946            5.3276            5.3276    
      126.20            5.2422            5.2751            5.2751    
      126.40            5.1893            5.2222            5.2222    
      126.60            5.1360            5.1688            5.1688    
      126.80            5.0826            5.1153            5.1153    
      127.00            5.0291            5.0617            5.0617    
      127.20            4.9757            5.0082            5.0082    
      127.40            4.9223            4.9548            4.9548    
      127.60            4.8693            4.9017            4.9017    
      127.80            4.8164            4.8487            4.8487    
      128.00            4.7639            4.7962            4.7962    
      128.20            4.7118            4.7439            4.7439    
      128.40            4.6601            4.6921            4.6921    
      128.60            4.6088            4.6407            4.6407    
      128.80            4.5579            4.5897            4.5897    
      129.00            4.5075            4.5392            4.5392    
      129.20            4.4576            4.4892            4.4892    
      129.40            4.4081            4.4396            4.4396    
      129.60            4.3592            4.3905            4.3905    
      129.80            4.3107            4.3420            4.3420    
      130.00            4.2628            4.2939            4.2939    
      130.20            4.2153            4.2463            4.2463    
      130.40            4.1683            4.1992            4.1992    
      130.60            4.1219            4.1526            4.1526    
      130.80            4.0759            4.1065            4.1065    
      131.00            4.0304            4.0609            4.0609    
      131.20            3.9854            4.0158            4.0158    
      131.40            3.9410            3.9712            3.9712    
      131.60            3.8970            3.9271            3.9271    
      131.80            3.8534            3.8834            3.8834    
      132.00            3.8104            3.8402            3.8402    
      132.20            3.7678            3.7975            3.7975    
      132.40            3.7257            3.7553            3.7553    
      132.60            3.6841            3.7136            3.7136    
      132.80            3.6430            3.6722            3.6722    
      133.00            3.6022            3.6314            3.6314    
      133.20            3.5620            3.5910            3.5910    
      133.40            3.5222            3.5511            3.5511    
      133.60            3.4828            3.5116            3.5116    
      133.80            3.4439            3.4725            3.4725    
      134.00            3.4054            3.4339            3.4339    
      134.20            3.3673            3.3957            3.3957    
      134.40            3.3297            3.3579            3.3579    
      134.60            3.2925            3.3205            3.3205    
      134.80            3.2557            3.2836            3.2836    
      135.00            3.2193            3.2471            3.2471    
      135.20            3.1833            3.2109            3.2109    
      135.40            3.1477            3.1752            3.1752    
      135.60            3.1125            3.1399            3.1399    
      135.80            3.0778            3.1049            3.1049    
      136.00            3.0433            3.0704            3.0704    
      136.20            3.0093            3.0362            3.0362    
      136.40            2.9757            3.0024            3.0024    
      136.60            2.9424            2.9690            2.9690    
      136.80            2.9095            2.9360            2.9360    
      137.00            2.8770            2.9033            2.9033    
      137.20            2.8449            2.8710            2.8710    
      137.40            2.8131            2.8391            2.8391    
      137.60            2.7816            2.8075            2.8075    
      137.80            2.7505            2.7763            2.7763    
      138.00            2.7198            2.7454            2.7454    
      138.20            2.6894            2.7148            2.7148    
      138.40            2.6593            2.6846            2.6846    
      138.60            2.6296            2.6548            2.6548    
      138.80            2.6002            2.6252            2.6252    
      139.00            2.5711            2.5960            2.5960    
      139.20            2.5424            2.5671            2.5671    
      139.40            2.5140            2.5386            2.5386    
      139.60            2.4859            2.5103            2.5103    
      139.80            2.4581            2.4824            2.4824    
      140.00            2.4306            2.4548            2.4548    
      140.20            2.4034            2.4274            2.4274    
      140.40            2.3766            2.4004            2.4004    
      140.60            2.3500            2.3737            2.3737    
      140.80            2.3237            2.3473            2.3473    
      141.00            2.2977            2.3212            2.3212    
      141.20            2.2721            2.2954            2.2954    
      141.40            2.2467            2.2698            2.2698    
      141.60            2.2215            2.2446            2.2446    
      141.80            2.1967            2.2196            2.2196    
      142.00            2.1722            2.1949            2.1949    
      142.20            2.1479            2.1705            2.1705    
      142.40            2.1239            2.1463            2.1463    
      142.60            2.1001            2.1224            2.1224    
      142.80            2.0766            2.0988            2.0988    
      143.00            2.0534            2.0755            2.0755    
      143.20            2.0305            2.0524            2.0524    
      143.40            2.0078            2.0296            2.0296    
      143.60            1.9853            2.0070            2.0070    
      143.80            1.9631            1.9846            1.9846    
      144.00            1.9412            1.9626            1.9626    
      144.20            1.9195            1.9407            1.9407    
      144.40            1.8980            1.9191            1.9191    
      144.60            1.8768            1.8978            1.8978    
      144.80            1.8558            1.8767            1.8767    
      145.00            1.8351            1.8558            1.8558    
      145.20            1.8146            1.8351            1.8351    
      145.40            1.7943            1.8147            1.8147    
      145.60            1.7742            1.7945            1.7945    
      145.80            1.7544            1.7746            1.7746    
      146.00            1.7348            1.7548            1.7548    
      146.20            1.7154            1.7353            1.7353    
      146.40            1.6962            1.7160            1.7160    
      146.60            1.6773            1.6969            1.6969    
      146.80            1.6585            1.6780            1.6780    
      147.00            1.6400            1.6593            1.6593    
      147.20            1.6216            1.6409            1.6409    
      147.40            1.6035            1.6226            1.6226    
      147.60            1.5856            1.6046            1.6046    
      147.80            1.5679            1.5867            1.5867    
      148.00            1.5503            1.5690            1.5690    
      148.20            1.5330            1.5516            1.5516    
      148.40            1.5159            1.5343            1.5343    
      148.60            1.4989            1.5173            1.5173    
      148.80            1.4822            1.5004            1.5004    
      149.00            1.4656            1.4837            1.4837    
      149.20            1.4492            1.4672            1.4672    
      149.40            1.4330            1.4508            1.4508    
      149.60            1.4170            1.4347            1.4347    
      149.80            1.4012            1.4187            1.4187    
      150.00            1.3855            1.4030            1.4030    
      150.20            1.3700            1.3873            1.3873    
      150.40            1.3547            1.3719            1.3719    
      150.60            1.3396            1.3566            1.3566    
      150.80            1.3246            1.3415            1.3415    
      151.00            1.3098            1.3266            1.3266    
      151.20            1.2951            1.3119            1.3119    
      151.40            1.2807            1.2973            1.2973    
      151.60            1.2663            1.2828            1.2828    
      151.80            1.2522            1.2686            1.2686    
      152.00            1.2382            1.2544            1.2544    
      152.20            1.2243            1.2405            1.2405    
      152.40            1.2107            1.2267            1.2267    
      152.60            1.1971            1.2130            1.2130    
      152.80            1.1837            1.1995            1.1995    
      153.00            1.1705            1.1862            1.1862    
      153.20            1.1574            1.1730            1.1730    
      153.40            1.1445            1.1599            1.1599    
      153.60            1.1317            1.1470            1.1470    
      153.80            1.1190            1.1343            1.1343    
      154.00            1.1065            1.1216            1.1216    
      154.20            1.0942            1.1092            1.1092    
      154.40            1.0819            1.0968            1.0968    
      154.60            1.0698            1.0846            1.0846    
      154.80            1.0579            1.0726            1.0726    
      155.00            1.0461            1.0606            1.0606    
      155.20            1.0344            1.0488            1.0488    
      155.40            1.0228            1.0371            1.0371    
      155.60            1.0114            1.0256            1.0256    
      155.80            1.0001            1.0142            1.0142    
      156.00           0.98889            1.0029            1.0029    
      156.20           0.97783           0.99175           0.99175    
      156.40           0.96690           0.98072           0.98072    
      156.60           0.95609           0.96981           0.96981    
      156.80           0.94540           0.95902           0.95902    
      157.00           0.93484           0.94834           0.94834    
      157.20           0.92439           0.93779           0.93779    
      157.40           0.91405           0.92736           0.92736    
      157.60           0.90384           0.91704           0.91704    
      157.80           0.89373           0.90684           0.90684    
      158.00           0.88374           0.89675           0.89675    
      158.20           0.87386           0.88677           0.88677    
      158.40           0.86409           0.87690           0.87690    
      158.60           0.85444           0.86714           0.86714    
      158.80           0.84488           0.85750           0.85750    
      159.00           0.83544           0.84796           0.84796    
      159.20           0.82610           0.83852           0.83852    
      159.40           0.81687           0.82919           0.82919    
      159.60           0.80774           0.81996           0.81996    
      159.80           0.79871           0.81084           0.81084    
      160.00           0.78978           0.80182           0.80182    
      160.20           0.78095           0.79290           0.79290    
      160.40           0.77222           0.78408           0.78408    
      160.60           0.76359           0.77535           0.77535    
      160.80           0.75505           0.76672           0.76672    
      161.00           0.74661           0.75819           0.75819    
      161.20           0.73827           0.74976           0.74976    
      161.40           0.73001           0.74141           0.74141    
      161.60           0.72185           0.73317           0.73317    
      161.80           0.71378           0.72501           0.72501    
      162.00           0.70580           0.71694           0.71694    
      162.20           0.69791           0.70896           0.70896    
      162.40           0.69011           0.70108           0.70108    
      162.60           0.68240           0.69327           0.69327    
      162.80           0.67477           0.68556           0.68556    
      163.00           0.66723           0.67793           0.67793    
      163.20           0.65977           0.67039           0.67039    
      163.40           0.65239           0.66293           0.66293    
      163.60           0.64510           0.65555           0.65555    
      163.80           0.63789           0.64826           0.64826    
      164.00           0.63076           0.64105           0.64105    
      164.20           0.62371           0.63391           0.63391    
      164.40           0.61674           0.62686           0.62686    
      164.60           0.60984           0.61989           0.61989    
      164.80           0.60303           0.61299           0.61299    
      165.00           0.59628           0.60617           0.60617    
      165.20           0.58962           0.59942           0.59942    
      165.40           0.58303           0.59275           0.59275    
      165.60           0.57651           0.58616           0.58616    
      165.80           0.57007           0.57964           0.57964    
      166.00           0.56369           0.57319           0.57319    
      166.20           0.55739           0.56681           0.56681    
      166.40           0.55116           0.56050           0.56050    
      166.60           0.54500           0.55427           0.55427    
      166.80           0.53891           0.54810           0.54810    
      167.00           0.53288           0.54200           0.54200    
      167.20           0.52693           0.53597           0.53597    
      167.40           0.52104           0.53001           0.53001    
      167.60           0.51521           0.52411           0.52411    
      167.80           0.50945           0.51828           0.51828    
      168.00           0.50376           0.51251           0.51251    


  SUBJECT NO.     1 ...  OUTPUT EQUATION NO.  1

     TIMES                   OBSERVED VALUES          PREDICTED VALUES, BASED ON POSTERIOR MEANS; THEN MEDIANS; THEN MODES
--------------------------------------------------------------------------------------------------------------------------
      120.00            2.1000            1.9395            1.9608            1.9608    
      121.00            3.0500            3.0794            3.1590            3.1590    
      122.02            5.2100            5.0832            5.1295            5.1295    
      126.00            5.0900            5.2946            5.3276            5.3276    
      129.03            4.2400            4.5000            4.5317            4.5317    
      132.00            3.6900            3.8104            3.8402            3.8402    
      144.02            1.9600            1.9390            1.9604            1.9604    


