  icycle     fobj1          gamma          res     grid points (start and end)
    1     -11.051611       4.545455      0.20000     20011    1
    2     -10.407039       3.787879      0.20000         8    1
    3      -9.188085       2.705628      0.20000         8    1
    4      -7.012793       1.503126      0.20000         8    1
    5      -3.721552       1.503126      0.20000         8    1
    6      -3.721552       0.835070      0.10000         9    1
    7      -2.274427       0.835070      0.10000         9    1
    8      -2.274427       0.835070      0.05000         9    1
    9      -2.274427       0.835070      0.02500         9    1
   10      -2.168271       0.835070      0.01250         9    1
   11      -1.971923       0.835070      0.01250         9    1
   12      -1.925597       0.835070      0.01250         9    1
   13      -1.853982       0.835070      0.01250         9    1
   14      -1.765578       0.824761      0.01250         9    1
   15      -1.700478       0.804645      0.01250         9    1
   16      -1.661443       0.804645      0.01250         9    1
   17      -1.652369       0.804645      0.01250         9    1
   18      -1.600350       0.794711      0.01250         9    1
   19      -1.540033       0.794711      0.01250         9    1
   20      -1.505436       0.784900      0.01250         9    1
   21      -1.494675       0.784900      0.01250         9    1
   22      -1.494675       0.784900      0.01250         9    1
   23      -1.494675       0.784900      0.00625         9    1
   24      -1.483864       0.784900      0.00313         9    1
   25      -1.480221       0.784900      0.00313         9    1
   26      -1.478074       0.784900      0.00313         9    1
   27      -1.477411       0.784900      0.00313         9    1
   28      -1.477411       0.784900      0.00313         9    1
   29      -1.472350       0.784900      0.00156         9    1
   30      -1.467700       0.784900      0.00156         9    1
   31      -1.446483       0.777128      0.00156         9    1
   32      -1.439939       0.777128      0.00156         9    1
   33      -1.439125       0.777128      0.00156         9    1
   34      -1.438683       0.777128      0.00156         9    1
   35      -1.437147       0.777128      0.00156         9    1
   36      -1.434041       0.777128      0.00156         9    1
   37      -1.413408       0.777128      0.00156         9    1
   38      -1.407783       0.777128      0.00156         9    1
   39      -1.406015       0.777128      0.00156         9    1
   40      -1.404615       0.777128      0.00156         9    1
   41      -1.403579       0.777128      0.00156         9    1
   42      -1.402907       0.777128      0.00156         9    1
   43      -1.402597       0.777128      0.00156         9    1
   44      -1.401938       0.777128      0.00156         9    1
   45      -1.400766       0.777128      0.00156         9    1
   46      -1.399950       0.777128      0.00156         9    1
   47      -1.399490       0.777128      0.00156         9    1
   48      -1.399385       0.777128      0.00156         9    1
   49      -1.399385       0.777128      0.00156         9    1
   50      -1.392118       0.777128      0.00078         9    1
   51      -1.386367       0.777128      0.00078         9    1
   52      -1.384337       0.777128      0.00078         9    1
   53      -1.379146       0.777128      0.00078         9    1
   54      -1.372940       0.769434      0.00078         9    1
   55      -1.370289       0.769434      0.00078         9    1
   56      -1.367179       0.769434      0.00078         9    1
   57      -1.360357       0.769434      0.00078         9    1
   58      -1.357307       0.769434      0.00078         9    1
   59      -1.356451       0.769434      0.00078         9    1
   60      -1.349109       0.769434      0.00078         9    1
   61      -1.345528       0.769434      0.00078         9    1
   62      -1.345160       0.769434      0.00078         9    1
   63      -1.344649       0.769434      0.00078         9    1
   64      -1.344063       0.769434      0.00078         9    1
   65      -1.343565       0.769434      0.00078         9    1
   66      -1.343157       0.769434      0.00078         9    1
   67      -1.342838       0.769434      0.00078         9    1
   68      -1.342607       0.769434      0.00078         9    1
   69      -1.342388       0.769434      0.00078         9    1
   70      -1.341061       0.769434      0.00078         9    1
   71      -1.334200       0.769434      0.00078         9    1
   72      -1.331084       0.769434      0.00078         9    1
   73      -1.330527       0.769434      0.00078         9    1
   74      -1.330058       0.769434      0.00078         9    1
   75      -1.329678       0.769434      0.00078         9    1
   76      -1.329384       0.769434      0.00078         9    1
   77      -1.329178       0.769434      0.00078         9    1
   78      -1.329060       0.769434      0.00078         9    1
   79      -1.328803       0.769434      0.00078         9    1
   80      -1.328466       0.769434      0.00078         9    1
   81      -1.328215       0.769434      0.00078         9    1
   82      -1.328051       0.769434      0.00078         9    1
   83      -1.327974       0.769434      0.00078         9    1
   84      -1.326049       0.769434      0.00039         9    1
   85      -1.323669       0.769434      0.00039         9    1
   86      -1.322222       0.769434      0.00039         9    1
   87      -1.320902       0.769434      0.00039         9    1
   88      -1.318375       0.769434      0.00039         9    1
   89      -1.316780       0.769434      0.00039         9    1
   90      -1.316074       0.769434      0.00039         9    1
   91      -1.313396       0.769434      0.00039         9    1
   92      -1.311649       0.769434      0.00039         9    1
   93      -1.310828       0.769434      0.00039         9    1
   94      -1.308734       0.769434      0.00039         9    1
   95      -1.306831       0.761816      0.00039         9    1
   96      -1.305800       0.761816      0.00039         9    1
   97      -1.304307       0.761816      0.00039         9    1
   98      -1.302204       0.761816      0.00039         9    1
   99      -1.301044       0.761816      0.00039         9    1
  100      -1.300203       0.761816      0.00039         9    1
