  SUBJECT NO.     1

 COL. 1. = PREDICTION TIMES
 COL. 2. = PRED. VALUES FOR OUTPUT EQ. 1, BASED ON POSTERIOR MEANS
 COL. 3. = PRED. VALUES FOR OUTPUT EQ. 1, BASED ON POSTERIOR MEDIANS
 COL. 4. = PRED. VALUES FOR OUTPUT EQ. 1, BASED ON POSTERIOR MODES
 EACH ADDITIONAL OUTPUT EQ. HAS 3 COLUMNS OF PREDICTED VALUES
 BASED, IN ORDER, ON THE POSTERIOR MEANS, MEDIANS, AND MODES: 
-------------------------------------------------------------
      0.0000            0.0000            0.0000            0.0000    
     0.20000            0.0000            0.0000            0.0000    
     0.40000            0.0000            0.0000            0.0000    
     0.60000           0.63344E-01       0.91543E-01       0.91543E-01
     0.80000           0.92687           0.94513           0.94513    
      1.0000            1.6855            1.6953            1.6953    
      1.2000            2.3512            2.3538            2.3538    
      1.4000            2.9345            2.9310            2.9310    
      1.6000            3.4448            3.4362            3.4362    
      1.8000            3.8905            3.8776            3.8776    
      2.0000            4.2789            4.2625            4.2625    
      2.2000            4.6166            4.5973            4.5973    
      2.4000            4.9094            4.8877            4.8877    
      2.6000            5.1624            5.1387            5.1387    
      2.8000            5.3802            5.3550            5.3550    
      3.0000            5.5668            5.5404            5.5404    
      3.2000            5.7258            5.6986            5.6986    
      3.4000            5.8604            5.8326            5.8326    
      3.6000            5.9734            5.9452            5.9452    
      3.8000            6.0674            6.0389            6.0389    
      4.0000            6.1444            6.1159            6.1159    
      4.2000            6.2066            6.1782            6.1782    
      4.4000            6.2555            6.2273            6.2273    
      4.6000            6.2929            6.2650            6.2650    
      4.8000            6.3199            6.2924            6.2924    
      5.0000            6.3379            6.3109            6.3109    
      5.2000            6.3480            6.3214            6.3214    
      5.4000            6.3510            6.3250            6.3250    
      5.6000            6.3478            6.3224            6.3224    
      5.8000            6.3392            6.3144            6.3144    
      6.0000            6.3258            6.3017            6.3017    
      6.2000            6.3083            6.2848            6.2848    
      6.4000            6.2871            6.2643            6.2643    
      6.6000            6.2626            6.2406            6.2406    
      6.8000            6.2354            6.2141            6.2141    
      7.0000            6.2057            6.1851            6.1851    
      7.2000            6.1740            6.1541            6.1541    
      7.4000            6.1404            6.1212            6.1212    
      7.6000            6.1052            6.0867            6.0867    
      7.8000            6.0687            6.0509            6.0509    
      8.0000            6.0310            6.0139            6.0139    
      8.2000            5.9923            5.9760            5.9760    
      8.4000            5.9528            5.9372            5.9372    
      8.6000            5.9126            5.8977            5.8977    
      8.8000            5.8718            5.8576            5.8576    
      9.0000            5.8306            5.8170            5.8170    
      9.2000            5.7890            5.7761            5.7761    
      9.4000            5.7471            5.7348            5.7348    
      9.6000            5.7050            5.6934            5.6934    
      9.8000            5.6627            5.6518            5.6518    
      10.000            5.6203            5.6100            5.6100    
      10.200            5.5779            5.5682            5.5682    
      10.400            5.5355            5.5265            5.5265    
      10.600            5.4931            5.4847            5.4847    
      10.800            5.4508            5.4430            5.4430    
      11.000            5.4086            5.4014            5.4014    
      11.200            5.3665            5.3599            5.3599    
      11.400            5.3246            5.3186            5.3186    
      11.600            5.2829            5.2774            5.2774    
      11.800            5.2413            5.2364            5.2364    
      12.000            5.2000            5.1956            5.1956    
      12.200            5.1588            5.1550            5.1550    
      12.400            5.1179            5.1146            5.1146    
      12.600            5.0773            5.0745            5.0745    
      12.800            5.0369            5.0346            5.0346    
      13.000            4.9967            4.9949            4.9949    
      13.200            4.9568            4.9555            4.9555    
      13.400            4.9172            4.9164            4.9164    
      13.600            4.8778            4.8775            4.8775    
      13.800            4.8387            4.8389            4.8389    
      14.000            4.7999            4.8005            4.8005    
      14.200            4.7614            4.7624            4.7624    
      14.400            4.7231            4.7246            4.7246    
      14.600            4.6851            4.6871            4.6871    
      14.800            4.6474            4.6499            4.6499    
      15.000            4.6100            4.6129            4.6129    
      15.200            4.5729            4.5762            4.5762    
      15.400            4.5361            4.5398            4.5398    
      15.600            4.4995            4.5036            4.5036    
      15.800            4.4632            4.4677            4.4677    
      16.000            4.4272            4.4321            4.4321    
      16.200            4.3915            4.3968            4.3968    
      16.400            4.3561            4.3618            4.3618    
      16.600            4.3209            4.3270            4.3270    
      16.800            4.2861            4.2925            4.2925    
      17.000            4.2515            4.2582            4.2582    
      17.200            4.2171            4.2243            4.2243    
      17.400            4.1831            4.1906            4.1906    
      17.600            4.1493            4.1571            4.1571    
      17.800            4.1158            4.1239            4.1239    
      18.000            4.0825            4.0910            4.0910    
      18.200            4.0495            4.0584            4.0584    
      18.400            4.0168            4.0260            4.0260    
      18.600            3.9844            3.9938            3.9938    
      18.800            3.9522            3.9619            3.9619    
      19.000            3.9202            3.9303            3.9303    
      19.200            3.8885            3.8989            3.8989    
      19.400            3.8571            3.8678            3.8678    
      19.600            3.8259            3.8369            3.8369    
      19.800            3.7950            3.8062            3.8062    
      20.000            3.7643            3.7758            3.7758    
      20.200            3.7339            3.7457            3.7457    
      20.400            3.7037            3.7158            3.7158    
      20.600            3.6738            3.6861            3.6861    
      20.800            3.6441            3.6566            3.6566    
      21.000            3.6146            3.6274            3.6274    
      21.200            3.5854            3.5985            3.5985    
      21.400            3.5564            3.5697            3.5697    
      21.600            3.5277            3.5412            3.5412    
      21.800            3.4992            3.5129            3.5129    
      22.000            3.4709            3.4848            3.4848    
      22.200            3.4428            3.4570            3.4570    
      22.400            3.4150            3.4294            3.4294    
      22.600            3.3874            3.4020            3.4020    
      22.800            3.3600            3.3748            3.3748    
      23.000            3.3328            3.3479            3.3479    
      23.200            3.3059            3.3211            3.3211    
      23.400            3.2791            3.2946            3.2946    
      23.600            3.2526            3.2683            3.2683    
      23.800            3.2263            3.2422            3.2422    
      24.000            3.2002            3.2163            3.2163    
      24.200            3.1744            3.1906            3.1906    
      24.400            3.1487            3.1651            3.1651    
      24.600            3.1866            3.2313            3.2313    
      24.800            4.0249            4.0598            4.0598    
      25.000            4.7584            4.7851            4.7851    
      25.200            5.3993            5.4189            5.4189    
      25.400            5.9579            5.9717            5.9717    
      25.600            6.4438            6.4526            6.4526    
      25.800            6.8653            6.8699            6.8699    
      26.000            7.2296            7.2309            7.2309    
      26.200            7.5435            7.5419            7.5419    
      26.400            7.8126            7.8088            7.8088    
      26.600            8.0421            8.0365            8.0365    
      26.800            8.2366            8.2296            8.2296    
      27.000            8.4001            8.3921            8.3921    
      27.200            8.5362            8.5275            8.5275    
      27.400            8.6481            8.6389            8.6389    
      27.600            8.7386            8.7291            8.7291    
      27.800            8.8102            8.8006            8.8006    
      28.000            8.8650            8.8555            8.8555    
      28.200            8.9052            8.8958            8.8958    
      28.400            8.9323            8.9233            8.9233    
      28.600            8.9480            8.9394            8.9394    
      28.800            8.9536            8.9455            8.9455    
      29.000            8.9504            8.9428            8.9428    
      29.200            8.9393            8.9323            8.9323    
      29.400            8.9213            8.9150            8.9150    
      29.600            8.8974            8.8917            8.8917    
      29.800            8.8682            8.8632            8.8632    
      30.000            8.8343            8.8301            8.8301    
      30.200            8.7965            8.7931            8.7931    
      30.400            8.7552            8.7525            8.7525    
      30.600            8.7108            8.7089            8.7089    
      30.800            8.6638            8.6626            8.6626    
      31.000            8.6145            8.6141            8.6141    
      31.200            8.5632            8.5637            8.5637    
      31.400            8.5103            8.5116            8.5116    
      31.600            8.4560            8.4580            8.4580    
      31.800            8.4004            8.4032            8.4032    
      32.000            8.3439            8.3475            8.3475    
      32.200            8.2865            8.2909            8.2909    
      32.400            8.2285            8.2336            8.2336    
      32.600            8.1699            8.1757            8.1757    
      32.800            8.1108            8.1174            8.1174    
      33.000            8.0515            8.0588            8.0588    
      33.200            7.9919            8.0000            8.0000    
      33.400            7.9322            7.9410            7.9410    
      33.600            7.8724            7.8819            7.8819    
      33.800            7.8126            7.8228            7.8228    
      34.000            7.7529            7.7637            7.7637    
      34.200            7.6932            7.7047            7.7047    
      34.400            7.6337            7.6458            7.6458    
      34.600            7.5744            7.5871            7.5871    
      34.800            7.5152            7.5287            7.5287    
      35.000            7.4563            7.4704            7.4704    
      35.200            7.3977            7.4124            7.4124    
      35.400            7.3394            7.3546            7.3546    
      35.600            7.2813            7.2972            7.2972    
      35.800            7.2236            7.2401            7.2401    
      36.000            7.1663            7.1832            7.1832    
      36.200            7.1092            7.1268            7.1268    
      36.400            7.0525            7.0706            7.0706    
      36.600            6.9962            7.0149            7.0149    
      36.800            6.9403            6.9595            6.9595    
      37.000            6.8848            6.9044            6.9044    
      37.200            6.8296            6.8498            6.8498    
      37.400            6.7748            6.7955            6.7955    
      37.600            6.7204            6.7416            6.7416    
      37.800            6.6664            6.6881            6.6881    
      38.000            6.6129            6.6350            6.6350    
      38.200            6.5597            6.5823            6.5823    
      38.400            6.5069            6.5299            6.5299    
      38.600            6.4545            6.4780            6.4780    
      38.800            6.4025            6.4264            6.4264    
      39.000            6.3509            6.3752            6.3752    
      39.200            6.2997            6.3245            6.3245    
      39.400            6.2489            6.2741            6.2741    
      39.600            6.1985            6.2241            6.2241    
      39.800            6.1485            6.1744            6.1744    
      40.000            6.0988            6.1252            6.1252    
      40.200            6.0496            6.0764            6.0764    
      40.400            6.0008            6.0279            6.0279    
      40.600            5.9523            5.9798            5.9798    
      40.800            5.9042            5.9321            5.9321    
      41.000            5.8566            5.8847            5.8847    
      41.200            5.8093            5.8378            5.8378    
      41.400            5.7623            5.7912            5.7912    
      41.600            5.7158            5.7449            5.7449    
      41.800            5.6696            5.6991            5.6991    
      42.000            5.6238            5.6536            5.6536    
      42.200            5.5783            5.6084            5.6084    
      42.400            5.5333            5.5637            5.5637    
      42.600            5.4885            5.5192            5.5192    
      42.800            5.4442            5.4752            5.4752    
      43.000            5.4002            5.4314            5.4314    
      43.200            5.3565            5.3881            5.3881    
      43.400            5.3132            5.3450            5.3450    
      43.600            5.2703            5.3023            5.3023    
      43.800            5.2277            5.2600            5.2600    
      44.000            5.1854            5.2180            5.2180    
      44.200            5.1435            5.1763            5.1763    
      44.400            5.1019            5.1349            5.1349    
      44.600            5.0607            5.0939            5.0939    
      44.800            5.0198            5.0532            5.0532    
      45.000            4.9792            5.0129            5.0129    
      45.200            4.9389            4.9728            4.9728    
      45.400            4.8990            4.9331            4.9331    
      45.600            4.8594            4.8937            4.8937    
      45.800            4.8201            4.8546            4.8546    
      46.000            4.7811            4.8158            4.8158    
      46.200            4.7425            4.7774            4.7774    
      46.400            4.7041            4.7392            4.7392    
      46.600            4.6661            4.7013            4.7013    
      46.800            4.6284            4.6638            4.6638    
      47.000            4.5910            4.6265            4.6265    
      47.200            4.5538            4.5896            4.5896    
      47.400            4.5170            4.5529            4.5529    
      47.600            4.4805            4.5165            4.5165    
      47.800            4.4443            4.4804            4.4804    
      48.000            4.4083            4.4446            4.4446    
      48.200            4.3727            4.4091            4.4091    
      48.400            4.3374            4.3739            4.3739    
      48.600            4.3656            4.4305            4.4305    
      48.800            5.1944            5.2494            5.2494    
      49.000            5.9185            5.9652            5.9652    
      49.200            6.5499            6.5896            6.5896    
      49.400            7.0993            7.1330            7.1330    
      49.600            7.5760            7.6046            7.6046    
      49.800            7.9882            8.0127            8.0127    
      50.000            8.3435            8.3646            8.3646    
      50.200            8.6484            8.6666            8.6666    
      50.400            8.9085            8.9244            8.9244    
      50.600            9.1292            9.1433            9.1433    
      50.800            9.3149            9.3275            9.3275    
      51.000            9.4697            9.4812            9.4812    
      51.200            9.5972            9.6079            9.6079    
      51.400            9.7005            9.7107            9.7107    
      51.600            9.7825            9.7923            9.7923    
      51.800            9.8456            9.8553            9.8553    
      52.000            9.8921            9.9018            9.9018    
      52.200            9.9239            9.9338            9.9338    
      52.400            9.9428            9.9530            9.9530    
      52.600            9.9504            9.9608            9.9608    
      52.800            9.9479            9.9588            9.9588    
      53.000            9.9365            9.9479            9.9479    
      53.200            9.9175            9.9294            9.9294    
      53.400            9.8916            9.9042            9.9042    
      53.600            9.8598            9.8730            9.8730    
      53.800            9.8228            9.8367            9.8367    
      54.000            9.7813            9.7958            9.7958    
      54.200            9.7358            9.7510            9.7510    
      54.400            9.6869            9.7028            9.7028    
      54.600            9.6350            9.6516            9.6516    
      54.800            9.5805            9.5978            9.5978    
      55.000            9.5238            9.5419            9.5419    
      55.200            9.4652            9.4840            9.4840    
      55.400            9.4050            9.4245            9.4245    
      55.600            9.3434            9.3637            9.3637    
      55.800            9.2807            9.3017            9.3017    
      56.000            9.2170            9.2387            9.2387    
      56.200            9.1526            9.1750            9.1750    
      56.400            9.0875            9.1106            9.1106    
      56.600            9.0220            9.0458            9.0458    
      56.800            8.9561            8.9805            8.9805    
      57.000            8.8899            8.9150            8.9150    
      57.200            8.8235            8.8493            8.8493    
      57.400            8.7571            8.7835            8.7835    
      57.600            8.6906            8.7177            8.7177    
      57.800            8.6242            8.6519            8.6519    
      58.000            8.5579            8.5862            8.5862    
      58.200            8.4918            8.5207            8.5207    
      58.400            8.4258            8.4553            8.4553    
      58.600            8.3600            8.3901            8.3901    
      58.800            8.2946            8.3252            8.3252    
      59.000            8.2294            8.2606            8.2606    
      59.200            8.1645            8.1963            8.1963    
      59.400            8.1000            8.1323            8.1323    
      59.600            8.0358            8.0686            8.0686    
      59.800            7.9720            8.0053            8.0053    
      60.000            7.9085            7.9424            7.9424    
      60.200            7.8455            7.8799            7.8799    
      60.400            7.7829            7.8177            7.8177    
      60.600            7.7207            7.7560            7.7560    
      60.800            7.6589            7.6947            7.6947    
      61.000            7.5975            7.6337            7.6337    
      61.200            7.5366            7.5733            7.5733    
      61.400            7.4761            7.5132            7.5132    
      61.600            7.4160            7.4536            7.4536    
      61.800            7.3564            7.3944            7.3944    
      62.000            7.2972            7.3356            7.3356    
      62.200            7.2385            7.2773            7.2773    
      62.400            7.1802            7.2194            7.2194    
      62.600            7.1224            7.1619            7.1619    
      62.800            7.0650            7.1049            7.1049    
      63.000            7.0081            7.0483            7.0483    
      63.200            6.9515            6.9922            6.9922    
      63.400            6.8955            6.9364            6.9364    
      63.600            6.8398            6.8811            6.8811    
      63.800            6.7846            6.8263            6.8263    
      64.000            6.7299            6.7718            6.7718    
      64.200            6.6755            6.7178            6.7178    
      64.400            6.6216            6.6642            6.6642    
      64.600            6.5682            6.6111            6.6111    
      64.800            6.5151            6.5583            6.5583    
      65.000            6.4625            6.5060            6.5060    
      65.200            6.4103            6.4540            6.4540    
      65.400            6.3585            6.4025            6.4025    
      65.600            6.3071            6.3514            6.3514    
      65.800            6.2562            6.3007            6.3007    
      66.000            6.2056            6.2504            6.2504    
      66.200            6.1555            6.2005            6.2005    
      66.400            6.1057            6.1510            6.1510    
      66.600            6.0564            6.1018            6.1018    
      66.800            6.0074            6.0531            6.0531    
      67.000            5.9589            6.0048            6.0048    
      67.200            5.9107            5.9568            5.9568    
      67.400            5.8629            5.9092            5.9092    
      67.600            5.8155            5.8620            5.8620    
      67.800            5.7685            5.8152            5.8152    
      68.000            5.7219            5.7688            5.7688    
      68.200            5.6756            5.7227            5.7227    
      68.400            5.6297            5.6770            5.6770    
      68.600            5.5842            5.6316            5.6316    
      68.800            5.5391            5.5866            5.5866    
      69.000            5.4943            5.5420            5.5420    
      69.200            5.4499            5.4977            5.4977    
      69.400            5.4058            5.4538            5.4538    
      69.600            5.3621            5.4103            5.4103    
      69.800            5.3188            5.3670            5.3670    
      70.000            5.2758            5.3242            5.3242    
      70.200            5.2331            5.2816            5.2816    
      70.400            5.1908            5.2394            5.2394    
      70.600            5.1488            5.1976            5.1976    
      70.800            5.1072            5.1561            5.1561    
      71.000            5.0659            5.1149            5.1149    
      71.200            5.0250            5.0740            5.0740    
      71.400            4.9843            5.0335            5.0335    
      71.600            4.9440            4.9933            4.9933    
      71.800            4.9041            4.9534            4.9534    
      72.000            4.8644            4.9138            4.9138    
      72.200            4.8251            4.8745            4.8745    
      72.400            4.7861            4.8356            4.8356    
      72.600            4.8107            4.8885            4.8885    
      72.800            5.6359            5.7038            5.7038    
      73.000            6.3564            6.4159            6.4159    
      73.200            6.9843            7.0367            7.0367    
      73.400            7.5302            7.5765            7.5765    
      73.600            8.0034            8.0446            8.0446    
      73.800            8.4122            8.4492            8.4492    
      74.000            8.7640            8.7976            8.7976    
      74.200            9.0655            9.0961            9.0961    
      74.400            9.3223            9.3505            9.3505    
      74.600            9.5396            9.5660            9.5660    
      74.800            9.7220            9.7469            9.7469    
      75.000            9.8735            9.8972            9.8972    
      75.200            9.9977            10.021            10.021    
      75.400            10.098            10.120            10.120    
      75.600            10.177            10.198            10.198    
      75.800            10.236            10.258            10.258    
      76.000            10.280            10.301            10.301    
      76.200            10.309            10.330            10.330    
      76.400            10.324            10.346            10.346    
      76.600            10.329            10.351            10.351    
      76.800            10.323            10.346            10.346    
      77.000            10.309            10.332            10.332    
      77.200            10.287            10.310            10.310    
      77.400            10.258            10.282            10.282    
      77.600            10.223            10.248            10.248    
      77.800            10.183            10.208            10.208    
      78.000            10.139            10.165            10.165    
      78.200            10.090            10.117            10.117    
      78.400            10.039            10.066            10.066    
      78.600            9.9838            10.012            10.012    
      78.800            9.9265            9.9550            9.9550    
      79.000            9.8670            9.8962            9.8962    
      79.200            9.8057            9.8355            9.8355    
      79.400            9.7427            9.7732            9.7732    
      79.600            9.6784            9.7096            9.7096    
      79.800            9.6130            9.6448            9.6448    
      80.000            9.5466            9.5791            9.5791    
      80.200            9.4795            9.5127            9.5127    
      80.400            9.4118            9.4456            9.4456    
      80.600            9.3437            9.3781            9.3781    
      80.800            9.2751            9.3102            9.3102    
      81.000            9.2064            9.2420            9.2420    
      81.200            9.1375            9.1737            9.1737    
      81.400            9.0685            9.1054            9.1054    
      81.600            8.9995            9.0370            9.0370    
      81.800            8.9306            8.9686            8.9686    
      82.000            8.8618            8.9004            8.9004    
      82.200            8.7932            8.8323            8.8323    
      82.400            8.7248            8.7645            8.7645    
      82.600            8.6566            8.6968            8.6968    
      82.800            8.5888            8.6295            8.6295    
      83.000            8.5212            8.5624            8.5624    
      83.200            8.4540            8.4957            8.4957    
      83.400            8.3871            8.4293            8.4293    
      83.600            8.3206            8.3632            8.3632    
      83.800            8.2545            8.2976            8.2976    
      84.000            8.1887            8.2323            8.2323    
      84.200            8.1234            8.1675            8.1675    
      84.400            8.0586            8.1030            8.1030    
      84.600            7.9941            8.0390            8.0390    
      84.800            7.9301            7.9754            7.9754    
      85.000            7.8666            7.9123            7.9123    
      85.200            7.8035            7.8496            7.8496    
      85.400            7.7408            7.7873            7.7873    
      85.600            7.6786            7.7255            7.7255    
      85.800            7.6169            7.6641            7.6641    
      86.000            7.5556            7.6032            7.6032    
      86.200            7.4948            7.5427            7.5427    
      86.400            7.4344            7.4827            7.4827    
      86.600            7.3745            7.4232            7.4232    
      86.800            7.3151            7.3641            7.3641    
      87.000            7.2561            7.3054            7.3054    
      87.200            7.1976            7.2472            7.2472    
      87.400            7.1396            7.1894            7.1894    
      87.600            7.0820            7.1321            7.1321    
      87.800            7.0248            7.0752            7.0752    
      88.000            6.9681            7.0188            7.0188    
      88.200            6.9118            6.9628            6.9628    
      88.400            6.8560            6.9073            6.9073    
      88.600            6.8007            6.8521            6.8521    
      88.800            6.7457            6.7975            6.7975    
      89.000            6.6912            6.7432            6.7432    
      89.200            6.6372            6.6894            6.6894    
      89.400            6.5836            6.6360            6.6360    
      89.600            6.5304            6.5830            6.5830    
      89.800            6.4776            6.5304            6.5304    
      90.000            6.4253            6.4783            6.4783    
      90.200            6.3733            6.4266            6.4266    
      90.400            6.3218            6.3753            6.3753    
      90.600            6.2707            6.3243            6.3243    
      90.800            6.2200            6.2738            6.2738    
      91.000            6.1698            6.2237            6.2237    
      91.200            6.1199            6.1740            6.1740    
      91.400            6.0704            6.1247            6.1247    
      91.600            6.0214            6.0758            6.0758    
      91.800            5.9727            6.0273            6.0273    
      92.000            5.9244            5.9791            5.9791    
      92.200            5.8765            5.9314            5.9314    
      92.400            5.8290            5.8840            5.8840    
      92.600            5.7819            5.8370            5.8370    
      92.800            5.7351            5.7904            5.7904    
      93.000            5.6888            5.7441            5.7441    
      93.200            5.6428            5.6982            5.6982    
      93.400            5.5972            5.6527            5.6527    
      93.600            5.5519            5.6075            5.6075    
      93.800            5.5070            5.5627            5.5627    
      94.000            5.4625            5.5183            5.5183    
      94.200            5.4183            5.4742            5.4742    
      94.400            5.3745            5.4305            5.4305    
      94.600            5.3311            5.3871            5.3871    
      94.800            5.2880            5.3441            5.3441    
      95.000            5.2452            5.3014            5.3014    
      95.200            5.2028            5.2590            5.2590    
      95.400            5.1607            5.2170            5.2170    
      95.600            5.1190            5.1753            5.1753    
      95.800            5.0776            5.1340            5.1340    
      96.000            5.0366            5.0930            5.0930    
      96.200            4.9959            5.0523            5.0523    
      96.400            4.9555            5.0119            5.0119    
      96.600            4.9787            5.0634            5.0634    
      96.800            5.8025            5.8773            5.8773    
      97.000            6.5217            6.5881            6.5881    
      97.200            7.1483            7.2075            7.2075    
      97.400            7.6928            7.7459            7.7459    
      97.600            8.1647            8.2127            8.2127    
      97.800            8.5722            8.6159            8.6159    
      98.000            8.9228            8.9629            8.9629    
      98.200            9.2229            9.2602            9.2602    
      98.400            9.4785            9.5133            9.5133    
      98.600            9.6945            9.7274            9.7274    
      98.800            9.8756            9.9070            9.9070    
      99.000            10.026            10.056            10.056    
      99.200            10.149            10.178            10.178    
      99.400            10.248            10.276            10.276    
      99.600            10.325            10.353            10.353    
      99.800            10.384            10.412            10.412    
      100.00            10.426            10.454            10.454    
      100.20            10.454            10.482            10.482    
      100.40            10.468            10.496            10.496    
      100.60            10.472            10.500            10.500    
      100.80            10.465            10.494            10.494    
      101.00            10.449            10.478            10.478    
      101.20            10.426            10.456            10.456    
      101.40            10.396            10.426            10.426    
      101.60            10.360            10.391            10.391    
      101.80            10.319            10.350            10.350    
      102.00            10.274            10.305            10.305    
      102.20            10.224            10.257            10.257    
      102.40            10.171            10.204            10.204    
      102.60            10.116            10.149            10.149    
      102.80            10.057            10.091            10.091    
      103.00            9.9966            10.032            10.032    
      103.20            9.9342            9.9697            9.9697    
      103.40            9.8702            9.9064            9.9064    
      103.60            9.8049            9.8417            9.8417    
      103.80            9.7384            9.7759            9.7759    
      104.00            9.6711            9.7091            9.7091    
      104.20            9.6029            9.6416            9.6416    
      104.40            9.5343            9.5735            9.5735    
      104.60            9.4651            9.5050            9.5050    
      104.80            9.3956            9.4361            9.4361    
      105.00            9.3259            9.3669            9.3669    
      105.20            9.2560            9.2976            9.2976    
      105.40            9.1861            9.2283            9.2283    
      105.60            9.1161            9.1589            9.1589    
      105.80            9.0463            9.0896            9.0896    
      106.00            8.9766            9.0204            9.0204    
      106.20            8.9070            8.9514            8.9514    
      106.40            8.8377            8.8825            8.8825    
      106.60            8.7686            8.8140            8.8140    
      106.80            8.6998            8.7457            8.7457    
      107.00            8.6314            8.6777            8.6777    
      107.20            8.5632            8.6100            8.6100    
      107.40            8.4955            8.5427            8.5427    
      107.60            8.4281            8.4758            8.4758    
      107.80            8.3611            8.4092            8.4092    
      108.00            8.2945            8.3431            8.3431    
      108.20            8.2284            8.2773            8.2773    
      108.40            8.1626            8.2120            8.2120    
      108.60            8.0974            8.1471            8.1471    
      108.80            8.0325            8.0827            8.0827    
      109.00            7.9681            8.0187            8.0187    
      109.20            7.9042            7.9551            7.9551    
      109.40            7.8408            7.8920            7.8920    
      109.60            7.7778            7.8294            7.8294    
      109.80            7.7152            7.7672            7.7672    
      110.00            7.6531            7.7054            7.7054    
      110.20            7.5915            7.6441            7.6441    
      110.40            7.5304            7.5833            7.5833    
      110.60            7.4697            7.5229            7.5229    
      110.80            7.4095            7.4630            7.4630    
      111.00            7.3498            7.4036            7.4036    
      111.20            7.2905            7.3446            7.3446    
      111.40            7.2317            7.2860            7.2860    
      111.60            7.1734            7.2280            7.2280    
      111.80            7.1155            7.1703            7.1703    
      112.00            7.0580            7.1131            7.1131    
      112.20            7.0010            7.0564            7.0564    
      112.40            6.9445            7.0001            7.0001    
      112.60            6.8884            6.9442            6.9442    
      112.80            6.8328            6.8888            6.8888    
      113.00            6.7776            6.8338            6.8338    
      113.20            6.7228            6.7793            6.7793    
      113.40            6.6685            6.7252            6.7252    
      113.60            6.6146            6.6715            6.6715    
      113.80            6.5612            6.6182            6.6182    
      114.00            6.5082            6.5654            6.5654    
      114.20            6.4556            6.5129            6.5129    
      114.40            6.4034            6.4609            6.4609    
      114.60            6.3516            6.4093            6.4093    
      114.80            6.3003            6.3581            6.3581    
      115.00            6.2494            6.3074            6.3074    
      115.20            6.1989            6.2570            6.2570    
      115.40            6.1488            6.2070            6.2070    
      115.60            6.0991            6.1574            6.1574    
      115.80            6.0498            6.1083            6.1083    
      116.00            6.0008            6.0595            6.0595    
      116.20            5.9523            6.0111            6.0111    
      116.40            5.9042            5.9630            5.9630    
      116.60            5.8565            5.9154            5.9154    
      116.80            5.8091            5.8682            5.8682    
      117.00            5.7622            5.8213            5.8213    
      117.20            5.7156            5.7748            5.7748    
      117.40            5.6694            5.7287            5.7287    
      117.60            5.6235            5.6829            5.6829    
      117.80            5.5781            5.6375            5.6375    
      118.00            5.5330            5.5925            5.5925    
      118.20            5.4883            5.5478            5.5478    
      118.40            5.4439            5.5035            5.5035    
      118.60            5.3999            5.4595            5.4595    
      118.80            5.3562            5.4159            5.4159    
      119.00            5.3129            5.3726            5.3726    
      119.20            5.2699            5.3297            5.3297    
      119.40            5.2273            5.2871            5.2871    
      119.60            5.1851            5.2449            5.2449    
      119.80            5.1432            5.2030            5.2030    
      120.00            5.1016            5.1614            5.1614    
      120.20            5.0603            5.1202            5.1202    
      120.40            5.0194            5.0793            5.0793    
      120.60            5.0422            5.1302            5.1302    
      120.80            5.8654            5.9436            5.9436    
      121.00            6.5841            6.6538            6.6538    
      121.20            7.2102            7.2727            7.2727    
      121.40            7.7542            7.8106            7.8106    
      121.60            8.2256            8.2769            8.2769    
      121.80            8.6326            8.6796            8.6796    
      122.00            8.9827            9.0261            9.0261    
      122.20            9.2824            9.3228            9.3228    
      122.40            9.5374            9.5754            9.5754    
      122.60            9.7530            9.7891            9.7891    
      122.80            9.9337            9.9682            9.9682    
      123.00            10.083            10.117            10.117    
      123.20            10.206            10.238            10.238    
      123.40            10.304            10.336            10.336    
      123.60            10.381            10.413            10.413    
      123.80            10.440            10.471            10.471    
      124.00            10.481            10.512            10.512    
      124.20            10.509            10.539            10.539    
      124.40            10.523            10.554            10.554    
      124.60            10.526            10.557            10.557    
      124.80            10.518            10.550            10.550    
      125.00            10.502            10.534            10.534    
      125.20            10.479            10.511            10.511    
      125.40            10.448            10.481            10.481    
      125.60            10.412            10.446            10.446    
      125.80            10.371            10.405            10.405    
      126.00            10.325            10.359            10.359    
      126.20            10.275            10.310            10.310    
      126.40            10.221            10.257            10.257    
      126.60            10.165            10.202            10.202    
      126.80            10.106            10.144            10.144    
      127.00            10.046            10.083            10.083    
      127.20            9.9827            10.021            10.021    
      127.40            9.9183            9.9572            9.9572    
      127.60            9.8526            9.8921            9.8921    
      127.80            9.7858            9.8259            9.8259    
      128.00            9.7180            9.7588            9.7588    
      128.20            9.6495            9.6909            9.6909    
      128.40            9.5805            9.6224            9.6224    
      128.60            9.5109            9.5535            9.5535    
      128.80            9.4411            9.4842            9.4842    
      129.00            9.3710            9.4146            9.4146    
      129.20            9.3007            9.3450            9.3450    
      129.40            9.2304            9.2752            9.2752    
      129.60            9.1602            9.2055            9.2055    
      129.80            9.0899            9.1358            9.1358    
      130.00            9.0199            9.0662            9.0662    
      130.20            8.9500            8.9968            8.9968    
      130.40            8.8803            8.9276            8.9276    
      130.60            8.8109            8.8587            8.8587    
      130.80            8.7417            8.7900            8.7900    
      131.00            8.6729            8.7217            8.7217    
      131.20            8.6045            8.6537            8.6537    
      131.40            8.5364            8.5860            8.5860    
      131.60            8.4687            8.5187            8.5187    
      131.80            8.4014            8.4519            8.4519    
      132.00            8.3345            8.3854            8.3854    
      132.20            8.2680            8.3193            8.3193    
      132.40            8.2019            8.2536            8.2536    
      132.60            8.1363            8.1884            8.1884    
      132.80            8.0712            8.1236            8.1236    
      133.00            8.0065            8.0593            8.0593    
      133.20            7.9423            7.9954            7.9954    
      133.40            7.8785            7.9320            7.9320    
      133.60            7.8152            7.8690            7.8690    
      133.80            7.7523            7.8065            7.8065    
      134.00            7.6900            7.7444            7.7444    
      134.20            7.6281            7.6829            7.6829    
      134.40            7.5666            7.6217            7.6217    
      134.60            7.5057            7.5610            7.5610    
      134.80            7.4452            7.5008            7.5008    
      135.00            7.3851            7.4411            7.4411    
      135.20            7.3256            7.3818            7.3818    
      135.40            7.2665            7.3229            7.3229    
      135.60            7.2079            7.2646            7.2646    
      135.80            7.1497            7.2066            7.2066    
      136.00            7.0920            7.1492            7.1492    
      136.20            7.0347            7.0921            7.0921    
      136.40            6.9779            7.0355            7.0355    
      136.60            6.9216            6.9794            6.9794    
      136.80            6.8656            6.9237            6.9237    
      137.00            6.8102            6.8684            6.8684    
      137.20            6.7552            6.8136            6.8136    
      137.40            6.7006            6.7592            6.7592    
      137.60            6.6465            6.7053            6.7053    
      137.80            6.5927            6.6517            6.6517    
      138.00            6.5395            6.5986            6.5986    
      138.20            6.4866            6.5459            6.5459    
      138.40            6.4342            6.4936            6.4936    
      138.60            6.3822            6.4418            6.4418    
      138.80            6.3306            6.3903            6.3903    
      139.00            6.2794            6.3393            6.3393    
      139.20            6.2287            6.2887            6.2887    
      139.40            6.1783            6.2384            6.2384    
      139.60            6.1284            6.1886            6.1886    
      139.80            6.0788            6.1392            6.1392    
      140.00            6.0297            6.0902            6.0902    
      140.20            5.9810            6.0415            6.0415    
      140.40            5.9326            5.9932            5.9932    
      140.60            5.8847            5.9454            5.9454    
      140.80            5.8371            5.8979            5.8979    
      141.00            5.7899            5.8508            5.8508    
      141.20            5.7431            5.8040            5.8040    
      141.40            5.6966            5.7577            5.7577    
      141.60            5.6506            5.7117            5.7117    
      141.80            5.6049            5.6660            5.6660    
      142.00            5.5596            5.6208            5.6208    
      142.20            5.5146            5.5759            5.5759    
      142.40            5.4701            5.5313            5.5313    
      142.60            5.4258            5.4871            5.4871    
      142.80            5.3820            5.4433            5.4433    
      143.00            5.3385            5.3998            5.3998    
      143.20            5.2953            5.3567            5.3567    
      143.40            5.2525            5.3139            5.3139    
      143.60            5.2100            5.2714            5.2714    
      143.80            5.1679            5.2293            5.2293    
      144.00            5.1261            5.1876            5.1876    
      144.20            5.0847            5.1461            5.1461    
      144.40            5.0436            5.1050            5.1050    
      144.60            5.0028            5.0642            5.0642    
      144.80            4.9623            5.0238            5.0238    
      145.00            4.9222            4.9836            4.9836    
      145.20            4.8824            4.9438            4.9438    
      145.40            4.8429            4.9043            4.9043    
      145.60            4.8038            4.8651            4.8651    
      145.80            4.7649            4.8263            4.8263    
      146.00            4.7264            4.7877            4.7877    
      146.20            4.6882            4.7495            4.7495    
      146.40            4.6503            4.7115            4.7115    
      146.60            4.6127            4.6739            4.6739    
      146.80            4.5754            4.6365            4.6365    
      147.00            4.5384            4.5995            4.5995    
      147.20            4.5017            4.5628            4.5628    
      147.40            4.4653            4.5263            4.5263    
      147.60            4.4292            4.4902            4.4902    
      147.80            4.3934            4.4543            4.4543    
      148.00            4.3579            4.4187            4.4187    
      148.20            4.3226            4.3834            4.3834    
      148.40            4.2877            4.3484            4.3484    
      148.60            4.2530            4.3136            4.3136    
      148.80            4.2186            4.2792            4.2792    
      149.00            4.1845            4.2450            4.2450    
      149.20            4.1507            4.2111            4.2111    
      149.40            4.1171            4.1774            4.1774    
      149.60            4.0839            4.1441            4.1441    
      149.80            4.0508            4.1110            4.1110    
      150.00            4.0181            4.0781            4.0781    
      150.20            3.9856            4.0455            4.0455    
      150.40            3.9534            4.0132            4.0132    
      150.60            3.9214            3.9812            3.9812    
      150.80            3.8897            3.9493            3.9493    
      151.00            3.8583            3.9178            3.9178    
      151.20            3.8271            3.8865            3.8865    
      151.40            3.7961            3.8554            3.8554    
      151.60            3.7654            3.8246            3.8246    
      151.80            3.7350            3.7941            3.7941    
      152.00            3.7048            3.7638            3.7638    
      152.20            3.6748            3.7337            3.7337    
      152.40            3.6451            3.7039            3.7039    
      152.60            3.6156            3.6743            3.6743    
      152.80            3.5864            3.6449            3.6449    
      153.00            3.5574            3.6158            3.6158    
      153.20            3.5286            3.5869            3.5869    
      153.40            3.5001            3.5583            3.5583    
      153.60            3.4718            3.5299            3.5299    
      153.80            3.4437            3.5017            3.5017    
      154.00            3.4159            3.4737            3.4737    
      154.20            3.3883            3.4459            3.4459    
      154.40            3.3609            3.4184            3.4184    
      154.60            3.3337            3.3911            3.3911    
      154.80            3.3068            3.3640            3.3640    
      155.00            3.2800            3.3371            3.3371    
      155.20            3.2535            3.3105            3.3105    
      155.40            3.2272            3.2840            3.2840    
      155.60            3.2011            3.2578            3.2578    
      155.80            3.1752            3.2318            3.2318    
      156.00            3.1496            3.2059            3.2059    
      156.20            3.1241            3.1803            3.1803    
      156.40            3.0988            3.1549            3.1549    
      156.60            3.0738            3.1297            3.1297    
      156.80            3.0489            3.1047            3.1047    
      157.00            3.0243            3.0799            3.0799    
      157.20            2.9998            3.0553            3.0553    
      157.40            2.9756            3.0309            3.0309    
      157.60            2.9515            3.0067            3.0067    
      157.80            2.9276            2.9827            2.9827    
      158.00            2.9040            2.9588            2.9588    
      158.20            2.8805            2.9352            2.9352    
      158.40            2.8572            2.9117            2.9117    
      158.60            2.8341            2.8885            2.8885    
      158.80            2.8112            2.8654            2.8654    
      159.00            2.7885            2.8425            2.8425    
      159.20            2.7659            2.8198            2.8198    
      159.40            2.7436            2.7973            2.7973    
      159.60            2.7214            2.7749            2.7749    
      159.80            2.6994            2.7528            2.7528    
      160.00            2.6775            2.7308            2.7308    
      160.20            2.6559            2.7090            2.7090    
      160.40            2.6344            2.6873            2.6873    
      160.60            2.6131            2.6658            2.6658    
      160.80            2.5920            2.6445            2.6445    
      161.00            2.5710            2.6234            2.6234    
      161.20            2.5502            2.6025            2.6025    
      161.40            2.5296            2.5817            2.5817    
      161.60            2.5092            2.5610            2.5610    
      161.80            2.4889            2.5406            2.5406    
      162.00            2.4688            2.5203            2.5203    
      162.20            2.4488            2.5002            2.5002    
      162.40            2.4290            2.4802            2.4802    
      162.60            2.4094            2.4604            2.4604    
      162.80            2.3899            2.4407            2.4407    
      163.00            2.3706            2.4212            2.4212    
      163.20            2.3514            2.4019            2.4019    
      163.40            2.3324            2.3827            2.3827    
      163.60            2.3135            2.3636            2.3636    
      163.80            2.2948            2.3448            2.3448    
      164.00            2.2763            2.3260            2.3260    
      164.20            2.2579            2.3075            2.3075    
      164.40            2.2396            2.2890            2.2890    
      164.60            2.2215            2.2707            2.2707    
      164.80            2.2035            2.2526            2.2526    
      165.00            2.1857            2.2346            2.2346    
      165.20            2.1680            2.2167            2.2167    
      165.40            2.1505            2.1990            2.1990    
      165.60            2.1331            2.1815            2.1815    
      165.80            2.1159            2.1640            2.1640    
      166.00            2.0988            2.1467            2.1467    
      166.20            2.0818            2.1296            2.1296    
      166.40            2.0650            2.1126            2.1126    
      166.60            2.0483            2.0957            2.0957    
      166.80            2.0317            2.0790            2.0790    
      167.00            2.0153            2.0624            2.0624    
      167.20            1.9990            2.0459            2.0459    
      167.40            1.9828            2.0295            2.0295    
      167.60            1.9668            2.0133            2.0133    
      167.80            1.9509            1.9972            1.9972    


  SUBJECT NO.     1 ...  OUTPUT EQUATION NO.  1

     TIMES                   OBSERVED VALUES          PREDICTED VALUES, BASED ON POSTERIOR MEANS; THEN MEDIANS; THEN MODES
--------------------------------------------------------------------------------------------------------------------------
      120.00            5.4800            5.1016            5.1614            5.1614    
      121.00            6.5900            6.5841            6.6538            6.6538    
      122.00            8.9100            8.9827            9.0261            9.0261    
      126.00            10.570            10.325            10.359            10.359    
      129.00            9.5200            9.3710            9.4146            9.4146    
      132.00            7.8300            8.3345            8.3854            8.3854    
      143.97            4.9600            5.1324            5.1938            5.1938    


