  icycle     fobj1          gamma          res     grid points (start and end)
    1      -8.465745       4.545455      0.20000     20011    1
    2      -7.912537       3.787879      0.20000         7    1
    3      -6.925209       2.705628      0.20000         7    1
    4      -5.477646       2.705628      0.20000         7    1
    5      -5.477646       1.932591      0.10000         8    1
    6      -4.901518       1.932591      0.10000         8    1
    7      -4.856194       1.932591      0.05000         9    1
    8      -4.856194       1.932591      0.05000         9    1
    9      -4.856194       1.932591      0.02500         9    1
   10      -4.829344       1.932591      0.01250         9    1
   11      -4.807646       1.932591      0.01250         9    1
   12      -4.802108       1.932591      0.01250         9    1
   13      -4.802108       1.932591      0.01250         9    1
   14      -4.801724       1.932591      0.00625         9    1
   15      -4.797679       1.932591      0.00625         9    1
   16      -4.795309       1.932591      0.00625         9    1
   17      -4.794640       1.932591      0.00625         9    1
   18      -4.794115       1.932591      0.00625         9    1
   19      -4.791468       1.932591      0.00625         9    1
   20      -4.790603       1.932591      0.00625         9    1
   21      -4.790603       1.932591      0.00625         9    1
   22      -4.782747       1.932591      0.00313         9    1
   23      -4.771900       1.932591      0.00313         9    1
   24      -4.765604       1.932591      0.00313         9    1
   25      -4.763785       1.932591      0.00313         9    1
   26      -4.753048       1.932591      0.00313         9    1
   27      -4.744356       1.932591      0.00313         9    1
   28      -4.740123       1.932591      0.00313         9    1
   29      -4.738295       1.932591      0.00313         9    1
   30      -4.727092       1.913457      0.00313         9    1
   31      -4.720046       1.913457      0.00313         9    1
   32      -4.717604       1.913457      0.00313         9    1
   33      -4.713649       1.913457      0.00313         9    1
   34      -4.704048       1.913457      0.00313         9    1
   35      -4.698889       1.913457      0.00313         9    1
   36      -4.696811       1.913457      0.00313         9    1
   37      -4.695035       1.913457      0.00313         9    1
   38      -4.691505       1.913457      0.00313         9    1
   39      -4.682521       1.913457      0.00313         9    1
   40      -4.677906       1.913457      0.00313         9    1
   41      -4.676333       1.913457      0.00313         9    1
   42      -4.675215       1.913457      0.00313         9    1
   43      -4.674263       1.913457      0.00313         9    1
   44      -4.670204       1.913457      0.00313         9    1
   45      -4.661998       1.894512      0.00313         9    1
   46      -4.657956       1.894512      0.00313         9    1
   47      -4.656637       1.894512      0.00313         9    1
   48      -4.655772       1.894512      0.00313         9    1
   49      -4.655357       1.894512      0.00313         9    1
   50      -4.654713       1.894512      0.00313         9    1
   51      -4.650870       1.894512      0.00313         9    1
   52      -4.642780       1.894512      0.00313         9    1
   53      -4.639003       1.894512      0.00313         9    1
   54      -4.638413       1.894512      0.00313         9    1
   55      -4.637793       1.894512      0.00313         9    1
   56      -4.636748       1.894512      0.00313         9    1
   57      -4.636137       1.894512      0.00313         9    1
   58      -4.635956       1.894512      0.00313         9    1
   59      -4.635183       1.894512      0.00313         9    1
   60      -4.634534       1.894512      0.00313         9    1
   61      -4.634305       1.894512      0.00313         9    1
   62      -4.634305       1.894512      0.00313         9    1
   63      -4.632621       1.894512      0.00156         9    1
   64      -4.629447       1.894512      0.00156         9    1
   65      -4.627343       1.894512      0.00156         9    1
   66      -4.626299       1.894512      0.00156         9    1
   67      -4.624603       1.894512      0.00156         9    1
   68      -4.621681       1.894512      0.00156         9    1
   69      -4.619818       1.894512      0.00156         9    1
   70      -4.619008       1.894512      0.00156         9    1
   71      -4.617361       1.894512      0.00156         9    1
   72      -4.614665       1.894512      0.00156         9    1
   73      -4.613020       1.894512      0.00156         9    1
   74      -4.612417       1.894512      0.00156         9    1
   75      -4.610882       1.894512      0.00156         9    1
   76      -4.608387       1.894512      0.00156         9    1
   77      -4.606934       1.894512      0.00156         9    1
   78      -4.606481       1.894512      0.00156         9    1
   79      -4.605987       1.894512      0.00156         9    1
   80      -4.604715       1.894512      0.00156         9    1
   81      -4.602321       1.894512      0.00156         9    1
   82      -4.600961       1.894512      0.00156         9    1
   83      -4.600473       1.894512      0.00156         9    1
   84      -4.600064       1.894512      0.00156         9    1
   85      -4.599119       1.894512      0.00156         9    1
   86      -4.596803       1.894512      0.00156         9    1
   87      -4.595514       1.894512      0.00156         9    1
   88      -4.594993       1.875754      0.00156         9    1
   89      -4.594565       1.875754      0.00156         9    1
   90      -4.594135       1.875754      0.00156         9    1
   91      -4.593663       1.875754      0.00156         9    1
   92      -4.591281       1.875754      0.00156         9    1
   93      -4.589938       1.875754      0.00156         9    1
   94      -4.589479       1.875754      0.00156         9    1
   95      -4.589091       1.875754      0.00156         9    1
   96      -4.588657       1.875754      0.00156         9    1
   97      -4.588325       1.875754      0.00156         9    1
   98      -4.587899       1.875754      0.00156         9    1
   99      -4.587451       1.875754      0.00156         9    1
  100      -4.587104       1.875754      0.00156         9    1
