  SUBJECT NO.     1

 COL. 1. = PREDICTION TIMES
 COL. 2. = PRED. VALUES FOR OUTPUT EQ. 1, BASED ON POSTERIOR MEANS
 COL. 3. = PRED. VALUES FOR OUTPUT EQ. 1, BASED ON POSTERIOR MEDIANS
 COL. 4. = PRED. VALUES FOR OUTPUT EQ. 1, BASED ON POSTERIOR MODES
 EACH ADDITIONAL OUTPUT EQ. HAS 3 COLUMNS OF PREDICTED VALUES
 BASED, IN ORDER, ON THE POSTERIOR MEANS, MEDIANS, AND MODES: 
-------------------------------------------------------------
      0.0000            0.0000            0.0000            0.0000    
     0.20000            0.0000            0.0000            0.0000    
     0.40000           0.34913           0.37041           0.37041    
     0.60000           0.82802           0.85027           0.85027    
     0.80000            1.2545            1.2774            1.2774    
      1.0000            1.6340            1.6571            1.6571    
      1.2000            1.9711            1.9942            1.9942    
      1.4000            2.2701            2.2931            2.2931    
      1.6000            2.5348            2.5575            2.5575    
      1.8000            2.7687            2.7909            2.7909    
      2.0000            2.9750            2.9966            2.9966    
      2.2000            3.1563            3.1773            3.1773    
      2.4000            3.3153            3.3356            3.3356    
      2.6000            3.4542            3.4738            3.4738    
      2.8000            3.5751            3.5938            3.5938    
      3.0000            3.6797            3.6977            3.6977    
      3.2000            3.7697            3.7869            3.7869    
      3.4000            3.8467            3.8631            3.8631    
      3.6000            3.9120            3.9276            3.9276    
      3.8000            3.9667            3.9816            3.9816    
      4.0000            4.0119            4.0261            4.0261    
      4.2000            4.0487            4.0622            4.0622    
      4.4000            4.0780            4.0907            4.0907    
      4.6000            4.1004            4.1125            4.1125    
      4.8000            4.1167            4.1282            4.1282    
      5.0000            4.1276            4.1385            4.1385    
      5.2000            4.1337            4.1440            4.1440    
      5.4000            4.1354            4.1451            4.1451    
      5.6000            4.1332            4.1424            4.1424    
      5.8000            4.1275            4.1363            4.1363    
      6.0000            4.1188            4.1271            4.1271    
      6.2000            4.1073            4.1152            4.1152    
      6.4000            4.0934            4.1009            4.1009    
      6.6000            4.0774            4.0844            4.0844    
      6.8000            4.0594            4.0661            4.0661    
      7.0000            4.0397            4.0461            4.0461    
      7.2000            4.0185            4.0246            4.0246    
      7.4000            3.9961            4.0018            4.0018    
      7.6000            3.9725            3.9779            3.9779    
      7.8000            3.9478            3.9530            3.9530    
      8.0000            3.9223            3.9273            3.9273    
      8.2000            3.8961            3.9008            3.9008    
      8.4000            3.8691            3.8736            3.8736    
      8.6000            3.8417            3.8460            3.8460    
      8.8000            3.8137            3.8178            3.8178    
      9.0000            3.7854            3.7893            3.7893    
      9.2000            3.7567            3.7605            3.7605    
      9.4000            3.7278            3.7314            3.7314    
      9.6000            3.6986            3.7021            3.7021    
      9.8000            3.6693            3.6726            3.6726    
      10.000            3.6399            3.6430            3.6430    
      10.200            3.6104            3.6134            3.6134    
      10.400            3.5808            3.5837            3.5837    
      10.600            3.5512            3.5540            3.5540    
      10.800            3.5216            3.5244            3.5244    
      11.000            3.4921            3.4947            3.4947    
      11.200            3.4627            3.4652            3.4652    
      11.400            3.4333            3.4357            3.4357    
      11.600            3.4040            3.4063            3.4063    
      11.800            3.3748            3.3771            3.3771    
      12.000            3.3458            3.3480            3.3480    
      12.200            3.3168            3.3190            3.3190    
      12.400            3.2881            3.2902            3.2902    
      12.600            3.2595            3.2615            3.2615    
      12.800            3.2311            3.2330            3.2330    
      13.000            3.2028            3.2047            3.2047    
      13.200            3.1747            3.1766            3.1766    
      13.400            3.1469            3.1487            3.1487    
      13.600            3.1192            3.1209            3.1209    
      13.800            3.0917            3.0934            3.0934    
      14.000            3.0644            3.0660            3.0660    
      14.200            3.0373            3.0389            3.0389    
      14.400            3.0104            3.0120            3.0120    
      14.600            2.9837            2.9853            2.9853    
      14.800            2.9572            2.9587            2.9587    
      15.000            2.9310            2.9324            2.9324    
      15.200            2.9049            2.9064            2.9064    
      15.400            2.8791            2.8805            2.8805    
      15.600            2.8535            2.8548            2.8548    
      15.800            2.8280            2.8294            2.8294    
      16.000            2.8028            2.8041            2.8041    
      16.200            2.7778            2.7791            2.7791    
      16.400            2.7530            2.7543            2.7543    
      16.600            2.7285            2.7297            2.7297    
      16.800            2.7041            2.7053            2.7053    
      17.000            2.6799            2.6811            2.6811    
      17.200            2.6560            2.6571            2.6571    
      17.400            2.6323            2.6334            2.6334    
      17.600            2.6087            2.6098            2.6098    
      17.800            2.5854            2.5864            2.5864    
      18.000            2.5623            2.5633            2.5633    
      18.200            2.5393            2.5403            2.5403    
      18.400            2.5166            2.5176            2.5176    
      18.600            2.4941            2.4950            2.4950    
      18.800            2.4718            2.4727            2.4727    
      19.000            2.4496            2.4505            2.4505    
      19.200            2.4277            2.4286            2.4286    
      19.400            2.4060            2.4068            2.4068    
      19.600            2.3844            2.3853            2.3853    
      19.800            2.3630            2.3639            2.3639    
      20.000            2.3419            2.3427            2.3427    
      20.200            2.3209            2.3217            2.3217    
      20.400            2.3001            2.3009            2.3009    
      20.600            2.2795            2.2802            2.2802    
      20.800            2.2591            2.2598            2.2598    
      21.000            2.2388            2.2395            2.2395    
      21.200            2.2188            2.2195            2.2195    
      21.400            2.1989            2.1996            2.1996    
      21.600            2.1792            2.1798            2.1798    
      21.800            2.1596            2.1603            2.1603    
      22.000            2.1403            2.1409            2.1409    
      22.200            2.1211            2.1217            2.1217    
      22.400            2.1021            2.1027            2.1027    
      22.600            2.0832            2.0838            2.0838    
      22.800            2.0646            2.0651            2.0651    
      23.000            2.0461            2.0466            2.0466    
      23.200            2.0277            2.0283            2.0283    
      23.400            2.0095            2.0101            2.0101    
      23.600            1.9915            1.9920            1.9920    
      23.800            1.9737            1.9742            1.9742    
      24.000            1.9560            1.9565            1.9565    
      24.200            1.9385            1.9389            1.9389    
      24.400            2.2702            2.2919            2.2919    
      24.600            2.7319            2.7546            2.7546    
      24.800            3.1413            3.1646            3.1646    
      25.000            3.5039            3.5274            3.5274    
      25.200            3.8242            3.8477            3.8477    
      25.400            4.1065            4.1299            4.1299    
      25.600            4.3548            4.3779            4.3779    
      25.800            4.5724            4.5950            4.5950    
      26.000            4.7625            4.7845            4.7845    
      26.200            4.9279            4.9492            4.9492    
      26.400            5.0710            5.0916            5.0916    
      26.600            5.1941            5.2140            5.2140    
      26.800            5.2994            5.3184            5.3184    
      27.000            5.3885            5.4068            5.4068    
      27.200            5.4633            5.4807            5.4807    
      27.400            5.5250            5.5417            5.5417    
      27.600            5.5752            5.5911            5.5911    
      27.800            5.6150            5.6302            5.6302    
      28.000            5.6455            5.6599            5.6599    
      28.200            5.6677            5.6814            5.6814    
      28.400            5.6824            5.6954            5.6954    
      28.600            5.6904            5.7027            5.7027    
      28.800            5.6925            5.7042            5.7042    
      29.000            5.6893            5.7004            5.7004    
      29.200            5.6813            5.6918            5.6918    
      29.400            5.6691            5.6791            5.6791    
      29.600            5.6532            5.6626            5.6626    
      29.800            5.6339            5.6428            5.6428    
      30.000            5.6117            5.6201            5.6201    
      30.200            5.5868            5.5948            5.5948    
      30.400            5.5597            5.5672            5.5672    
      30.600            5.5305            5.5376            5.5376    
      30.800            5.4995            5.5063            5.5063    
      31.000            5.4669            5.4733            5.4733    
      31.200            5.4329            5.4390            5.4390    
      31.400            5.3978            5.4036            5.4036    
      31.600            5.3616            5.3671            5.3671    
      31.800            5.3245            5.3298            5.3298    
      32.000            5.2866            5.2917            5.2917    
      32.200            5.2482            5.2529            5.2529    
      32.400            5.2091            5.2137            5.2137    
      32.600            5.1696            5.1740            5.1740    
      32.800            5.1298            5.1339            5.1339    
      33.000            5.0896            5.0936            5.0936    
      33.200            5.0493            5.0530            5.0530    
      33.400            5.0087            5.0124            5.0124    
      33.600            4.9681            4.9716            4.9716    
      33.800            4.9274            4.9307            4.9307    
      34.000            4.8867            4.8899            4.8899    
      34.200            4.8460            4.8490            4.8490    
      34.400            4.8054            4.8083            4.8083    
      34.600            4.7648            4.7676            4.7676    
      34.800            4.7243            4.7271            4.7271    
      35.000            4.6840            4.6866            4.6866    
      35.200            4.6439            4.6464            4.6464    
      35.400            4.6039            4.6063            4.6063    
      35.600            4.5641            4.5665            4.5665    
      35.800            4.5245            4.5268            4.5268    
      36.000            4.4852            4.4874            4.4874    
      36.200            4.4461            4.4482            4.4482    
      36.400            4.4072            4.4092            4.4092    
      36.600            4.3686            4.3705            4.3705    
      36.800            4.3302            4.3321            4.3321    
      37.000            4.2921            4.2939            4.2939    
      37.200            4.2542            4.2560            4.2560    
      37.400            4.2167            4.2184            4.2184    
      37.600            4.1794            4.1811            4.1811    
      37.800            4.1424            4.1440            4.1440    
      38.000            4.1057            4.1072            4.1072    
      38.200            4.0693            4.0708            4.0708    
      38.400            4.0331            4.0346            4.0346    
      38.600            3.9973            3.9987            3.9987    
      38.800            3.9617            3.9631            3.9631    
      39.000            3.9264            3.9278            3.9278    
      39.200            3.8915            3.8928            3.8928    
      39.400            3.8568            3.8580            3.8580    
      39.600            3.8224            3.8236            3.8236    
      39.800            3.7883            3.7895            3.7895    
      40.000            3.7544            3.7556            3.7556    
      40.200            3.7209            3.7220            3.7220    
      40.400            3.6877            3.6888            3.6888    
      40.600            3.6547            3.6558            3.6558    
      40.800            3.6221            3.6231            3.6231    
      41.000            3.5897            3.5907            3.5907    
      41.200            3.5576            3.5585            3.5585    
      41.400            3.5257            3.5267            3.5267    
      41.600            3.4942            3.4951            3.4951    
      41.800            3.4629            3.4638            3.4638    
      42.000            3.4319            3.4328            3.4328    
      42.200            3.4012            3.4020            3.4020    
      42.400            3.3708            3.3716            3.3716    
      42.600            3.3406            3.3413            3.3413    
      42.800            3.3107            3.3114            3.3114    
      43.000            3.2810            3.2817            3.2817    
      43.200            3.2516            3.2523            3.2523    
      43.400            3.2225            3.2232            3.2232    
      43.600            3.1936            3.1943            3.1943    
      43.800            3.1650            3.1656            3.1656    
      44.000            3.1366            3.1373            3.1373    
      44.200            3.1085            3.1091            3.1091    
      44.400            3.0807            3.0813            3.0813    
      44.600            3.0531            3.0536            3.0536    
      44.800            3.0257            3.0262            3.0262    
      45.000            2.9986            2.9991            2.9991    
      45.200            2.9717            2.9722            2.9722    
      45.400            2.9451            2.9456            2.9456    
      45.600            2.9187            2.9191            2.9191    
      45.800            2.8925            2.8930            2.8930    
      46.000            2.8666            2.8670            2.8670    
      46.200            2.8409            2.8413            2.8413    
      46.400            2.8154            2.8158            2.8158    
      46.600            2.7902            2.7906            2.7906    
      46.800            2.7652            2.7655            2.7655    
      47.000            2.7404            2.7407            2.7407    
      47.200            2.7158            2.7162            2.7162    
      47.400            2.6915            2.6918            2.6918    
      47.600            2.6674            2.6676            2.6676    
      47.800            2.6434            2.6437            2.6437    
      48.000            2.6197            2.6200            2.6200    
      48.200            2.5963            2.5965            2.5965    
      48.400            2.9221            2.9436            2.9436    
      48.600            3.3779            3.4004            3.4004    
      48.800            3.7816            3.8047            3.8047    
      49.000            4.1384            4.1617            4.1617    
      49.200            4.4530            4.4764            4.4764    
      49.400            4.7298            4.7529            4.7529    
      49.600            4.9724            4.9953            4.9953    
      49.800            5.1845            5.2069            5.2069    
      50.000            5.3691            5.3909            5.3909    
      50.200            5.5290            5.5501            5.5501    
      50.400            5.6667            5.6871            5.6871    
      50.600            5.7845            5.8042            5.8042    
      50.800            5.8845            5.9033            5.9033    
      51.000            5.9684            5.9864            5.9864    
      51.200            6.0379            6.0552            6.0552    
      51.400            6.0946            6.1110            6.1110    
      51.600            6.1397            6.1553            6.1553    
      51.800            6.1744            6.1893            6.1893    
      52.000            6.1999            6.2140            6.2140    
      52.200            6.2171            6.2305            6.2305    
      52.400            6.2269            6.2396            6.2396    
      52.600            6.2300            6.2421            6.2421    
      52.800            6.2273            6.2387            6.2387    
      53.000            6.2192            6.2301            6.2301    
      53.200            6.2065            6.2168            6.2168    
      53.400            6.1896            6.1993            6.1993    
      53.600            6.1690            6.1782            6.1782    
      53.800            6.1451            6.1538            6.1538    
      54.000            6.1183            6.1265            6.1265    
      54.200            6.0889            6.0967            6.0967    
      54.400            6.0572            6.0646            6.0646    
      54.600            6.0236            6.0305            6.0305    
      54.800            5.9881            5.9947            5.9947    
      55.000            5.9512            5.9574            5.9574    
      55.200            5.9129            5.9188            5.9188    
      55.400            5.8734            5.8790            5.8790    
      55.600            5.8330            5.8383            5.8383    
      55.800            5.7917            5.7967            5.7967    
      56.000            5.7496            5.7544            5.7544    
      56.200            5.7070            5.7115            5.7115    
      56.400            5.6638            5.6681            5.6681    
      56.600            5.6203            5.6244            5.6244    
      56.800            5.5764            5.5803            5.5803    
      57.000            5.5322            5.5359            5.5359    
      57.200            5.4879            5.4914            5.4914    
      57.400            5.4434            5.4468            5.4468    
      57.600            5.3989            5.4021            5.4021    
      57.800            5.3543            5.3574            5.3574    
      58.000            5.3098            5.3127            5.3127    
      58.200            5.2653            5.2681            5.2681    
      58.400            5.2209            5.2236            5.2236    
      58.600            5.1766            5.1792            5.1792    
      58.800            5.1325            5.1349            5.1349    
      59.000            5.0885            5.0909            5.0909    
      59.200            5.0447            5.0470            5.0470    
      59.400            5.0012            5.0033            5.0033    
      59.600            4.9578            4.9599            4.9599    
      59.800            4.9147            4.9167            4.9167    
      60.000            4.8719            4.8738            4.8738    
      60.200            4.8293            4.8311            4.8311    
      60.400            4.7870            4.7887            4.7887    
      60.600            4.7449            4.7466            4.7466    
      60.800            4.7032            4.7048            4.7048    
      61.000            4.6617            4.6633            4.6633    
      61.200            4.6206            4.6221            4.6221    
      61.400            4.5797            4.5812            4.5812    
      61.600            4.5392            4.5406            4.5406    
      61.800            4.4990            4.5003            4.5003    
      62.000            4.4590            4.4604            4.4604    
      62.200            4.4194            4.4207            4.4207    
      62.400            4.3802            4.3814            4.3814    
      62.600            4.3412            4.3424            4.3424    
      62.800            4.3026            4.3037            4.3037    
      63.000            4.2642            4.2653            4.2653    
      63.200            4.2262            4.2273            4.2273    
      63.400            4.1885            4.1896            4.1896    
      63.600            4.1512            4.1522            4.1522    
      63.800            4.1141            4.1151            4.1151    
      64.000            4.0774            4.0783            4.0783    
      64.200            4.0410            4.0418            4.0418    
      64.400            4.0048            4.0057            4.0057    
      64.600            3.9690            3.9699            3.9699    
      64.800            3.9336            3.9344            3.9344    
      65.000            3.8984            3.8991            3.8991    
      65.200            3.8635            3.8642            3.8642    
      65.400            3.8289            3.8296            3.8296    
      65.600            3.7947            3.7954            3.7954    
      65.800            3.7607            3.7614            3.7614    
      66.000            3.7270            3.7277            3.7277    
      66.200            3.6937            3.6943            3.6943    
      66.400            3.6606            3.6612            3.6612    
      66.600            3.6278            3.6284            3.6284    
      66.800            3.5953            3.5959            3.5959    
      67.000            3.5631            3.5636            3.5636    
      67.200            3.5312            3.5317            3.5317    
      67.400            3.4996            3.5000            3.5000    
      67.600            3.4682            3.4687            3.4687    
      67.800            3.4371            3.4376            3.4376    
      68.000            3.4063            3.4067            3.4067    
      68.200            3.3758            3.3762            3.3762    
      68.400            3.3456            3.3459            3.3459    
      68.600            3.3156            3.3159            3.3159    
      68.800            3.2859            3.2862            3.2862    
      69.000            3.2564            3.2567            3.2567    
      69.200            3.2272            3.2275            3.2275    
      69.400            3.1983            3.1986            3.1986    
      69.600            3.1696            3.1699            3.1699    
      69.800            3.1412            3.1415            3.1415    
      70.000            3.1131            3.1133            3.1133    
      70.200            3.0852            3.0854            3.0854    
      70.400            3.0575            3.0577            3.0577    
      70.600            3.0301            3.0303            3.0303    
      70.800            3.0029            3.0031            3.0031    
      71.000            2.9760            2.9761            2.9761    
      71.200            2.9493            2.9494            2.9494    
      71.400            2.9229            2.9230            2.9230    
      71.600            2.8967            2.8968            2.8968    
      71.800            2.8707            2.8708            2.8708    
      72.000            2.8450            2.8450            2.8450    
      72.200            2.8195            2.8195            2.8195    
      72.400            3.1433            3.1646            3.1646    
      72.600            3.5972            3.6194            3.6194    
      72.800            3.9989            4.0217            4.0217    
      73.000            4.3537            4.3768            4.3768    
      73.200            4.6664            4.6896            4.6896    
      73.400            4.9412            4.9642            4.9642    
      73.600            5.1820            5.2046            5.2046    
      73.800            5.3922            5.4144            5.4144    
      74.000            5.5750            5.5965            5.5965    
      74.200            5.7330            5.7539            5.7539    
      74.400            5.8689            5.8891            5.8891    
      74.600            5.9849            6.0043            6.0043    
      74.800            6.0831            6.1017            6.1017    
      75.000            6.1652            6.1830            6.1830    
      75.200            6.2330            6.2500            6.2500    
      75.400            6.2878            6.3041            6.3041    
      75.600            6.3312            6.3467            6.3467    
      75.800            6.3642            6.3789            6.3789    
      76.000            6.3880            6.4020            6.4020    
      76.200            6.4035            6.4167            6.4167    
      76.400            6.4116            6.4242            6.4242    
      76.600            6.4131            6.4250            6.4250    
      76.800            6.4087            6.4200            6.4200    
      77.000            6.3991            6.4097            6.4097    
      77.200            6.3847            6.3948            6.3948    
      77.400            6.3663            6.3757            6.3757    
      77.600            6.3441            6.3530            6.3530    
      77.800            6.3186            6.3271            6.3271    
      78.000            6.2902            6.2982            6.2982    
      78.200            6.2593            6.2668            6.2668    
      78.400            6.2261            6.2332            6.2332    
      78.600            6.1909            6.1976            6.1976    
      78.800            6.1540            6.1603            6.1603    
      79.000            6.1155            6.1216            6.1216    
      79.200            6.0757            6.0815            6.0815    
      79.400            6.0348            6.0402            6.0402    
      79.600            5.9929            5.9980            5.9980    
      79.800            5.9502            5.9550            5.9550    
      80.000            5.9067            5.9113            5.9113    
      80.200            5.8627            5.8670            5.8670    
      80.400            5.8181            5.8223            5.8223    
      80.600            5.7732            5.7771            5.7771    
      80.800            5.7279            5.7316            5.7316    
      81.000            5.6824            5.6860            5.6860    
      81.200            5.6367            5.6401            5.6401    
      81.400            5.5909            5.5941            5.5941    
      81.600            5.5451            5.5481            5.5481    
      81.800            5.4992            5.5021            5.5021    
      82.000            5.4534            5.4561            5.4561    
      82.200            5.4076            5.4102            5.4102    
      82.400            5.3619            5.3644            5.3644    
      82.600            5.3164            5.3188            5.3188    
      82.800            5.2710            5.2733            5.2733    
      83.000            5.2258            5.2280            5.2280    
      83.200            5.1808            5.1829            5.1829    
      83.400            5.1360            5.1380            5.1380    
      83.600            5.0914            5.0933            5.0933    
      83.800            5.0471            5.0490            5.0490    
      84.000            5.0031            5.0048            5.0048    
      84.200            4.9593            4.9610            4.9610    
      84.400            4.9158            4.9174            4.9174    
      84.600            4.8726            4.8742            4.8742    
      84.800            4.8297            4.8312            4.8312    
      85.000            4.7872            4.7886            4.7886    
      85.200            4.7449            4.7463            4.7463    
      85.400            4.7029            4.7042            4.7042    
      85.600            4.6613            4.6625            4.6625    
      85.800            4.6200            4.6212            4.6212    
      86.000            4.5790            4.5801            4.5801    
      86.200            4.5383            4.5394            4.5394    
      86.400            4.4979            4.4990            4.4990    
      86.600            4.4579            4.4590            4.4590    
      86.800            4.4182            4.4192            4.4192    
      87.000            4.3789            4.3798            4.3798    
      87.200            4.3398            4.3408            4.3408    
      87.400            4.3011            4.3020            4.3020    
      87.600            4.2627            4.2636            4.2636    
      87.800            4.2247            4.2255            4.2255    
      88.000            4.1870            4.1877            4.1877    
      88.200            4.1496            4.1503            4.1503    
      88.400            4.1125            4.1132            4.1132    
      88.600            4.0757            4.0764            4.0764    
      88.800            4.0393            4.0399            4.0399    
      89.000            4.0031            4.0038            4.0038    
      89.200            3.9673            3.9679            3.9679    
      89.400            3.9318            3.9324            3.9324    
      89.600            3.8966            3.8972            3.8972    
      89.800            3.8618            3.8623            3.8623    
      90.000            3.8272            3.8277            3.8277    
      90.200            3.7929            3.7934            3.7934    
      90.400            3.7590            3.7594            3.7594    
      90.600            3.7253            3.7257            3.7257    
      90.800            3.6919            3.6923            3.6923    
      91.000            3.6589            3.6592            3.6592    
      91.200            3.6261            3.6264            3.6264    
      91.400            3.5936            3.5939            3.5939    
      91.600            3.5614            3.5617            3.5617    
      91.800            3.5295            3.5298            3.5298    
      92.000            3.4979            3.4981            3.4981    
      92.200            3.4665            3.4668            3.4668    
      92.400            3.4355            3.4357            3.4357    
      92.600            3.4047            3.4049            3.4049    
      92.800            3.3741            3.3743            3.3743    
      93.000            3.3439            3.3441            3.3441    
      93.200            3.3139            3.3141            3.3141    
      93.400            3.2842            3.2844            3.2844    
      93.600            3.2548            3.2549            3.2549    
      93.800            3.2256            3.2257            3.2257    
      94.000            3.1967            3.1968            3.1968    
      94.200            3.1681            3.1681            3.1681    
      94.400            3.1397            3.1397            3.1397    
      94.600            3.1115            3.1115            3.1115    
      94.800            3.0836            3.0836            3.0836    
      95.000            3.0560            3.0560            3.0560    
      95.200            3.0286            3.0286            3.0286    
      95.400            3.0014            3.0014            3.0014    
      95.600            2.9745            2.9745            2.9745    
      95.800            2.9479            2.9478            2.9478    
      96.000            2.9214            2.9214            2.9214    
      96.200            2.8952            2.8952            2.8952    
      96.400            3.2184            3.2396            3.2396    
      96.600            3.6716            3.6937            3.6937    
      96.800            4.0726            4.0953            4.0953    
      97.000            4.4268            4.4498            4.4498    
      97.200            4.7388            4.7619            4.7619    
      97.400            5.0130            5.0359            5.0359    
      97.600            5.2531            5.2757            5.2757    
      97.800            5.4627            5.4847            5.4847    
      98.000            5.6448            5.6663            5.6663    
      98.200            5.8022            5.8230            5.8230    
      98.400            5.9375            5.9576            5.9576    
      98.600            6.0529            6.0722            6.0722    
      98.800            6.1504            6.1690            6.1690    
      99.000            6.2320            6.2497            6.2497    
      99.200            6.2991            6.3161            6.3161    
      99.400            6.3534            6.3696            6.3696    
      99.600            6.3962            6.4116            6.4116    
      99.800            6.4286            6.4432            6.4432    
      100.00            6.4518            6.4657            6.4657    
      100.20            6.4668            6.4799            6.4799    
      100.40            6.4743            6.4867            6.4867    
      100.60            6.4753            6.4870            6.4870    
      100.80            6.4703            6.4814            6.4814    
      101.00            6.4601            6.4706            6.4706    
      101.20            6.4452            6.4552            6.4552    
      101.40            6.4262            6.4356            6.4356    
      101.60            6.4035            6.4123            6.4123    
      101.80            6.3775            6.3858            6.3858    
      102.00            6.3486            6.3565            6.3565    
      102.20            6.3171            6.3246            6.3246    
      102.40            6.2834            6.2904            6.2904    
      102.60            6.2477            6.2543            6.2543    
      102.80            6.2102            6.2165            6.2165    
      103.00            6.1713            6.1772            6.1772    
      103.20            6.1310            6.1366            6.1366    
      103.40            6.0896            6.0949            6.0949    
      103.60            6.0472            6.0522            6.0522    
      103.80            6.0040            6.0087            6.0087    
      104.00            5.9600            5.9645            5.9645    
      104.20            5.9155            5.9198            5.9198    
      104.40            5.8705            5.8745            5.8745    
      104.60            5.8251            5.8289            5.8289    
      104.80            5.7794            5.7830            5.7830    
      105.00            5.7334            5.7368            5.7368    
      105.20            5.6873            5.6905            5.6905    
      105.40            5.6410            5.6441            5.6441    
      105.60            5.5947            5.5977            5.5977    
      105.80            5.5484            5.5512            5.5512    
      106.00            5.5021            5.5048            5.5048    
      106.20            5.4559            5.4584            5.4584    
      106.40            5.4098            5.4122            5.4122    
      106.60            5.3638            5.3661            5.3661    
      106.80            5.3180            5.3202            5.3202    
      107.00            5.2723            5.2745            5.2745    
      107.20            5.2269            5.2289            5.2289    
      107.40            5.1817            5.1836            5.1836    
      107.60            5.1367            5.1386            5.1386    
      107.80            5.0920            5.0938            5.0938    
      108.00            5.0476            5.0493            5.0493    
      108.20            5.0034            5.0050            5.0050    
      108.40            4.9596            4.9611            4.9611    
      108.60            4.9160            4.9175            4.9175    
      108.80            4.8727            4.8741            4.8741    
      109.00            4.8297            4.8311            4.8311    
      109.20            4.7871            4.7884            4.7884    
      109.40            4.7447            4.7460            4.7460    
      109.60            4.7027            4.7039            4.7039    
      109.80            4.6610            4.6622            4.6622    
      110.00            4.6196            4.6207            4.6207    
      110.20            4.5786            4.5797            4.5797    
      110.40            4.5379            4.5389            4.5389    
      110.60            4.4975            4.4985            4.4985    
      110.80            4.4575            4.4584            4.4584    
      111.00            4.4178            4.4187            4.4187    
      111.20            4.3784            4.3792            4.3792    
      111.40            4.3393            4.3401            4.3401    
      111.60            4.3006            4.3014            4.3014    
      111.80            4.2622            4.2630            4.2630    
      112.00            4.2241            4.2249            4.2249    
      112.20            4.1864            4.1871            4.1871    
      112.40            4.1490            4.1496            4.1496    
      112.60            4.1119            4.1125            4.1125    
      112.80            4.0751            4.0757            4.0757    
      113.00            4.0387            4.0392            4.0392    
      113.20            4.0026            4.0031            4.0031    
      113.40            3.9667            3.9672            3.9672    
      113.60            3.9312            3.9317            3.9317    
      113.80            3.8961            3.8965            3.8965    
      114.00            3.8612            3.8616            3.8616    
      114.20            3.8266            3.8270            3.8270    
      114.40            3.7923            3.7927            3.7927    
      114.60            3.7584            3.7587            3.7587    
      114.80            3.7247            3.7250            3.7250    
      115.00            3.6913            3.6917            3.6917    
      115.20            3.6583            3.6586            3.6586    
      115.40            3.6255            3.6258            3.6258    
      115.60            3.5930            3.5933            3.5933    
      115.80            3.5608            3.5611            3.5611    
      116.00            3.5289            3.5291            3.5291    
      116.20            3.4973            3.4975            3.4975    
      116.40            3.4660            3.4661            3.4661    
      116.60            3.4349            3.4350            3.4350    
      116.80            3.4041            3.4042            3.4042    
      117.00            3.3736            3.3737            3.3737    
      117.20            3.3434            3.3435            3.3435    
      117.40            3.3134            3.3135            3.3135    
      117.60            3.2837            3.2838            3.2838    
      117.80            3.2543            3.2543            3.2543    
      118.00            3.2251            3.2251            3.2251    
      118.20            3.1962            3.1962            3.1962    
      118.40            3.1675            3.1675            3.1675    
      118.60            3.1391            3.1391            3.1391    
      118.80            3.1110            3.1110            3.1110    
      119.00            3.0831            3.0831            3.0831    
      119.20            3.0555            3.0554            3.0554    
      119.40            3.0281            3.0280            3.0280    
      119.60            3.0009            3.0008            3.0008    
      119.80            2.9740            2.9739            2.9739    
      120.00            2.9474            2.9472            2.9472    
      120.20            2.9209            2.9208            2.9208    
      120.40            3.2439            3.2650            3.2650    
      120.60            3.6968            3.7189            3.7189    
      120.80            4.0976            4.1203            4.1203    
      121.00            4.4516            4.4745            4.4745    
      121.20            4.7634            4.7864            4.7864    
      121.40            5.0374            5.0602            5.0602    
      121.60            5.2773            5.2997            5.2997    
      121.80            5.4866            5.5086            5.5086    
      122.00            5.6685            5.6899            5.6899    
      122.20            5.8257            5.8465            5.8465    
      122.40            5.9608            5.9808            5.9808    
      122.60            6.0760            6.0952            6.0952    
      122.80            6.1733            6.1918            6.1918    
      123.00            6.2546            6.2723            6.2723    
      123.20            6.3216            6.3385            6.3385    
      123.40            6.3757            6.3918            6.3918    
      123.60            6.4183            6.4336            6.4336    
      123.80            6.4505            6.4650            6.4650    
      124.00            6.4735            6.4873            6.4873    
      124.20            6.4882            6.5013            6.5013    
      124.40            6.4956            6.5080            6.5080    
      124.60            6.4963            6.5081            6.5081    
      124.80            6.4912            6.5023            6.5023    
      125.00            6.4808            6.4913            6.4913    
      125.20            6.4657            6.4756            6.4756    
      125.40            6.4465            6.4559            6.4559    
      125.60            6.4236            6.4324            6.4324    
      125.80            6.3974            6.4058            6.4058    
      126.00            6.3684            6.3762            6.3762    
      126.20            6.3367            6.3441            6.3441    
      126.40            6.3028            6.3098            6.3098    
      126.60            6.2670            6.2736            6.2736    
      126.80            6.2293            6.2356            6.2356    
      127.00            6.1902            6.1961            6.1961    
      127.20            6.1498            6.1553            6.1553    
      127.40            6.1082            6.1135            6.1135    
      127.60            6.0656            6.0706            6.0706    
      127.80            6.0222            6.0269            6.0269    
      128.00            5.9781            5.9826            5.9826    
      128.20            5.9334            5.9377            5.9377    
      128.40            5.8883            5.8923            5.8923    
      128.60            5.8427            5.8465            5.8465    
      128.80            5.7968            5.8004            5.8004    
      129.00            5.7507            5.7541            5.7541    
      129.20            5.7044            5.7076            5.7076    
      129.40            5.6580            5.6611            5.6611    
      129.60            5.6115            5.6144            5.6144    
      129.80            5.5651            5.5678            5.5678    
      130.00            5.5186            5.5213            5.5213    
      130.20            5.4723            5.4748            5.4748    
      130.40            5.4260            5.4284            5.4284    
      130.60            5.3799            5.3822            5.3822    
      130.80            5.3339            5.3361            5.3361    
      131.00            5.2882            5.2902            5.2902    
      131.20            5.2426            5.2446            5.2446    
      131.40            5.1972            5.1991            5.1991    
      131.60            5.1521            5.1539            5.1539    
      131.80            5.1073            5.1090            5.1090    
      132.00            5.0627            5.0644            5.0644    
      132.20            5.0184            5.0200            5.0200    
      132.40            4.9744            4.9759            4.9759    
      132.60            4.9307            4.9321            4.9321    
      132.80            4.8873            4.8887            4.8887    
      133.00            4.8442            4.8455            4.8455    
      133.20            4.8014            4.8026            4.8026    
      133.40            4.7589            4.7601            4.7601    
      133.60            4.7168            4.7179            4.7179    
      133.80            4.6749            4.6761            4.6761    
      134.00            4.6335            4.6345            4.6345    
      134.20            4.5923            4.5933            4.5933    
      134.40            4.5515            4.5524            4.5524    
      134.60            4.5110            4.5119            4.5119    
      134.80            4.4708            4.4717            4.4717    
      135.00            4.4310            4.4318            4.4318    
      135.20            4.3915            4.3923            4.3923    
      135.40            4.3523            4.3531            4.3531    
      135.60            4.3135            4.3142            4.3142    
      135.80            4.2749            4.2757            4.2757    
      136.00            4.2368            4.2375            4.2375    
      136.20            4.1989            4.1996            4.1996    
      136.40            4.1614            4.1620            4.1620    
      136.60            4.1242            4.1248            4.1248    
      136.80            4.0873            4.0879            4.0879    
      137.00            4.0507            4.0513            4.0513    
      137.20            4.0145            4.0150            4.0150    
      137.40            3.9786            3.9791            3.9791    
      137.60            3.9430            3.9434            3.9434    
      137.80            3.9077            3.9081            3.9081    
      138.00            3.8727            3.8731            3.8731    
      138.20            3.8380            3.8384            3.8384    
      138.40            3.8037            3.8040            3.8040    
      138.60            3.7696            3.7699            3.7699    
      138.80            3.7358            3.7361            3.7361    
      139.00            3.7024            3.7027            3.7027    
      139.20            3.6692            3.6695            3.6695    
      139.40            3.6363            3.6366            3.6366    
      139.60            3.6037            3.6040            3.6040    
      139.80            3.5715            3.5717            3.5717    
      140.00            3.5395            3.5396            3.5396    
      140.20            3.5077            3.5079            3.5079    
      140.40            3.4763            3.4764            3.4764    
      140.60            3.4452            3.4453            3.4453    
      140.80            3.4143            3.4144            3.4144    
      141.00            3.3837            3.3838            3.3838    
      141.20            3.3533            3.3534            3.3534    
      141.40            3.3233            3.3233            3.3233    
      141.60            3.2935            3.2935            3.2935    
      141.80            3.2640            3.2640            3.2640    
      142.00            3.2347            3.2347            3.2347    
      142.20            3.2057            3.2057            3.2057    
      142.40            3.1770            3.1770            3.1770    
      142.60            3.1485            3.1485            3.1485    
      142.80            3.1203            3.1202            3.1202    
      143.00            3.0923            3.0922            3.0922    
      143.20            3.0646            3.0645            3.0645    
      143.40            3.0371            3.0370            3.0370    
      143.60            3.0099            3.0098            3.0098    
      143.80            2.9829            2.9828            2.9828    
      144.00            2.9562            2.9560            2.9560    
      144.20            2.9297            2.9295            2.9295    
      144.40            2.9034            2.9032            2.9032    
      144.60            2.8774            2.8772            2.8772    
      144.80            2.8516            2.8514            2.8514    
      145.00            2.8260            2.8258            2.8258    
      145.20            2.8007            2.8005            2.8005    
      145.40            2.7756            2.7753            2.7753    
      145.60            2.7507            2.7504            2.7504    
      145.80            2.7260            2.7258            2.7258    
      146.00            2.7016            2.7013            2.7013    
      146.20            2.6774            2.6771            2.6771    
      146.40            2.6534            2.6531            2.6531    
      146.60            2.6296            2.6293            2.6293    
      146.80            2.6060            2.6057            2.6057    
      147.00            2.5826            2.5823            2.5823    
      147.20            2.5595            2.5591            2.5591    
      147.40            2.5365            2.5362            2.5362    
      147.60            2.5138            2.5134            2.5134    
      147.80            2.4912            2.4909            2.4909    
      148.00            2.4689            2.4686            2.4686    
      148.20            2.4468            2.4464            2.4464    
      148.40            2.4248            2.4245            2.4245    
      148.60            2.4031            2.4027            2.4027    
      148.80            2.3816            2.3812            2.3812    
      149.00            2.3602            2.3598            2.3598    
      149.20            2.3390            2.3386            2.3386    
      149.40            2.3181            2.3177            2.3177    
      149.60            2.2973            2.2969            2.2969    
      149.80            2.2767            2.2763            2.2763    
      150.00            2.2563            2.2558            2.2558    
      150.20            2.2360            2.2356            2.2356    
      150.40            2.2160            2.2155            2.2155    
      150.60            2.1961            2.1957            2.1957    
      150.80            2.1764            2.1760            2.1760    
      151.00            2.1569            2.1565            2.1565    
      151.20            2.1376            2.1371            2.1371    
      151.40            2.1184            2.1179            2.1179    
      151.60            2.0994            2.0989            2.0989    
      151.80            2.0806            2.0801            2.0801    
      152.00            2.0620            2.0615            2.0615    
      152.20            2.0435            2.0430            2.0430    
      152.40            2.0251            2.0246            2.0246    
      152.60            2.0070            2.0065            2.0065    
      152.80            1.9890            1.9885            1.9885    
      153.00            1.9712            1.9706            1.9706    
      153.20            1.9535            1.9530            1.9530    
      153.40            1.9360            1.9354            1.9354    
      153.60            1.9186            1.9181            1.9181    
      153.80            1.9014            1.9009            1.9009    
      154.00            1.8844            1.8838            1.8838    
      154.20            1.8675            1.8669            1.8669    
      154.40            1.8507            1.8502            1.8502    
      154.60            1.8341            1.8336            1.8336    
      154.80            1.8177            1.8171            1.8171    
      155.00            1.8014            1.8008            1.8008    
      155.20            1.7852            1.7847            1.7847    
      155.40            1.7692            1.7687            1.7687    
      155.60            1.7534            1.7528            1.7528    
      155.80            1.7377            1.7371            1.7371    
      156.00            1.7221            1.7215            1.7215    
      156.20            1.7066            1.7061            1.7061    
      156.40            1.6913            1.6907            1.6907    
      156.60            1.6762            1.6756            1.6756    
      156.80            1.6611            1.6605            1.6605    
      157.00            1.6463            1.6457            1.6457    
      157.20            1.6315            1.6309            1.6309    
      157.40            1.6169            1.6163            1.6163    
      157.60            1.6024            1.6018            1.6018    
      157.80            1.5880            1.5874            1.5874    
      158.00            1.5738            1.5732            1.5732    
      158.20            1.5597            1.5590            1.5590    
      158.40            1.5457            1.5451            1.5451    
      158.60            1.5318            1.5312            1.5312    
      158.80            1.5181            1.5175            1.5175    
      159.00            1.5045            1.5038            1.5038    
      159.20            1.4910            1.4904            1.4904    
      159.40            1.4776            1.4770            1.4770    
      159.60            1.4644            1.4637            1.4637    
      159.80            1.4512            1.4506            1.4506    
      160.00            1.4382            1.4376            1.4376    
      160.20            1.4253            1.4247            1.4247    
      160.40            1.4125            1.4119            1.4119    
      160.60            1.3999            1.3993            1.3993    
      160.80            1.3873            1.3867            1.3867    
      161.00            1.3749            1.3743            1.3743    
      161.20            1.3626            1.3619            1.3619    
      161.40            1.3504            1.3497            1.3497    
      161.60            1.3382            1.3376            1.3376    
      161.80            1.3262            1.3256            1.3256    
      162.00            1.3144            1.3137            1.3137    
      162.20            1.3026            1.3019            1.3019    
      162.40            1.2909            1.2903            1.2903    
      162.60            1.2793            1.2787            1.2787    
      162.80            1.2678            1.2672            1.2672    
      163.00            1.2565            1.2558            1.2558    
      163.20            1.2452            1.2446            1.2446    
      163.40            1.2341            1.2334            1.2334    
      163.60            1.2230            1.2223            1.2223    
      163.80            1.2120            1.2114            1.2114    
      164.00            1.2012            1.2005            1.2005    
      164.20            1.1904            1.1897            1.1897    
      164.40            1.1797            1.1791            1.1791    
      164.60            1.1691            1.1685            1.1685    
      164.80            1.1587            1.1580            1.1580    
      165.00            1.1483            1.1476            1.1476    
      165.20            1.1380            1.1373            1.1373    
      165.40            1.1278            1.1271            1.1271    
      165.60            1.1177            1.1170            1.1170    
      165.80            1.1076            1.1070            1.1070    
      166.00            1.0977            1.0971            1.0971    
      166.20            1.0879            1.0872            1.0872    
      166.40            1.0781            1.0775            1.0775    
      166.60            1.0684            1.0678            1.0678    
      166.80            1.0589            1.0582            1.0582    
      167.00            1.0494            1.0487            1.0487    
      167.20            1.0400            1.0393            1.0393    
      167.40            1.0306            1.0300            1.0300    
      167.60            1.0214            1.0208            1.0208    
      167.80            1.0122            1.0116            1.0116    
      168.00            1.0032            1.0025            1.0025    


  SUBJECT NO.     1 ...  OUTPUT EQUATION NO.  1

     TIMES                   OBSERVED VALUES          PREDICTED VALUES, BASED ON POSTERIOR MEANS; THEN MEDIANS; THEN MODES
--------------------------------------------------------------------------------------------------------------------------
      120.00            3.6300            2.9474            2.9472            2.9472    
      121.00            4.4900            4.4516            4.4745            4.4745    
      122.00            5.5000            5.6685            5.6899            5.6899    
      126.00            7.2800            6.3684            6.3762            6.3762    
      129.00            5.2700            5.7507            5.7541            5.7541    
      132.00            4.8900            5.0627            5.0644            5.0644    
      144.00            2.6800            2.9562            2.9560            2.9560    


