  icycle     fobj1          gamma          res     grid points (start and end)
    1      -7.704858       4.545455      0.20000     20011    1
    2      -7.467980       3.787879      0.20000         6    1
    3      -7.282625       3.787879      0.20000         6    1
    4      -6.979651       3.787879      0.10000         7    1
    5      -6.979651       3.787879      0.10000         6    1
    6      -6.877423       3.607504      0.05000         8    1
    7      -6.852314       3.607504      0.05000         7    1
    8      -6.852314       3.607504      0.05000         6    1
    9      -6.821355       3.607504      0.02500         6    1
   10      -6.821355       3.562967      0.02500         6    1
   11      -6.821198       3.562967      0.02500         6    1
   12      -6.790921       3.562967      0.01250         7    1
   13      -6.753408       3.562967      0.01250         6    1
   14      -6.753408       3.562967      0.01250         6    1
   15      -6.751988       3.562967      0.00625         7    1
   16      -6.751988       3.562967      0.00625         6    1
   17      -6.750283       3.562967      0.00313         6    1
   18      -6.750283       3.562967      0.00313         6    1
   19      -6.746271       3.527690      0.00156         9    1
   20      -6.743096       3.527690      0.00156         8    1
   21      -6.742220       3.527690      0.00156         7    1
   22      -6.742220       3.527690      0.00156         6    1
   23      -6.740310       3.527690      0.00078         8    1
   24      -6.738761       3.527690      0.00078         7    1
   25      -6.738761       3.527690      0.00078         6    1
   26      -6.737851       3.527690      0.00039         9    1
   27      -6.737080       3.527690      0.00039         8    1
   28      -6.736883       3.527690      0.00039         7    1
   29      -6.736869       3.527690      0.00039         6    1
   30      -6.736484       3.527690      0.00020         7    1
   31      -6.736482       3.527690      0.00020         6    1
 res set to .2  checkbig=   1.0000000000000000E+030
   32      -6.736482       3.527690      0.20000         6    1
   33      -6.736482       3.527690      0.10000         6    1
   34      -6.736482       3.527690      0.05000         6    1
   35      -6.736482       3.527690      0.02500         6    1
   36      -6.736482       3.527690      0.01250         6    1
   37      -6.736482       3.527690      0.00625         6    1
   38      -6.736482       3.527690      0.00313         6    1
   39      -6.736482       3.527690      0.00156         6    1
   40      -6.736482       3.527690      0.00078         6    1
   41      -6.736482       3.527690      0.00039         6    1
   42      -6.736482       3.527690      0.00020         6    1
 res set to .2  checkbig=   0.0000000000000000     
