  SUBJECT NO.     1

 COL. 1. = PREDICTION TIMES
 COL. 2. = PRED. VALUES FOR OUTPUT EQ. 1, BASED ON POSTERIOR MEANS
 COL. 3. = PRED. VALUES FOR OUTPUT EQ. 1, BASED ON POSTERIOR MEDIANS
 COL. 4. = PRED. VALUES FOR OUTPUT EQ. 1, BASED ON POSTERIOR MODES
 EACH ADDITIONAL OUTPUT EQ. HAS 3 COLUMNS OF PREDICTED VALUES
 BASED, IN ORDER, ON THE POSTERIOR MEANS, MEDIANS, AND MODES: 
-------------------------------------------------------------
      0.0000            0.0000            0.0000            0.0000    
     0.20000           0.98417E-01       0.92544E-01       0.92544E-01
     0.40000           0.19369           0.19212           0.19212    
     0.60000           0.28584           0.28836           0.28836    
     0.80000           0.37495           0.38134           0.38134    
      1.0000           0.46109           0.47116           0.47116    
      1.2000           0.54433           0.55789           0.55789    
      1.4000           0.62475           0.64160           0.64160    
      1.6000           0.70242           0.72239           0.72239    
      1.8000           0.77741           0.80032           0.80032    
      2.0000           0.84978           0.87547           0.87547    
      2.2000           0.91960           0.94791           0.94791    
      2.4000           0.98694            1.0177            1.0177    
      2.6000            1.0519            1.0849            1.0849    
      2.8000            1.1144            1.1497            1.1497    
      3.0000            1.1747            1.2120            1.2120    
      3.2000            1.2327            1.2719            1.2719    
      3.4000            1.2885            1.3295            1.3295    
      3.6000            1.3422            1.3848            1.3848    
      3.8000            1.3939            1.4380            1.4380    
      4.0000            1.4435            1.4890            1.4890    
      4.2000            1.4912            1.5380            1.5380    
      4.4000            1.5369            1.5849            1.5849    
      4.6000            1.5808            1.6299            1.6299    
      4.8000            1.6229            1.6730            1.6730    
      5.0000            1.6632            1.7142            1.7142    
      5.2000            1.7018            1.7536            1.7536    
      5.4000            1.7387            1.7912            1.7912    
      5.6000            1.7740            1.8272            1.8272    
      5.8000            1.8077            1.8614            1.8614    
      6.0000            1.8398            1.8941            1.8941    
      6.2000            1.8705            1.9252            1.9252    
      6.4000            1.8997            1.9547            1.9547    
      6.6000            1.9274            1.9828            1.9828    
      6.8000            1.9538            2.0094            2.0094    
      7.0000            1.9789            2.0346            2.0346    
      7.2000            2.0026            2.0584            2.0584    
      7.4000            2.0251            2.0810            2.0810    
      7.6000            2.0464            2.1022            2.1022    
      7.8000            2.0664            2.1222            2.1222    
      8.0000            2.0853            2.1410            2.1410    
      8.2000            2.1030            2.1586            2.1586    
      8.4000            2.1197            2.1750            2.1750    
      8.6000            2.1352            2.1903            2.1903    
      8.8000            2.1498            2.2046            2.2046    
      9.0000            2.1633            2.2178            2.2178    
      9.2000            2.1758            2.2300            2.2300    
      9.4000            2.1874            2.2412            2.2412    
      9.6000            2.1981            2.2515            2.2515    
      9.8000            2.2078            2.2608            2.2608    
      10.000            2.2167            2.2692            2.2692    
      10.200            2.2248            2.2768            2.2768    
      10.400            2.2320            2.2835            2.2835    
      10.600            2.2385            2.2894            2.2894    
      10.800            2.2441            2.2945            2.2945    
      11.000            2.2490            2.2988            2.2988    
      11.200            2.2532            2.3024            2.3024    
      11.400            2.2567            2.3053            2.3053    
      11.600            2.2595            2.3075            2.3075    
      11.800            2.2617            2.3090            2.3090    
      12.000            2.2632            2.3098            2.3098    
      12.200            2.2641            2.3100            2.3100    
      12.400            2.2644            2.3096            2.3096    
      12.600            2.2641            2.3087            2.3087    
      12.800            2.2633            2.3071            2.3071    
      13.000            2.2619            2.3050            2.3050    
      13.200            2.2600            2.3024            2.3024    
      13.400            2.2576            2.2992            2.2992    
      13.600            2.2546            2.2955            2.2955    
      13.800            2.2513            2.2914            2.2914    
      14.000            2.2474            2.2868            2.2868    
      14.200            2.2431            2.2818            2.2818    
      14.400            2.2384            2.2763            2.2763    
      14.600            2.2333            2.2704            2.2704    
      14.800            2.2278            2.2642            2.2642    
      15.000            2.2219            2.2575            2.2575    
      15.200            2.2156            2.2505            2.2505    
      15.400            2.2090            2.2431            2.2431    
      15.600            2.2021            2.2353            2.2353    
      15.800            2.1948            2.2273            2.2273    
      16.000            2.1872            2.2189            2.2189    
      16.200            2.1792            2.2102            2.2102    
      16.400            2.1710            2.2012            2.2012    
      16.600            2.1626            2.1920            2.1920    
      16.800            2.1538            2.1825            2.1825    
      17.000            2.1448            2.1727            2.1727    
      17.200            2.1355            2.1627            2.1627    
      17.400            2.1260            2.1524            2.1524    
      17.600            2.1163            2.1420            2.1420    
      17.800            2.1063            2.1313            2.1313    
      18.000            2.0962            2.1204            2.1204    
      18.200            2.0858            2.1093            2.1093    
      18.400            2.0752            2.0980            2.0980    
      18.600            2.0645            2.0866            2.0866    
      18.800            2.0536            2.0749            2.0749    
      19.000            2.0425            2.0632            2.0632    
      19.200            2.0313            2.0512            2.0512    
      19.400            2.0199            2.0392            2.0392    
      19.600            2.0084            2.0270            2.0270    
      19.800            1.9968            2.0146            2.0146    
      20.000            1.9850            2.0022            2.0022    
      20.200            1.9731            1.9896            1.9896    
      20.400            1.9611            1.9770            1.9770    
      20.600            1.9490            1.9642            1.9642    
      20.800            1.9367            1.9513            1.9513    
      21.000            1.9244            1.9384            1.9384    
      21.200            1.9120            1.9254            1.9254    
      21.400            1.8996            1.9123            1.9123    
      21.600            1.8870            1.8991            1.8991    
      21.800            1.8744            1.8859            1.8859    
      22.000            1.8617            1.8726            1.8726    
      22.200            1.8490            1.8593            1.8593    
      22.400            1.8362            1.8459            1.8459    
      22.600            1.8233            1.8325            1.8325    
      22.800            1.8104            1.8191            1.8191    
      23.000            1.7975            1.8056            1.8056    
      23.200            1.7845            1.7921            1.7921    
      23.400            1.7715            1.7785            1.7785    
      23.600            1.7585            1.7650            1.7650    
      23.800            1.7454            1.7514            1.7514    
      24.000            1.7324            1.7379            1.7379    
      24.200            1.8177            1.8168            1.8168    
      24.400            1.8999            1.9028            1.9028    
      24.600            1.9790            1.9855            1.9855    
      24.800            2.0550            2.0649            2.0649    
      25.000            2.1280            2.1411            2.1411    
      25.200            2.1981            2.2143            2.2143    
      25.400            2.2655            2.2845            2.2845    
      25.600            2.3301            2.3517            2.3517    
      25.800            2.3920            2.4162            2.4162    
      26.000            2.4513            2.4778            2.4778    
      26.200            2.5081            2.5368            2.5368    
      26.400            2.5624            2.5932            2.5932    
      26.600            2.6143            2.6471            2.6471    
      26.800            2.6639            2.6984            2.6984    
      27.000            2.7113            2.7474            2.7474    
      27.200            2.7564            2.7940            2.7940    
      27.400            2.7993            2.8384            2.8384    
      27.600            2.8402            2.8805            2.8805    
      27.800            2.8790            2.9206            2.9206    
      28.000            2.9159            2.9585            2.9585    
      28.200            2.9509            2.9944            2.9944    
      28.400            2.9839            3.0283            3.0283    
      28.600            3.0152            3.0604            3.0604    
      28.800            3.0447            3.0905            3.0905    
      29.000            3.0724            3.1189            3.1189    
      29.200            3.0985            3.1455            3.1455    
      29.400            3.1230            3.1704            3.1704    
      29.600            3.1459            3.1937            3.1937    
      29.800            3.1673            3.2153            3.2153    
      30.000            3.1872            3.2354            3.2354    
      30.200            3.2056            3.2540            3.2540    
      30.400            3.2226            3.2712            3.2712    
      30.600            3.2383            3.2869            3.2869    
      30.800            3.2527            3.3012            3.3012    
      31.000            3.2658            3.3142            3.3142    
      31.200            3.2776            3.3259            3.3259    
      31.400            3.2882            3.3364            3.3364    
      31.600            3.2977            3.3456            3.3456    
      31.800            3.3060            3.3536            3.3536    
      32.000            3.3132            3.3605            3.3605    
      32.200            3.3194            3.3663            3.3663    
      32.400            3.3245            3.3711            3.3711    
      32.600            3.3286            3.3748            3.3748    
      32.800            3.3318            3.3775            3.3775    
      33.000            3.3340            3.3792            3.3792    
      33.200            3.3353            3.3800            3.3800    
      33.400            3.3357            3.3798            3.3798    
      33.600            3.3353            3.3788            3.3788    
      33.800            3.3340            3.3770            3.3770    
      34.000            3.3319            3.3743            3.3743    
      34.200            3.3291            3.3708            3.3708    
      34.400            3.3255            3.3666            3.3666    
      34.600            3.3212            3.3616            3.3616    
      34.800            3.3162            3.3559            3.3559    
      35.000            3.3106            3.3496            3.3496    
      35.200            3.3043            3.3425            3.3425    
      35.400            3.2973            3.3348            3.3348    
      35.600            3.2898            3.3265            3.3265    
      35.800            3.2816            3.3176            3.3176    
      36.000            3.2729            3.3082            3.3082    
      36.200            3.2637            3.2981            3.2981    
      36.400            3.2539            3.2876            3.2876    
      36.600            3.2436            3.2765            3.2765    
      36.800            3.2329            3.2650            3.2650    
      37.000            3.2217            3.2529            3.2529    
      37.200            3.2100            3.2405            3.2405    
      37.400            3.1979            3.2275            3.2275    
      37.600            3.1854            3.2142            3.2142    
      37.800            3.1725            3.2005            3.2005    
      38.000            3.1592            3.1864            3.1864    
      38.200            3.1455            3.1719            3.1719    
      38.400            3.1315            3.1571            3.1571    
      38.600            3.1172            3.1419            3.1419    
      38.800            3.1025            3.1264            3.1264    
      39.000            3.0875            3.1106            3.1106    
      39.200            3.0723            3.0945            3.0945    
      39.400            3.0567            3.0782            3.0782    
      39.600            3.0409            3.0616            3.0616    
      39.800            3.0248            3.0447            3.0447    
      40.000            3.0085            3.0276            3.0276    
      40.200            2.9920            3.0102            3.0102    
      40.400            2.9752            2.9927            2.9927    
      40.600            2.9582            2.9749            2.9749    
      40.800            2.9411            2.9570            2.9570    
      41.000            2.9237            2.9389            2.9389    
      41.200            2.9062            2.9206            2.9206    
      41.400            2.8885            2.9021            2.9021    
      41.600            2.8706            2.8835            2.8835    
      41.800            2.8526            2.8648            2.8648    
      42.000            2.8345            2.8459            2.8459    
      42.200            2.8162            2.8269            2.8269    
      42.400            2.7979            2.8078            2.8078    
      42.600            2.7794            2.7886            2.7886    
      42.800            2.7608            2.7693            2.7693    
      43.000            2.7421            2.7499            2.7499    
      43.200            2.7233            2.7304            2.7304    
      43.400            2.7044            2.7109            2.7109    
      43.600            2.6855            2.6913            2.6913    
      43.800            2.6665            2.6716            2.6716    
      44.000            2.6475            2.6519            2.6519    
      44.200            2.6284            2.6322            2.6322    
      44.400            2.6092            2.6124            2.6124    
      44.600            2.5900            2.5926            2.5926    
      44.800            2.5708            2.5728            2.5728    
      45.000            2.5516            2.5529            2.5529    
      45.200            2.5323            2.5330            2.5330    
      45.400            2.5130            2.5132            2.5132    
      45.600            2.4937            2.4933            2.4933    
      45.800            2.4744            2.4734            2.4734    
      46.000            2.4551            2.4536            2.4536    
      46.200            2.4358            2.4337            2.4337    
      46.400            2.4165            2.4139            2.4139    
      46.600            2.3973            2.3941            2.3941    
      46.800            2.3780            2.3743            2.3743    
      47.000            2.3588            2.3546            2.3546    
      47.200            2.3396            2.3349            2.3349    
      47.400            2.3204            2.3152            2.3152    
      47.600            2.3013            2.2956            2.2956    
      47.800            2.2822            2.2761            2.2761    
      48.000            2.2631            2.2565            2.2565    
      48.200            2.3425            2.3296            2.3296    
      48.400            2.4189            2.4098            2.4098    
      48.600            2.4921            2.4867            2.4867    
      48.800            2.5623            2.5604            2.5604    
      49.000            2.6297            2.6310            2.6310    
      49.200            2.6942            2.6986            2.6986    
      49.400            2.7559            2.7632            2.7632    
      49.600            2.8150            2.8250            2.8250    
      49.800            2.8715            2.8840            2.8840    
      50.000            2.9254            2.9403            2.9403    
      50.200            2.9768            2.9940            2.9940    
      50.400            3.0258            3.0452            3.0452    
      50.600            3.0725            3.0938            3.0938    
      50.800            3.1169            3.1400            3.1400    
      51.000            3.1591            3.1839            3.1839    
      51.200            3.1991            3.2255            3.2255    
      51.400            3.2370            3.2649            3.2649    
      51.600            3.2729            3.3021            3.3021    
      51.800            3.3068            3.3373            3.3373    
      52.000            3.3388            3.3704            3.3704    
      52.200            3.3689            3.4015            3.4015    
      52.400            3.3972            3.4308            3.4308    
      52.600            3.4237            3.4581            3.4581    
      52.800            3.4486            3.4837            3.4837    
      53.000            3.4717            3.5075            3.5075    
      53.200            3.4932            3.5296            3.5296    
      53.400            3.5132            3.5500            3.5500    
      53.600            3.5316            3.5689            3.5689    
      53.800            3.5485            3.5861            3.5861    
      54.000            3.5640            3.6019            3.6019    
      54.200            3.5781            3.6162            3.6162    
      54.400            3.5909            3.6291            3.6291    
      54.600            3.6023            3.6407            3.6407    
      54.800            3.6124            3.6509            3.6509    
      55.000            3.6214            3.6598            3.6598    
      55.200            3.6291            3.6674            3.6674    
      55.400            3.6356            3.6739            3.6739    
      55.600            3.6411            3.6791            3.6791    
      55.800            3.6454            3.6833            3.6833    
      56.000            3.6487            3.6863            3.6863    
      56.200            3.6510            3.6883            3.6883    
      56.400            3.6522            3.6892            3.6892    
      56.600            3.6525            3.6892            3.6892    
      56.800            3.6519            3.6882            3.6882    
      57.000            3.6504            3.6862            3.6862    
      57.200            3.6480            3.6834            3.6834    
      57.400            3.6448            3.6797            3.6797    
      57.600            3.6407            3.6751            3.6751    
      57.800            3.6359            3.6698            3.6698    
      58.000            3.6303            3.6636            3.6636    
      58.200            3.6240            3.6567            3.6567    
      58.400            3.6170            3.6491            3.6491    
      58.600            3.6092            3.6408            3.6408    
      58.800            3.6009            3.6318            3.6318    
      59.000            3.5919            3.6221            3.6221    
      59.200            3.5822            3.6118            3.6118    
      59.400            3.5720            3.6010            3.6010    
      59.600            3.5612            3.5895            3.5895    
      59.800            3.5499            3.5775            3.5775    
      60.000            3.5381            3.5649            3.5649    
      60.200            3.5257            3.5518            3.5518    
      60.400            3.5128            3.5382            3.5382    
      60.600            3.4995            3.5242            3.5242    
      60.800            3.4857            3.5097            3.5097    
      61.000            3.4715            3.4947            3.4947    
      61.200            3.4569            3.4794            3.4794    
      61.400            3.4419            3.4636            3.4636    
      61.600            3.4265            3.4475            3.4475    
      61.800            3.4107            3.4309            3.4309    
      62.000            3.3946            3.4141            3.4141    
      62.200            3.3782            3.3969            3.3969    
      62.400            3.3614            3.3793            3.3793    
      62.600            3.3443            3.3615            3.3615    
      62.800            3.3270            3.3434            3.3434    
      63.000            3.3093            3.3250            3.3250    
      63.200            3.2914            3.3063            3.3063    
      63.400            3.2733            3.2874            3.2874    
      63.600            3.2549            3.2683            3.2683    
      63.800            3.2363            3.2489            3.2489    
      64.000            3.2174            3.2294            3.2294    
      64.200            3.1984            3.2096            3.2096    
      64.400            3.1792            3.1896            3.1896    
      64.600            3.1598            3.1695            3.1695    
      64.800            3.1402            3.1492            3.1492    
      65.000            3.1205            3.1288            3.1288    
      65.200            3.1006            3.1082            3.1082    
      65.400            3.0806            3.0875            3.0875    
      65.600            3.0604            3.0666            3.0666    
      65.800            3.0401            3.0457            3.0457    
      66.000            3.0198            3.0246            3.0246    
      66.200            2.9993            3.0035            3.0035    
      66.400            2.9787            2.9822            2.9822    
      66.600            2.9580            2.9609            2.9609    
      66.800            2.9373            2.9395            2.9395    
      67.000            2.9165            2.9181            2.9181    
      67.200            2.8956            2.8966            2.8966    
      67.400            2.8747            2.8750            2.8750    
      67.600            2.8537            2.8534            2.8534    
      67.800            2.8327            2.8318            2.8318    
      68.000            2.8117            2.8102            2.8102    
      68.200            2.7906            2.7885            2.7885    
      68.400            2.7695            2.7668            2.7668    
      68.600            2.7484            2.7451            2.7451    
      68.800            2.7272            2.7234            2.7234    
      69.000            2.7061            2.7017            2.7017    
      69.200            2.6850            2.6801            2.6801    
      69.400            2.6638            2.6584            2.6584    
      69.600            2.6427            2.6368            2.6368    
      69.800            2.6216            2.6152            2.6152    
      70.000            2.6006            2.5936            2.5936    
      70.200            2.5795            2.5720            2.5720    
      70.400            2.5585            2.5505            2.5505    
      70.600            2.5375            2.5291            2.5291    
      70.800            2.5166            2.5076            2.5076    
      71.000            2.4956            2.4863            2.4863    
      71.200            2.4748            2.4650            2.4650    
      71.400            2.4540            2.4437            2.4437    
      71.600            2.4332            2.4225            2.4225    
      71.800            2.4125            2.4014            2.4014    
      72.000            2.3919            2.3804            2.3804    
      72.200            2.4697            2.4519            2.4519    
      72.400            2.5445            2.5306            2.5306    
      72.600            2.6162            2.6060            2.6060    
      72.800            2.6850            2.6783            2.6783    
      73.000            2.7508            2.7474            2.7474    
      73.200            2.8139            2.8136            2.8136    
      73.400            2.8742            2.8768            2.8768    
      73.600            2.9318            2.9372            2.9372    
      73.800            2.9868            2.9949            2.9949    
      74.000            3.0393            3.0498            3.0498    
      74.200            3.0894            3.1022            3.1022    
      74.400            3.1370            3.1520            3.1520    
      74.600            3.1823            3.1993            3.1993    
      74.800            3.2254            3.2442            3.2442    
      75.000            3.2663            3.2868            3.2868    
      75.200            3.3050            3.3272            3.3272    
      75.400            3.3416            3.3653            3.3653    
      75.600            3.3762            3.4013            3.4013    
      75.800            3.4089            3.4352            3.4352    
      76.000            3.4396            3.4671            3.4671    
      76.200            3.4685            3.4971            3.4971    
      76.400            3.4956            3.5251            3.5251    
      76.600            3.5209            3.5513            3.5513    
      76.800            3.5445            3.5757            3.5757    
      77.000            3.5665            3.5984            3.5984    
      77.200            3.5868            3.6194            3.6194    
      77.400            3.6056            3.6387            3.6387    
      77.600            3.6229            3.6565            3.6565    
      77.800            3.6388            3.6727            3.6727    
      78.000            3.6531            3.6874            3.6874    
      78.200            3.6662            3.7007            3.7007    
      78.400            3.6778            3.7125            3.7125    
      78.600            3.6882            3.7230            3.7230    
      78.800            3.6973            3.7322            3.7322    
      79.000            3.7052            3.7401            3.7401    
      79.200            3.7119            3.7468            3.7468    
      79.400            3.7174            3.7522            3.7522    
      79.600            3.7218            3.7565            3.7565    
      79.800            3.7252            3.7597            3.7597    
      80.000            3.7275            3.7618            3.7618    
      80.200            3.7288            3.7628            3.7628    
      80.400            3.7291            3.7629            3.7629    
      80.600            3.7284            3.7619            3.7619    
      80.800            3.7269            3.7600            3.7600    
      81.000            3.7244            3.7572            3.7572    
      81.200            3.7211            3.7534            3.7534    
      81.400            3.7170            3.7489            3.7489    
      81.600            3.7121            3.7435            3.7435    
      81.800            3.7064            3.7372            3.7372    
      82.000            3.6999            3.7303            3.7303    
      82.200            3.6927            3.7226            3.7226    
      82.400            3.6849            3.7141            3.7141    
      82.600            3.6763            3.7050            3.7050    
      82.800            3.6671            3.6952            3.6952    
      83.000            3.6573            3.6847            3.6847    
      83.200            3.6469            3.6737            3.6737    
      83.400            3.6359            3.6620            3.6620    
      83.600            3.6243            3.6498            3.6498    
      83.800            3.6122            3.6370            3.6370    
      84.000            3.5996            3.6237            3.6237    
      84.200            3.5864            3.6099            3.6099    
      84.400            3.5728            3.5956            3.5956    
      84.600            3.5588            3.5809            3.5809    
      84.800            3.5443            3.5657            3.5657    
      85.000            3.5293            3.5500            3.5500    
      85.200            3.5140            3.5340            3.5340    
      85.400            3.4983            3.5175            3.5175    
      85.600            3.4822            3.5007            3.5007    
      85.800            3.4657            3.4835            3.4835    
      86.000            3.4489            3.4660            3.4660    
      86.200            3.4318            3.4481            3.4481    
      86.400            3.4144            3.4300            3.4300    
      86.600            3.3967            3.4115            3.4115    
      86.800            3.3786            3.3928            3.3928    
      87.000            3.3604            3.3738            3.3738    
      87.200            3.3418            3.3545            3.3545    
      87.400            3.3230            3.3350            3.3350    
      87.600            3.3040            3.3153            3.3153    
      87.800            3.2848            3.2953            3.2953    
      88.000            3.2654            3.2752            3.2752    
      88.200            3.2458            3.2548            3.2548    
      88.400            3.2259            3.2343            3.2343    
      88.600            3.2060            3.2136            3.2136    
      88.800            3.1858            3.1928            3.1928    
      89.000            3.1655            3.1718            3.1718    
      89.200            3.1451            3.1507            3.1507    
      89.400            3.1245            3.1294            3.1294    
      89.600            3.1038            3.1081            3.1081    
      89.800            3.0830            3.0866            3.0866    
      90.000            3.0621            3.0650            3.0650    
      90.200            3.0411            3.0434            3.0434    
      90.400            3.0200            3.0216            3.0216    
      90.600            2.9988            2.9998            2.9998    
      90.800            2.9776            2.9780            2.9780    
      91.000            2.9563            2.9560            2.9560    
      91.200            2.9349            2.9340            2.9340    
      91.400            2.9135            2.9120            2.9120    
      91.600            2.8920            2.8900            2.8900    
      91.800            2.8705            2.8679            2.8679    
      92.000            2.8490            2.8458            2.8458    
      92.200            2.8275            2.8237            2.8237    
      92.400            2.8059            2.8016            2.8016    
      92.600            2.7843            2.7794            2.7794    
      92.800            2.7628            2.7573            2.7573    
      93.000            2.7412            2.7352            2.7352    
      93.200            2.7196            2.7131            2.7131    
      93.400            2.6981            2.6910            2.6910    
      93.600            2.6765            2.6690            2.6690    
      93.800            2.6550            2.6470            2.6470    
      94.000            2.6335            2.6250            2.6250    
      94.200            2.6121            2.6031            2.6031    
      94.400            2.5906            2.5812            2.5812    
      94.600            2.5692            2.5593            2.5593    
      94.800            2.5479            2.5375            2.5375    
      95.000            2.5266            2.5158            2.5158    
      95.200            2.5054            2.4941            2.4941    
      95.400            2.4842            2.4725            2.4725    
      95.600            2.4630            2.4509            2.4509    
      95.800            2.4420            2.4295            2.4295    
      96.000            2.4210            2.4081            2.4081    
      96.200            2.4985            2.4793            2.4793    
      96.400            2.5729            2.5576            2.5576    
      96.600            2.6442            2.6327            2.6327    
      96.800            2.7126            2.7046            2.7046    
      97.000            2.7781            2.7734            2.7734    
      97.200            2.8408            2.8393            2.8393    
      97.400            2.9008            2.9022            2.9022    
      97.600            2.9581            2.9623            2.9623    
      97.800            3.0128            3.0196            3.0196    
      98.000            3.0650            3.0742            3.0742    
      98.200            3.1147            3.1263            3.1263    
      98.400            3.1620            3.1758            3.1758    
      98.600            3.2070            3.2228            3.2228    
      98.800            3.2498            3.2675            3.2675    
      99.000            3.2903            3.3098            3.3098    
      99.200            3.3288            3.3498            3.3498    
      99.400            3.3651            3.3877            3.3877    
      99.600            3.3994            3.4234            3.4234    
      99.800            3.4318            3.4570            3.4570    
      100.00            3.4622            3.4887            3.4887    
      100.20            3.4908            3.5184            3.5184    
      100.40            3.5176            3.5461            3.5461    
      100.60            3.5427            3.5721            3.5721    
      100.80            3.5660            3.5962            3.5962    
      101.00            3.5877            3.6186            3.6186    
      101.20            3.6078            3.6393            3.6393    
      101.40            3.6264            3.6584            3.6584    
      101.60            3.6434            3.6759            3.6759    
      101.80            3.6590            3.6919            3.6919    
      102.00            3.6731            3.7064            3.7064    
      102.20            3.6859            3.7194            3.7194    
      102.40            3.6973            3.7310            3.7310    
      102.60            3.7074            3.7413            3.7413    
      102.80            3.7163            3.7502            3.7502    
      103.00            3.7239            3.7579            3.7579    
      103.20            3.7304            3.7643            3.7643    
      103.40            3.7357            3.7696            3.7696    
      103.60            3.7399            3.7737            3.7737    
      103.80            3.7430            3.7766            3.7766    
      104.00            3.7451            3.7785            3.7785    
      104.20            3.7461            3.7794            3.7794    
      104.40            3.7462            3.7792            3.7792    
      104.60            3.7454            3.7780            3.7780    
      104.80            3.7436            3.7759            3.7759    
      105.00            3.7410            3.7729            3.7729    
      105.20            3.7375            3.7689            3.7689    
      105.40            3.7331            3.7642            3.7642    
      105.60            3.7280            3.7586            3.7586    
      105.80            3.7221            3.7522            3.7522    
      106.00            3.7154            3.7450            3.7450    
      106.20            3.7081            3.7371            3.7371    
      106.40            3.7000            3.7285            3.7285    
      106.60            3.6912            3.7192            3.7192    
      106.80            3.6819            3.7092            3.7092    
      107.00            3.6719            3.6986            3.6986    
      107.20            3.6612            3.6873            3.6873    
      107.40            3.6501            3.6755            3.6755    
      107.60            3.6383            3.6631            3.6631    
      107.80            3.6260            3.6502            3.6502    
      108.00            3.6132            3.6367            3.6367    
      108.20            3.5999            3.6227            3.6227    
      108.40            3.5862            3.6083            3.6083    
      108.60            3.5719            3.5934            3.5934    
      108.80            3.5573            3.5780            3.5780    
      109.00            3.5422            3.5622            3.5622    
      109.20            3.5267            3.5460            3.5460    
      109.40            3.5108            3.5294            3.5294    
      109.60            3.4945            3.5124            3.5124    
      109.80            3.4779            3.4951            3.4951    
      110.00            3.4610            3.4774            3.4774    
      110.20            3.4437            3.4594            3.4594    
      110.40            3.4261            3.4411            3.4411    
      110.60            3.4082            3.4225            3.4225    
      110.80            3.3901            3.4036            3.4036    
      111.00            3.3717            3.3845            3.3845    
      111.20            3.3530            3.3651            3.3651    
      111.40            3.3341            3.3455            3.3455    
      111.60            3.3149            3.3256            3.3256    
      111.80            3.2956            3.3055            3.3055    
      112.00            3.2760            3.2853            3.2853    
      112.20            3.2562            3.2648            3.2648    
      112.40            3.2363            3.2441            3.2441    
      112.60            3.2162            3.2233            3.2233    
      112.80            3.1959            3.2024            3.2024    
      113.00            3.1755            3.1813            3.1813    
      113.20            3.1549            3.1600            3.1600    
      113.40            3.1342            3.1387            3.1387    
      113.60            3.1134            3.1172            3.1172    
      113.80            3.0925            3.0956            3.0956    
      114.00            3.0714            3.0739            3.0739    
      114.20            3.0503            3.0521            3.0521    
      114.40            3.0291            3.0303            3.0303    
      114.60            3.0078            3.0084            3.0084    
      114.80            2.9865            2.9864            2.9864    
      115.00            2.9650            2.9644            2.9644    
      115.20            2.9436            2.9423            2.9423    
      115.40            2.9220            2.9202            2.9202    
      115.60            2.9005            2.8980            2.8980    
      115.80            2.8789            2.8758            2.8758    
      116.00            2.8573            2.8536            2.8536    
      116.20            2.8356            2.8314            2.8314    
      116.40            2.8139            2.8092            2.8092    
      116.60            2.7923            2.7870            2.7870    
      116.80            2.7706            2.7648            2.7648    
      117.00            2.7489            2.7426            2.7426    
      117.20            2.7273            2.7204            2.7204    
      117.40            2.7056            2.6982            2.6982    
      117.60            2.6840            2.6761            2.6761    
      117.80            2.6624            2.6540            2.6540    
      118.00            2.6408            2.6319            2.6319    
      118.20            2.6192            2.6099            2.6099    
      118.40            2.5977            2.5879            2.5879    
      118.60            2.5762            2.5659            2.5659    
      118.80            2.5548            2.5441            2.5441    
      119.00            2.5334            2.5222            2.5222    
      119.20            2.5121            2.5005            2.5005    
      119.40            2.4908            2.4788            2.4788    
      119.60            2.4696            2.4572            2.4572    
      119.80            2.4485            2.4356            2.4356    
      120.00            2.4274            2.4141            2.4141    
      120.20            2.5048            2.4853            2.4853    
      120.40            2.5791            2.5635            2.5635    
      120.60            2.6504            2.6385            2.6385    
      120.80            2.7187            2.7104            2.7104    
      121.00            2.7841            2.7791            2.7791    
      121.20            2.8468            2.8449            2.8449    
      121.40            2.9066            2.9077            2.9077    
      121.60            2.9639            2.9678            2.9678    
      121.80            3.0185            3.0250            3.0250    
      122.00            3.0706            3.0796            3.0796    
      122.20            3.1202            3.1316            3.1316    
      122.40            3.1675            3.1810            3.1810    
      122.60            3.2125            3.2280            3.2280    
      122.80            3.2551            3.2725            3.2725    
      123.00            3.2956            3.3148            3.3148    
      123.20            3.3340            3.3548            3.3548    
      123.40            3.3703            3.3926            3.3926    
      123.60            3.4045            3.4282            3.4282    
      123.80            3.4368            3.4618            3.4618    
      124.00            3.4672            3.4934            3.4934    
      124.20            3.4957            3.5230            3.5230    
      124.40            3.5225            3.5507            3.5507    
      124.60            3.5475            3.5766            3.5766    
      124.80            3.5707            3.6007            3.6007    
      125.00            3.5924            3.6230            3.6230    
      125.20            3.6124            3.6437            3.6437    
      125.40            3.6309            3.6627            3.6627    
      125.60            3.6479            3.6802            3.6802    
      125.80            3.6634            3.6961            3.6961    
      126.00            3.6775            3.7105            3.7105    
      126.20            3.6902            3.7235            3.7235    
      126.40            3.7015            3.7351            3.7351    
      126.60            3.7116            3.7453            3.7453    
      126.80            3.7204            3.7542            3.7542    
      127.00            3.7280            3.7618            3.7618    
      127.20            3.7344            3.7682            3.7682    
      127.40            3.7397            3.7734            3.7734    
      127.60            3.7438            3.7774            3.7774    
      127.80            3.7469            3.7803            3.7803    
      128.00            3.7489            3.7822            3.7822    
      128.20            3.7499            3.7830            3.7830    
      128.40            3.7500            3.7827            3.7827    
      128.60            3.7491            3.7815            3.7815    
      128.80            3.7473            3.7794            3.7794    
      129.00            3.7446            3.7763            3.7763    
      129.20            3.7410            3.7723            3.7723    
      129.40            3.7366            3.7675            3.7675    
      129.60            3.7315            3.7619            3.7619    
      129.80            3.7255            3.7554            3.7554    
      130.00            3.7188            3.7482            3.7482    
      130.20            3.7114            3.7403            3.7403    
      130.40            3.7033            3.7316            3.7316    
      130.60            3.6945            3.7223            3.7223    
      130.80            3.6851            3.7122            3.7122    
      131.00            3.6750            3.7016            3.7016    
      131.20            3.6644            3.6903            3.6903    
      131.40            3.6532            3.6785            3.6785    
      131.60            3.6414            3.6660            3.6660    
      131.80            3.6290            3.6531            3.6531    
      132.00            3.6162            3.6395            3.6395    
      132.20            3.6029            3.6255            3.6255    
      132.40            3.5891            3.6110            3.6110    
      132.60            3.5748            3.5961            3.5961    
      132.80            3.5601            3.5807            3.5807    
      133.00            3.5450            3.5649            3.5649    
      133.20            3.5294            3.5486            3.5486    
      133.40            3.5135            3.5320            3.5320    
      133.60            3.4972            3.5150            3.5150    
      133.80            3.4806            3.4976            3.4976    
      134.00            3.4636            3.4799            3.4799    
      134.20            3.4463            3.4619            3.4619    
      134.40            3.4287            3.4436            3.4436    
      134.60            3.4108            3.4249            3.4249    
      134.80            3.3926            3.4060            3.4060    
      135.00            3.3741            3.3868            3.3868    
      135.20            3.3554            3.3674            3.3674    
      135.40            3.3365            3.3477            3.3477    
      135.60            3.3173            3.3279            3.3279    
      135.80            3.2979            3.3077            3.3077    
      136.00            3.2783            3.2874            3.2874    
      136.20            3.2585            3.2670            3.2670    
      136.40            3.2385            3.2463            3.2463    
      136.60            3.2184            3.2254            3.2254    
      136.80            3.1981            3.2045            3.2045    
      137.00            3.1776            3.1833            3.1833    
      137.20            3.1571            3.1621            3.1621    
      137.40            3.1363            3.1407            3.1407    
      137.60            3.1155            3.1192            3.1192    
      137.80            3.0945            3.0975            3.0975    
      138.00            3.0735            3.0758            3.0758    
      138.20            3.0523            3.0540            3.0540    
      138.40            3.0311            3.0322            3.0322    
      138.60            3.0098            3.0102            3.0102    
      138.80            2.9884            2.9882            2.9882    
      139.00            2.9670            2.9662            2.9662    
      139.20            2.9455            2.9441            2.9441    
      139.40            2.9239            2.9219            2.9219    
      139.60            2.9023            2.8997            2.8997    
      139.80            2.8807            2.8775            2.8775    
      140.00            2.8590            2.8553            2.8553    
      140.20            2.8374            2.8331            2.8331    
      140.40            2.8157            2.8108            2.8108    
      140.60            2.7940            2.7886            2.7886    
      140.80            2.7723            2.7664            2.7664    
      141.00            2.7506            2.7441            2.7441    
      141.20            2.7289            2.7219            2.7219    
      141.40            2.7073            2.6998            2.6998    
      141.60            2.6856            2.6776            2.6776    
      141.80            2.6640            2.6555            2.6555    
      142.00            2.6424            2.6334            2.6334    
      142.20            2.6208            2.6113            2.6113    
      142.40            2.5993            2.5893            2.5893    
      142.60            2.5778            2.5674            2.5674    
      142.80            2.5563            2.5455            2.5455    
      143.00            2.5349            2.5236            2.5236    
      143.20            2.5136            2.5019            2.5019    
      143.40            2.4923            2.4802            2.4802    
      143.60            2.4710            2.4585            2.4585    
      143.80            2.4499            2.4369            2.4369    
      144.00            2.4288            2.4154            2.4154    
      144.20            2.4077            2.3940            2.3940    
      144.40            2.3868            2.3727            2.3727    
      144.60            2.3659            2.3514            2.3514    
      144.80            2.3451            2.3303            2.3303    
      145.00            2.3244            2.3092            2.3092    
      145.20            2.3037            2.2882            2.2882    
      145.40            2.2832            2.2673            2.2673    
      145.60            2.2627            2.2466            2.2466    
      145.80            2.2423            2.2259            2.2259    
      146.00            2.2220            2.2053            2.2053    
      146.20            2.2019            2.1848            2.1848    
      146.40            2.1818            2.1644            2.1644    
      146.60            2.1618            2.1441            2.1441    
      146.80            2.1419            2.1240            2.1240    
      147.00            2.1221            2.1039            2.1039    
      147.20            2.1024            2.0840            2.0840    
      147.40            2.0828            2.0642            2.0642    
      147.60            2.0634            2.0444            2.0444    
      147.80            2.0440            2.0249            2.0249    
      148.00            2.0248            2.0054            2.0054    
      148.20            2.0056            1.9860            1.9860    
      148.40            1.9866            1.9668            1.9668    
      148.60            1.9677            1.9477            1.9477    
      148.80            1.9489            1.9287            1.9287    
      149.00            1.9302            1.9098            1.9098    
      149.20            1.9117            1.8911            1.8911    
      149.40            1.8932            1.8724            1.8724    
      149.60            1.8749            1.8539            1.8539    
      149.80            1.8567            1.8356            1.8356    
      150.00            1.8386            1.8173            1.8173    
      150.20            1.8206            1.7992            1.7992    
      150.40            1.8028            1.7812            1.7812    
      150.60            1.7851            1.7634            1.7634    
      150.80            1.7675            1.7456            1.7456    
      151.00            1.7500            1.7280            1.7280    
      151.20            1.7326            1.7106            1.7106    
      151.40            1.7154            1.6932            1.6932    
      151.60            1.6983            1.6760            1.6760    
      151.80            1.6813            1.6589            1.6589    
      152.00            1.6645            1.6420            1.6420    
      152.20            1.6477            1.6252            1.6252    
      152.40            1.6311            1.6085            1.6085    
      152.60            1.6147            1.5919            1.5919    
      152.80            1.5983            1.5755            1.5755    
      153.00            1.5821            1.5592            1.5592    
      153.20            1.5660            1.5430            1.5430    
      153.40            1.5500            1.5270            1.5270    
      153.60            1.5341            1.5111            1.5111    
      153.80            1.5184            1.4953            1.4953    
      154.00            1.5028            1.4797            1.4797    
      154.20            1.4873            1.4642            1.4642    
      154.40            1.4720            1.4488            1.4488    
      154.60            1.4568            1.4335            1.4335    
      154.80            1.4417            1.4184            1.4184    
      155.00            1.4267            1.4034            1.4034    
      155.20            1.4118            1.3885            1.3885    
      155.40            1.3971            1.3738            1.3738    
      155.60            1.3825            1.3592            1.3592    
      155.80            1.3680            1.3447            1.3447    
      156.00            1.3537            1.3303            1.3303    
      156.20            1.3394            1.3161            1.3161    
      156.40            1.3253            1.3020            1.3020    
      156.60            1.3113            1.2880            1.2880    
      156.80            1.2974            1.2742            1.2742    
      157.00            1.2837            1.2604            1.2604    
      157.20            1.2701            1.2468            1.2468    
      157.40            1.2566            1.2333            1.2333    
      157.60            1.2432            1.2200            1.2200    
      157.80            1.2299            1.2067            1.2067    
      158.00            1.2167            1.1936            1.1936    
      158.20            1.2037            1.1806            1.1806    
      158.40            1.1908            1.1678            1.1678    
      158.60            1.1780            1.1550            1.1550    
      158.80            1.1653            1.1424            1.1424    
      159.00            1.1528            1.1299            1.1299    
      159.20            1.1403            1.1175            1.1175    
      159.40            1.1280            1.1052            1.1052    
      159.60            1.1157            1.0930            1.0930    
      159.80            1.1036            1.0810            1.0810    
      160.00            1.0916            1.0690            1.0690    
      160.20            1.0798            1.0572            1.0572    
      160.40            1.0680            1.0455            1.0455    
      160.60            1.0563            1.0339            1.0339    
      160.80            1.0448            1.0224            1.0224    
      161.00            1.0333            1.0111            1.0111    
      161.20            1.0220           0.99981           0.99981    
      161.40            1.0108           0.98867           0.98867    
      161.60           0.99967           0.97763           0.97763    
      161.80           0.98867           0.96671           0.96671    
      162.00           0.97777           0.95589           0.95589    
      162.20           0.96697           0.94518           0.94518    
      162.40           0.95628           0.93457           0.93457    
      162.60           0.94569           0.92408           0.92408    
      162.80           0.93521           0.91368           0.91368    
      163.00           0.92483           0.90339           0.90339    
      163.20           0.91456           0.89321           0.89321    
      163.40           0.90438           0.88313           0.88313    
      163.60           0.89430           0.87315           0.87315    
      163.80           0.88433           0.86327           0.86327    
      164.00           0.87445           0.85349           0.85349    
      164.20           0.86468           0.84381           0.84381    
      164.40           0.85500           0.83423           0.83423    
      164.60           0.84542           0.82475           0.82475    
      164.80           0.83593           0.81537           0.81537    
      165.00           0.82654           0.80608           0.80608    
      165.20           0.81724           0.79689           0.79689    
      165.40           0.80804           0.78780           0.78780    
      165.60           0.79894           0.77880           0.77880    
      165.80           0.78992           0.76989           0.76989    
      166.00           0.78100           0.76108           0.76108    
      166.20           0.77217           0.75235           0.75235    
      166.40           0.76343           0.74372           0.74372    
      166.60           0.75478           0.73518           0.73518    
      166.80           0.74622           0.72673           0.72673    
      167.00           0.73774           0.71837           0.71837    
      167.20           0.72936           0.71010           0.71010    
      167.40           0.72106           0.70192           0.70192    
      167.60           0.71285           0.69382           0.69382    
      167.80           0.70472           0.68581           0.68581    
      168.00           0.69668           0.67788           0.67788    


  SUBJECT NO.     1 ...  OUTPUT EQUATION NO.  1

     TIMES                   OBSERVED VALUES          PREDICTED VALUES, BASED ON POSTERIOR MEANS; THEN MEDIANS; THEN MODES
--------------------------------------------------------------------------------------------------------------------------
      120.00            2.9300            2.4274            2.4141            2.4141    
      121.00            2.6400            2.7841            2.7791            2.7791    
      122.00            4.8000            3.0706            3.0796            3.0796    
      126.00            3.7000            3.6775            3.7105            3.7105    
      129.02            4.1300            3.7443            3.7759            3.7759    
      132.00            2.8100            3.6162            3.6395            3.6395    
      144.00            2.2100            2.4288            2.4154            2.4154    


