  icycle     fobj1          gamma          res     grid points (start and end)
    1     -12.031352       4.545455      0.20000     20011    1
    2     -11.376844       3.787879      0.20000         7    1
    3     -10.132698       2.705628      0.20000         7    1
    4      -7.878259       1.503126      0.20000         7    1
    5      -4.225052       0.578126      0.20000         7    1
    6      -1.379753       0.578126      0.20000         7    1
    7      -0.798530       0.578126      0.10000         8    1
    8      -0.798530       0.578126      0.10000         8    1
    9      -0.657953       0.578126      0.05000         9    1
   10      -0.576959       0.578126      0.05000         8    1
   11      -0.576959       0.578126      0.05000         8    1
   12      -0.561601       0.607032      0.02500         8    1
   13      -0.559851       0.607032      0.02500         8    1
   14      -0.554007       0.607032      0.01250         8    1
   15      -0.554007       0.592226      0.01250         8    1
   16      -0.550411       0.592226      0.01250         8    1
   17      -0.417630       0.577782      0.00625         9    1
   18      -0.362307       0.577782      0.00625         9    1
   19      -0.315688       0.577782      0.00625         9    1
   20      -0.275989       0.570649      0.00625         9    1
   21      -0.241199       0.570649      0.00625         9    1
   22      -0.214457       0.563603      0.00625         9    1
   23      -0.188642       0.563603      0.00625         8    1
   24      -0.170501       0.563603      0.00625         8    1
   25      -0.159492       0.563603      0.00625         8    1
   26      -0.155589       0.558023      0.00625         8    1
   27      -0.137934       0.558023      0.00625         8    1
   28      -0.081539       0.552498      0.00625         8    1
   29      -0.031208       0.552498      0.00625         8    1
   30       0.011732       0.547028      0.00625         8    1
   31       0.048703       0.547028      0.00625         8    1
   32       0.077697       0.541612      0.00625         8    1
   33       0.100251       0.541612      0.00625         8    1
   34       0.114785       0.541612      0.00625         8    1
   35       0.121819       0.541612      0.00625         8    1
   36       0.121819       0.541612      0.00625         8    1
   37       0.141914       0.536249      0.00313         9    1
   38       0.159645       0.536249      0.00313         9    1
   39       0.175073       0.536249      0.00313         9    1
   40       0.188596       0.536249      0.00313         9    1
   41       0.200216       0.530940      0.00313         9    1
   42       0.210298       0.530940      0.00313         9    1
   43       0.219187       0.530940      0.00313         9    1
   44       0.226673       0.530940      0.00313         8    1
   45       0.232222       0.530940      0.00313         8    1
   46       0.235834       0.530940      0.00313         8    1
   47       0.237511       0.530940      0.00313         8    1
   48       0.242454       0.530940      0.00313         8    1
   49       0.259440       0.530940      0.00313         8    1
   50       0.274493       0.525683      0.00313         8    1
   51       0.288137       0.525683      0.00313         8    1
   52       0.299548       0.525683      0.00313         8    1
   53       0.308989       0.525683      0.00313         8    1
   54       0.316460       0.525683      0.00313         8    1
   55       0.321962       0.525683      0.00313         8    1
   56       0.325495       0.525683      0.00313         8    1
   57       0.327061       0.525683      0.00313         8    1
   58       0.327061       0.525683      0.00313         8    1
   59       0.342643       0.520478      0.00156         9    1
   60       0.347459       0.520478      0.00156         9    1
   61       0.351541       0.520478      0.00156         9    1
   62       0.355149       0.520478      0.00156         9    1
   63       0.358608       0.520478      0.00156         8    1
   64       0.361565       0.520478      0.00156         8    1
   65       0.364020       0.520478      0.00156         8    1
   66       0.365974       0.520478      0.00156         8    1
   67       0.367426       0.520478      0.00156         8    1
   68       0.370535       0.520478      0.00156         8    1
   69       0.376060       0.520478      0.00156         8    1
   70       0.381084       0.520478      0.00156         8    1
   71       0.385605       0.520478      0.00156         8    1
   72       0.389625       0.520478      0.00156         8    1
   73       0.393142       0.520478      0.00156         8    1
   74       0.396158       0.520478      0.00156         8    1
   75       0.398673       0.520478      0.00156         8    1
   76       0.400685       0.520478      0.00156         8    1
   77       0.402197       0.515325      0.00156         8    1
   78       0.403255       0.515325      0.00156         8    1
   79       0.406539       0.515325      0.00156         8    1
   80       0.411758       0.515325      0.00156         8    1
   81       0.416464       0.515325      0.00156         8    1
   82       0.420659       0.515325      0.00156         8    1
   83       0.424341       0.515325      0.00156         8    1
   84       0.427511       0.515325      0.00156         8    1
   85       0.430169       0.515325      0.00156         8    1
   86       0.432316       0.515325      0.00156         8    1
   87       0.433950       0.515325      0.00156         8    1
   88       0.435072       0.515325      0.00156         8    1
   89       0.435683       0.515325      0.00156         8    1
   90       0.439213       0.515325      0.00156         8    1
   91       0.444044       0.515325      0.00156         8    1
   92       0.448363       0.515325      0.00156         8    1
   93       0.452170       0.515325      0.00156         8    1
   94       0.455464       0.515325      0.00156         8    1
   95       0.458246       0.515325      0.00156         8    1
   96       0.460515       0.515325      0.00156         8    1
   97       0.462272       0.515325      0.00156         8    1
   98       0.463516       0.515325      0.00156         8    1
   99       0.464248       0.515325      0.00156         8    1
  100       0.464468       0.515325      0.00156         8    1
