  SUBJECT NO.     1

 COL. 1. = PREDICTION TIMES
 COL. 2. = PRED. VALUES FOR OUTPUT EQ. 1, BASED ON POSTERIOR MEANS
 COL. 3. = PRED. VALUES FOR OUTPUT EQ. 1, BASED ON POSTERIOR MEDIANS
 COL. 4. = PRED. VALUES FOR OUTPUT EQ. 1, BASED ON POSTERIOR MODES
 EACH ADDITIONAL OUTPUT EQ. HAS 3 COLUMNS OF PREDICTED VALUES
 BASED, IN ORDER, ON THE POSTERIOR MEANS, MEDIANS, AND MODES: 
-------------------------------------------------------------
      0.0000            0.0000            0.0000            0.0000    
     0.20000            0.0000            0.0000            0.0000    
     0.40000            0.0000            0.0000            0.0000    
     0.60000            0.0000            0.0000            0.0000    
     0.80000            0.0000            0.0000            0.0000    
      1.0000            0.0000            0.0000            0.0000    
      1.2000            0.0000            0.0000            0.0000    
      1.4000            0.0000            0.0000            0.0000    
      1.6000            0.0000            0.0000            0.0000    
      1.8000            0.0000            0.0000            0.0000    
      2.0000            0.0000            0.0000            0.0000    
      2.2000           0.67570           0.78299           0.78299    
      2.4000            2.0547            2.1450            2.1450    
      2.6000            3.1957            3.2725            3.2725    
      2.8000            4.1378            4.2040            4.2040    
      3.0000            4.9140            4.9719            4.9719    
      3.2000            5.5515            5.6030            5.6030    
      3.4000            6.0733            6.1199            6.1199    
      3.6000            6.4985            6.5413            6.5413    
      3.8000            6.8431            6.8831            6.8831    
      4.0000            7.1204            7.1583            7.1583    
      4.2000            7.3416            7.3779            7.3779    
      4.4000            7.5160            7.5513            7.5513    
      4.6000            7.6514            7.6859            7.6859    
      4.8000            7.7543            7.7883            7.7883    
      5.0000            7.8300            7.8638            7.8638    
      5.2000            7.8832            7.9169            7.9169    
      5.4000            7.9177            7.9513            7.9513    
      5.6000            7.9365            7.9703            7.9703    
      5.8000            7.9423            7.9763            7.9763    
      6.0000            7.9374            7.9716            7.9716    
      6.2000            7.9236            7.9581            7.9581    
      6.4000            7.9024            7.9372            7.9372    
      6.6000            7.8751            7.9102            7.9102    
      6.8000            7.8429            7.8782            7.8782    
      7.0000            7.8064            7.8421            7.8421    
      7.2000            7.7667            7.8026            7.8026    
      7.4000            7.7241            7.7603            7.7603    
      7.6000            7.6794            7.7159            7.7159    
      7.8000            7.6328            7.6696            7.6696    
      8.0000            7.5849            7.6219            7.6219    
      8.2000            7.5358            7.5731            7.5731    
      8.4000            7.4858            7.5234            7.5234    
      8.6000            7.4352            7.4730            7.4730    
      8.8000            7.3841            7.4221            7.4221    
      9.0000            7.3326            7.3709            7.3709    
      9.2000            7.2809            7.3195            7.3195    
      9.4000            7.2291            7.2679            7.2679    
      9.6000            7.1773            7.2163            7.2163    
      9.8000            7.1255            7.1647            7.1647    
      10.000            7.0738            7.1132            7.1132    
      10.200            7.0223            7.0618            7.0618    
      10.400            6.9709            7.0106            7.0106    
      10.600            6.9197            6.9596            6.9596    
      10.800            6.8688            6.9088            6.9088    
      11.000            6.8181            6.8583            6.8583    
      11.200            6.7677            6.8081            6.8081    
      11.400            6.7176            6.7582            6.7582    
      11.600            6.6678            6.7085            6.7085    
      11.800            6.6184            6.6592            6.6592    
      12.000            6.5692            6.6101            6.6101    
      12.200            6.5204            6.5614            6.5614    
      12.400            6.4719            6.5131            6.5131    
      12.600            6.4237            6.4650            6.4650    
      12.800            6.3759            6.4173            6.4173    
      13.000            6.3284            6.3699            6.3699    
      13.200            6.2812            6.3229            6.3229    
      13.400            6.2344            6.2762            6.2762    
      13.600            6.1879            6.2298            6.2298    
      13.800            6.1418            6.1837            6.1837    
      14.000            6.0960            6.1380            6.1380    
      14.200            6.0505            6.0926            6.0926    
      14.400            6.0054            6.0476            6.0476    
      14.600            5.9606            6.0029            6.0029    
      14.800            5.9161            5.9585            5.9585    
      15.000            5.8720            5.9144            5.9144    
      15.200            5.8281            5.8706            5.8706    
      15.400            5.7846            5.8272            5.8272    
      15.600            5.7415            5.7841            5.7841    
      15.800            5.6986            5.7413            5.7413    
      16.000            5.6561            5.6988            5.6988    
      16.200            5.6139            5.6567            5.6567    
      16.400            5.5720            5.6148            5.6148    
      16.600            5.5304            5.5733            5.5733    
      16.800            5.4891            5.5320            5.5320    
      17.000            5.4481            5.4911            5.4911    
      17.200            5.4075            5.4505            5.4505    
      17.400            5.3671            5.4102            5.4102    
      17.600            5.3270            5.3701            5.3701    
      17.800            5.2873            5.3304            5.3304    
      18.000            5.2478            5.2909            5.2909    
      18.200            5.2086            5.2518            5.2518    
      18.400            5.1698            5.2129            5.2129    
      18.600            5.1312            5.1744            5.1744    
      18.800            5.0929            5.1361            5.1361    
      19.000            5.0548            5.0981            5.0981    
      19.200            5.0171            5.0604            5.0604    
      19.400            4.9797            5.0229            5.0229    
      19.600            4.9425            4.9857            4.9857    
      19.800            4.9056            4.9489            4.9489    
      20.000            4.8690            4.9122            4.9122    
      20.200            4.8326            4.8759            4.8759    
      20.400            4.7966            4.8398            4.8398    
      20.600            4.7608            4.8040            4.8040    
      20.800            4.7252            4.7684            4.7684    
      21.000            4.6899            4.7332            4.7332    
      21.200            4.6549            4.6981            4.6981    
      21.400            4.6202            4.6634            4.6634    
      21.600            4.5857            4.6289            4.6289    
      21.800            4.5515            4.5946            4.5946    
      22.000            4.5175            4.5606            4.5606    
      22.200            4.4838            4.5269            4.5269    
      22.400            4.4503            4.4934            4.4934    
      22.600            4.4171            4.4601            4.4601    
      22.800            4.3841            4.4271            4.4271    
      23.000            4.3514            4.3944            4.3944    
      23.200            4.3189            4.3619            4.3619    
      23.400            4.2867            4.3296            4.3296    
      23.600            4.2547            4.2975            4.2975    
      23.800            4.2229            4.2657            4.2657    
      24.000            4.1914            4.2342            4.2342    
      24.200            4.1601            4.2028            4.2028    
      24.400            4.1290            4.1717            4.1717    
      24.600            4.0982            4.1409            4.1409    
      24.800            4.0676            4.1102            4.1102    
      25.000            4.0373            4.0798            4.0798    
      25.200            4.0071            4.0496            4.0496    
      25.400            3.9772            4.0197            4.0197    
      25.600            3.9475            3.9899            3.9899    
      25.800            3.9181            3.9604            3.9604    
      26.000            3.8888            3.9311            3.9311    
      26.200            4.5355            4.6850            4.6850    
      26.400            5.8857            6.0181            6.0181    
      26.600            6.9981            7.1169            7.1169    
      26.800            7.9118            8.0201            8.0201    
      27.000            8.6598            8.7597            8.7597    
      27.200            9.2693            9.3628            9.3628    
      27.400            9.7634            9.8518            9.8518    
      27.600            10.161            10.246            10.246    
      27.800            10.478            10.560            10.560    
      28.000            10.729            10.808            10.808    
      28.200            10.923            11.001            11.001    
      28.400            11.070            11.147            11.147    
      28.600            11.179            11.255            11.255    
      28.800            11.256            11.331            11.331    
      29.000            11.305            11.380            11.380    
      29.200            11.333            11.408            11.408    
      29.400            11.341            11.416            11.416    
      29.600            11.335            11.409            11.409    
      29.800            11.315            11.390            11.390    
      30.000            11.285            11.360            11.360    
      30.200            11.246            11.321            11.321    
      30.400            11.200            11.276            11.276    
      30.600            11.148            11.224            11.224    
      30.800            11.092            11.167            11.167    
      31.000            11.031            11.107            11.107    
      31.200            10.967            11.043            11.043    
      31.400            10.901            10.977            10.977    
      31.600            10.832            10.909            10.909    
      31.800            10.762            10.839            10.839    
      32.000            10.691            10.768            10.768    
      32.200            10.619            10.696            10.696    
      32.400            10.546            10.623            10.623    
      32.600            10.472            10.550            10.550    
      32.800            10.398            10.476            10.476    
      33.000            10.324            10.402            10.402    
      33.200            10.250            10.328            10.328    
      33.400            10.176            10.254            10.254    
      33.600            10.103            10.181            10.181    
      33.800            10.029            10.107            10.107    
      34.000            9.9555            10.034            10.034    
      34.200            9.8825            9.9609            9.9609    
      34.400            9.8098            9.8883            9.8883    
      34.600            9.7374            9.8160            9.8160    
      34.800            9.6654            9.7441            9.7441    
      35.000            9.5939            9.6726            9.6726    
      35.200            9.5228            9.6015            9.6015    
      35.400            9.4521            9.5309            9.5309    
      35.600            9.3819            9.4608            9.4608    
      35.800            9.3122            9.3911            9.3911    
      36.000            9.2429            9.3218            9.3218    
      36.200            9.1741            9.2531            9.2531    
      36.400            9.1058            9.1848            9.1848    
      36.600            9.0380            9.1170            9.1170    
      36.800            8.9706            9.0496            9.0496    
      37.000            8.9038            8.9828            8.9828    
      37.200            8.8374            8.9164            8.9164    
      37.400            8.7715            8.8505            8.8505    
      37.600            8.7061            8.7850            8.7850    
      37.800            8.6411            8.7201            8.7201    
      38.000            8.5767            8.6556            8.6556    
      38.200            8.5127            8.5916            8.5916    
      38.400            8.4492            8.5280            8.5280    
      38.600            8.3861            8.4650            8.4650    
      38.800            8.3235            8.4024            8.4024    
      39.000            8.2614            8.3402            8.3402    
      39.200            8.1998            8.2785            8.2785    
      39.400            8.1386            8.2173            8.2173    
      39.600            8.0778            8.1565            8.1565    
      39.800            8.0175            8.0961            8.0961    
      40.000            7.9577            8.0362            8.0362    
      40.200            7.8983            7.9768            7.9768    
      40.400            7.8393            7.9177            7.9177    
      40.600            7.7808            7.8592            7.8592    
      40.800            7.7228            7.8010            7.8010    
      41.000            7.6651            7.7433            7.7433    
      41.200            7.6079            7.6860            7.6860    
      41.400            7.5511            7.6291            7.6291    
      41.600            7.4947            7.5727            7.5727    
      41.800            7.4388            7.5166            7.5166    
      42.000            7.3833            7.4610            7.4610    
      42.200            7.3282            7.4058            7.4058    
      42.400            7.2735            7.3510            7.3510    
      42.600            7.2192            7.2966            7.2966    
      42.800            7.1653            7.2426            7.2426    
      43.000            7.1118            7.1890            7.1890    
      43.200            7.0587            7.1358            7.1358    
      43.400            7.0060            7.0830            7.0830    
      43.600            6.9537            7.0306            7.0306    
      43.800            6.9018            6.9786            6.9786    
      44.000            6.8503            6.9270            6.9270    
      44.200            6.7991            6.8757            6.8757    
      44.400            6.7484            6.8248            6.8248    
      44.600            6.6980            6.7743            6.7743    
      44.800            6.6480            6.7242            6.7242    
      45.000            6.5984            6.6745            6.6745    
      45.200            6.5491            6.6251            6.6251    
      45.400            6.5002            6.5760            6.5760    
      45.600            6.4517            6.5274            6.5274    
      45.800            6.4036            6.4791            6.4791    
      46.000            6.3558            6.4311            6.4311    
      46.200            6.3083            6.3836            6.3836    
      46.400            6.2612            6.3363            6.3363    
      46.600            6.2145            6.2894            6.2894    
      46.800            6.1681            6.2429            6.2429    
      47.000            6.1221            6.1967            6.1967    
      47.200            6.0764            6.1509            6.1509    
      47.400            6.0310            6.1053            6.1053    
      47.600            5.9860            6.0602            6.0602    
      47.800            5.9413            6.0153            6.0153    
      48.000            5.8969            5.9708            5.9708    
      48.200            5.8529            5.9266            5.9266    
      48.400            5.8092            5.8828            5.8828    
      48.600            5.7659            5.8392            5.8392    
      48.800            5.7228            5.7960            5.7960    
      49.000            5.6801            5.7531            5.7531    
      49.200            5.6377            5.7106            5.7106    
      49.400            5.5956            5.6683            5.6683    
      49.600            5.5539            5.6264            5.6264    
      49.800            5.5124            5.5847            5.5847    
      50.000            5.4713            5.5434            5.5434    
      50.200            6.1061            6.2854            6.2854    
      50.400            7.4446            7.6067            7.6067    
      50.600            8.5453            8.6937            8.6937    
      50.800            9.4476            9.5852            9.5852    
      51.000            10.184            10.313            10.313    
      51.200            10.782            10.905            10.905    
      51.400            11.265            11.382            11.382    
      51.600            11.651            11.765            11.765    
      51.800            11.958            12.068            12.068    
      52.000            12.197            12.305            12.305    
      52.200            12.380            12.486            12.486    
      52.400            12.517            12.622            12.622    
      52.600            12.615            12.719            12.719    
      52.800            12.681            12.784            12.784    
      53.000            12.720            12.823            12.823    
      53.200            12.736            12.839            12.839    
      53.400            12.735            12.837            12.837    
      53.600            12.717            12.820            12.820    
      53.800            12.688            12.790            12.790    
      54.000            12.647            12.750            12.750    
      54.200            12.598            12.701            12.701    
      54.400            12.542            12.645            12.645    
      54.600            12.480            12.583            12.583    
      54.800            12.414            12.517            12.517    
      55.000            12.343            12.446            12.446    
      55.200            12.269            12.373            12.373    
      55.400            12.193            12.297            12.297    
      55.600            12.115            12.218            12.218    
      55.800            12.036            12.139            12.139    
      56.000            11.955            12.058            12.058    
      56.200            11.873            11.976            11.976    
      56.400            11.791            11.894            11.894    
      56.600            11.708            11.811            11.811    
      56.800            11.625            11.729            11.729    
      57.000            11.542            11.645            11.645    
      57.200            11.459            11.562            11.562    
      57.400            11.376            11.479            11.479    
      57.600            11.293            11.397            11.397    
      57.800            11.210            11.314            11.314    
      58.000            11.128            11.232            11.232    
      58.200            11.046            11.150            11.150    
      58.400            10.965            11.069            11.069    
      58.600            10.884            10.988            10.988    
      58.800            10.803            10.907            10.907    
      59.000            10.723            10.827            10.827    
      59.200            10.644            10.747            10.747    
      59.400            10.565            10.668            10.668    
      59.600            10.486            10.590            10.590    
      59.800            10.408            10.512            10.512    
      60.000            10.331            10.434            10.434    
      60.200            10.254            10.357            10.357    
      60.400            10.178            10.281            10.281    
      60.600            10.102            10.205            10.205    
      60.800            10.027            10.129            10.129    
      61.000            9.9518            10.054            10.054    
      61.200            9.8776            9.9801            9.9801    
      61.400            9.8039            9.9063            9.9063    
      61.600            9.7308            9.8331            9.8331    
      61.800            9.6582            9.7604            9.7604    
      62.000            9.5861            9.6882            9.6882    
      62.200            9.5146            9.6165            9.6165    
      62.400            9.4436            9.5454            9.5454    
      62.600            9.3731            9.4748            9.4748    
      62.800            9.3032            9.4047            9.4047    
      63.000            9.2338            9.3351            9.3351    
      63.200            9.1648            9.2661            9.2661    
      63.400            9.0964            9.1975            9.1975    
      63.600            9.0286            9.1295            9.1295    
      63.800            8.9612            9.0619            9.0619    
      64.000            8.8943            8.9949            8.9949    
      64.200            8.8279            8.9283            8.9283    
      64.400            8.7620            8.8623            8.8623    
      64.600            8.6966            8.7967            8.7967    
      64.800            8.6317            8.7316            8.7316    
      65.000            8.5673            8.6670            8.6670    
      65.200            8.5033            8.6029            8.6029    
      65.400            8.4398            8.5392            8.5392    
      65.600            8.3768            8.4760            8.4760    
      65.800            8.3143            8.4133            8.4133    
      66.000            8.2522            8.3511            8.3511    
      66.200            8.1906            8.2893            8.2893    
      66.400            8.1295            8.2279            8.2279    
      66.600            8.0688            8.1671            8.1671    
      66.800            8.0086            8.1066            8.1066    
      67.000            7.9488            8.0466            8.0466    
      67.200            7.8895            7.9871            7.9871    
      67.400            7.8306            7.9280            7.9280    
      67.600            7.7721            7.8693            7.8693    
      67.800            7.7141            7.8111            7.8111    
      68.000            7.6565            7.7533            7.7533    
      68.200            7.5994            7.6959            7.6959    
      68.400            7.5426            7.6390            7.6390    
      68.600            7.4863            7.5825            7.5825    
      68.800            7.4305            7.5264            7.5264    
      69.000            7.3750            7.4707            7.4707    
      69.200            7.3199            7.4154            7.4154    
      69.400            7.2653            7.3605            7.3605    
      69.600            7.2111            7.3061            7.3061    
      69.800            7.1572            7.2520            7.2520    
      70.000            7.1038            7.1983            7.1983    
      70.200            7.0508            7.1451            7.1451    
      70.400            6.9981            7.0922            7.0922    
      70.600            6.9459            7.0397            7.0397    
      70.800            6.8941            6.9876            6.9876    
      71.000            6.8426            6.9359            6.9359    
      71.200            6.7915            6.8846            6.8846    
      71.400            6.7408            6.8337            6.8337    
      71.600            6.6905            6.7831            6.7831    
      71.800            6.6406            6.7329            6.7329    
      72.000            6.5910            6.6831            6.6831    
      72.200            6.5418            6.6336            6.6336    
      72.400            6.4930            6.5845            6.5845    
      72.600            6.4445            6.5358            6.5358    
      72.800            6.3964            6.4875            6.4875    
      73.000            6.3486            6.4395            6.4395    
      73.200            6.3012            6.3918            6.3918    
      73.400            6.2542            6.3445            6.3445    
      73.600            6.2075            6.2976            6.2976    
      73.800            6.1612            6.2510            6.2510    
      74.000            6.1152            6.2047            6.2047    
      74.200            6.7452            6.9418            6.9418    
      74.400            8.0790            8.2582            8.2582    
      74.600            9.1750            9.3405            9.3405    
      74.800            10.072            10.227            10.227    
      75.000            10.804            10.950            10.950    
      75.200            11.398            11.537            11.537    
      75.400            11.876            12.010            12.010    
      75.600            12.258            12.388            12.388    
      75.800            12.560            12.687            12.687    
      76.000            12.794            12.919            12.919    
      76.200            12.973            13.096            13.096    
      76.400            13.105            13.227            13.227    
      76.600            13.199            13.320            13.320    
      76.800            13.260            13.380            13.380    
      77.000            13.295            13.414            13.414    
      77.200            13.308            13.426            13.426    
      77.400            13.301            13.420            13.420    
      77.600            13.280            13.399            13.399    
      77.800            13.246            13.364            13.364    
      78.000            13.202            13.320            13.320    
      78.200            13.148            13.267            13.267    
      78.400            13.088            13.207            13.207    
      78.600            13.022            13.141            13.141    
      78.800            12.952            13.070            13.070    
      79.000            12.877            12.995            12.995    
      79.200            12.799            12.918            12.918    
      79.400            12.719            12.838            12.838    
      79.600            12.637            12.756            12.756    
      79.800            12.554            12.672            12.672    
      80.000            12.469            12.587            12.587    
      80.200            12.383            12.502            12.502    
      80.400            12.297            12.416            12.416    
      80.600            12.211            12.329            12.329    
      80.800            12.124            12.242            12.242    
      81.000            12.037            12.155            12.155    
      81.200            11.950            12.068            12.068    
      81.400            11.864            11.982            11.982    
      81.600            11.777            11.895            11.895    
      81.800            11.691            11.809            11.809    
      82.000            11.605            11.723            11.723    
      82.200            11.520            11.638            11.638    
      82.400            11.435            11.553            11.553    
      82.600            11.351            11.468            11.468    
      82.800            11.267            11.384            11.384    
      83.000            11.183            11.300            11.300    
      83.200            11.100            11.217            11.217    
      83.400            11.018            11.135            11.135    
      83.600            10.936            11.053            11.053    
      83.800            10.854            10.971            10.971    
      84.000            10.774            10.890            10.890    
      84.200            10.693            10.810            10.810    
      84.400            10.614            10.730            10.730    
      84.600            10.535            10.651            10.651    
      84.800            10.456            10.572            10.572    
      85.000            10.378            10.494            10.494    
      85.200            10.301            10.416            10.416    
      85.400            10.224            10.339            10.339    
      85.600            10.148            10.263            10.263    
      85.800            10.072            10.187            10.187    
      86.000            9.9969            10.112            10.112    
      86.200            9.9223            10.037            10.037    
      86.400            9.8483            9.9627            9.9627    
      86.600            9.7748            9.8890            9.8890    
      86.800            9.7018            9.8158            9.8158    
      87.000            9.6294            9.7432            9.7432    
      87.200            9.5576            9.6711            9.6711    
      87.400            9.4862            9.5996            9.5996    
      87.600            9.4154            9.5285            9.5285    
      87.800            9.3452            9.4581            9.4581    
      88.000            9.2754            9.3881            9.3881    
      88.200            9.2062            9.3186            9.3186    
      88.400            9.1374            9.2497            9.2497    
      88.600            9.0692            9.1812            9.1812    
      88.800            9.0015            9.1133            9.1133    
      89.000            8.9344            9.0459            9.0459    
      89.200            8.8677            8.9789            8.9789    
      89.400            8.8015            8.9125            8.9125    
      89.600            8.7358            8.8465            8.8465    
      89.800            8.6706            8.7811            8.7811    
      90.000            8.6058            8.7161            8.7161    
      90.200            8.5416            8.6516            8.6516    
      90.400            8.4778            8.5876            8.5876    
      90.600            8.4146            8.5241            8.5241    
      90.800            8.3517            8.4610            8.4610    
      91.000            8.2894            8.3984            8.3984    
      91.200            8.2275            8.3362            8.3362    
      91.400            8.1661            8.2746            8.2746    
      91.600            8.1052            8.2133            8.2133    
      91.800            8.0447            8.1526            8.1526    
      92.000            7.9846            8.0922            8.0922    
      92.200            7.9250            8.0323            8.0323    
      92.400            7.8658            7.9729            7.9729    
      92.600            7.8071            7.9139            7.9139    
      92.800            7.7488            7.8554            7.8554    
      93.000            7.6910            7.7972            7.7972    
      93.200            7.6336            7.7395            7.7395    
      93.400            7.5766            7.6823            7.6823    
      93.600            7.5201            7.6254            7.6254    
      93.800            7.4639            7.5690            7.5690    
      94.000            7.4082            7.5130            7.5130    
      94.200            7.3529            7.4574            7.4574    
      94.400            7.2980            7.4022            7.4022    
      94.600            7.2435            7.3474            7.3474    
      94.800            7.1895            7.2931            7.2931    
      95.000            7.1358            7.2391            7.2391    
      95.200            7.0825            7.1855            7.1855    
      95.400            7.0297            7.1324            7.1324    
      95.600            6.9772            7.0796            7.0796    
      95.800            6.9251            7.0272            7.0272    
      96.000            6.8734            6.9752            6.9752    
      96.200            6.8221            6.9236            6.9236    
      96.400            6.7712            6.8724            6.8724    
      96.600            6.7206            6.8215            6.8215    
      96.800            6.6705            6.7710            6.7710    
      97.000            6.6207            6.7209            6.7209    
      97.200            6.5712            6.6712            6.6712    
      97.400            6.5222            6.6219            6.6219    
      97.600            6.4735            6.5729            6.5729    
      97.800            6.4252            6.5242            6.5242    
      98.000            6.3772            6.4759            6.4759    
      98.200            7.0053            7.2110            7.2110    
      98.400            8.3371            8.5254            8.5254    
      98.600            9.4312            9.6057            9.6057    
      98.800            10.327            10.490            10.490    
      99.000            11.057            11.212            11.212    
      99.200            11.648            11.797            11.797    
      99.400            12.125            12.268            12.268    
      99.600            12.505            12.644            12.644    
      99.800            12.804            12.940            12.940    
      100.00            13.037            13.171            13.171    
      100.20            13.214            13.346            13.346    
      100.40            13.345            13.475            13.475    
      100.60            13.437            13.566            13.566    
      100.80            13.496            13.625            13.625    
      101.00            13.529            13.657            13.657    
      101.20            13.540            13.667            13.667    
      101.40            13.532            13.659            13.659    
      101.60            13.509            13.636            13.636    
      101.80            13.473            13.600            13.600    
      102.00            13.427            13.554            13.554    
      102.20            13.372            13.499            13.499    
      102.40            13.310            13.437            13.437    
      102.60            13.243            13.369            13.369    
      102.80            13.170            13.297            13.297    
      103.00            13.094            13.221            13.221    
      103.20            13.015            13.141            13.141    
      103.40            12.933            13.060            13.060    
      103.60            12.850            12.976            12.976    
      103.80            12.765            12.891            12.891    
      104.00            12.678            12.804            12.804    
      104.20            12.591            12.717            12.717    
      104.40            12.503            12.629            12.629    
      104.60            12.415            12.541            12.541    
      104.80            12.327            12.453            12.453    
      105.00            12.239            12.364            12.364    
      105.20            12.150            12.276            12.276    
      105.40            12.062            12.188            12.188    
      105.60            11.974            12.100            12.100    
      105.80            11.887            12.012            12.012    
      106.00            11.800            11.925            11.925    
      106.20            11.713            11.838            11.838    
      106.40            11.626            11.751            11.751    
      106.60            11.540            11.665            11.665    
      106.80            11.455            11.580            11.580    
      107.00            11.370            11.494            11.494    
      107.20            11.286            11.410            11.410    
      107.40            11.202            11.326            11.326    
      107.60            11.119            11.242            11.242    
      107.80            11.036            11.160            11.160    
      108.00            10.954            11.077            11.077    
      108.20            10.872            10.996            10.996    
      108.40            10.791            10.914            10.914    
      108.60            10.711            10.834            10.834    
      108.80            10.631            10.754            10.754    
      109.00            10.552            10.674            10.674    
      109.20            10.473            10.595            10.595    
      109.40            10.395            10.517            10.517    
      109.60            10.317            10.439            10.439    
      109.80            10.240            10.362            10.362    
      110.00            10.164            10.285            10.285    
      110.20            10.088            10.209            10.209    
      110.40            10.013            10.134            10.134    
      110.60            9.9382            10.059            10.059    
      110.80            9.8641            9.9844            9.9844    
      111.00            9.7904            9.9106            9.9106    
      111.20            9.7174            9.8373            9.8373    
      111.40            9.6448            9.7645            9.7645    
      111.60            9.5729            9.6922            9.6922    
      111.80            9.5014            9.6205            9.6205    
      112.00            9.4305            9.5493            9.5493    
      112.20            9.3601            9.4787            9.4787    
      112.40            9.2902            9.4086            9.4086    
      112.60            9.2209            9.3389            9.3389    
      112.80            9.1521            9.2698            9.2698    
      113.00            9.0837            9.2013            9.2013    
      113.20            9.0159            9.1332            9.1332    
      113.40            8.9486            9.0656            9.0656    
      113.60            8.8818            8.9985            8.9985    
      113.80            8.8155            8.9319            8.9319    
      114.00            8.7497            8.8658            8.8658    
      114.20            8.6844            8.8002            8.8002    
      114.40            8.6196            8.7351            8.7351    
      114.60            8.5553            8.6705            8.6705    
      114.80            8.4914            8.6063            8.6063    
      115.00            8.4280            8.5426            8.5426    
      115.20            8.3651            8.4794            8.4794    
      115.40            8.3026            8.4167            8.4167    
      115.60            8.2407            8.3544            8.3544    
      115.80            8.1792            8.2926            8.2926    
      116.00            8.1181            8.2312            8.2312    
      116.20            8.0575            8.1703            8.1703    
      116.40            7.9974            8.1099            8.1099    
      116.60            7.9377            8.0499            8.0499    
      116.80            7.8784            7.9903            7.9903    
      117.00            7.8196            7.9312            7.9312    
      117.20            7.7612            7.8725            7.8725    
      117.40            7.7033            7.8142            7.8142    
      117.60            7.6458            7.7564            7.7564    
      117.80            7.5887            7.6990            7.6990    
      118.00            7.5321            7.6421            7.6421    
      118.20            7.4758            7.5855            7.5855    
      118.40            7.4200            7.5294            7.5294    
      118.60            7.3646            7.4737            7.4737    
      118.80            7.3097            7.4184            7.4184    
      119.00            7.2551            7.3635            7.3635    
      119.20            7.2009            7.3090            7.3090    
      119.40            7.1472            7.2549            7.2549    
      119.60            7.0938            7.2012            7.2012    
      119.80            7.0409            7.1479            7.1479    
      120.00            6.9883            7.0950            7.0950    
      120.20            6.9362            7.0425            7.0425    
      120.40            6.8844            6.9904            6.9904    
      120.60            6.8330            6.9387            6.9387    
      120.80            6.7820            6.8874            6.8874    
      121.00            6.7314            6.8364            6.8364    
      121.20            6.6811            6.7858            6.7858    
      121.40            6.6312            6.7356            6.7356    
      121.60            6.5817            6.6858            6.6858    
      121.80            6.5326            6.6363            6.6363    
      122.00            6.4839            6.5872            6.5872    
      122.20            7.1111            7.3214            7.3214    
      122.40            8.4422            8.6350            8.6350    
      122.60            9.5354            9.7145            9.7145    
      122.80            10.430            10.598            10.598    
      123.00            11.159            11.319            11.319    
      123.20            11.750            11.903            11.903    
      123.40            12.226            12.373            12.373    
      123.60            12.605            12.749            12.749    
      123.80            12.904            13.044            13.044    
      124.00            13.136            13.274            13.274    
      124.20            13.313            13.448            13.448    
      124.40            13.442            13.577            13.577    
      124.60            13.533            13.667            13.667    
      124.80            13.592            13.725            13.725    
      125.00            13.625            13.757            13.757    
      125.20            13.635            13.766            13.766    
      125.40            13.626            13.757            13.757    
      125.60            13.602            13.733            13.733    
      125.80            13.566            13.697            13.697    
      126.00            13.519            13.650            13.650    
      126.20            13.463            13.594            13.594    
      126.40            13.401            13.531            13.531    
      126.60            13.333            13.463            13.463    
      126.80            13.260            13.390            13.390    
      127.00            13.183            13.313            13.313    
      127.20            13.103            13.233            13.233    
      127.40            13.020            13.151            13.151    
      127.60            12.936            13.066            13.066    
      127.80            12.850            12.980            12.980    
      128.00            12.763            12.893            12.893    
      128.20            12.676            12.806            12.806    
      128.40            12.587            12.717            12.717    
      128.60            12.499            12.628            12.628    
      128.80            12.410            12.539            12.539    
      129.00            12.321            12.450            12.450    
      129.20            12.232            12.361            12.361    
      129.40            12.143            12.272            12.272    
      129.60            12.055            12.184            12.184    
      129.80            11.966            12.095            12.095    
      130.00            11.879            12.007            12.007    
      130.20            11.791            11.920            11.920    
      130.40            11.704            11.833            11.833    
      130.60            11.618            11.746            11.746    
      130.80            11.532            11.660            11.660    
      131.00            11.446            11.574            11.574    
      131.20            11.361            11.489            11.489    
      131.40            11.277            11.404            11.404    
      131.60            11.193            11.320            11.320    
      131.80            11.110            11.237            11.237    
      132.00            11.027            11.154            11.154    
      132.20            10.945            11.072            11.072    
      132.40            10.863            10.990            10.990    
      132.60            10.783            10.909            10.909    
      132.80            10.702            10.828            10.828    
      133.00            10.622            10.748            10.748    
      133.20            10.543            10.669            10.669    
      133.40            10.465            10.590            10.590    
      133.60            10.386            10.512            10.512    
      133.80            10.309            10.434            10.434    
      134.00            10.232            10.357            10.357    
      134.20            10.156            10.280            10.280    
      134.40            10.080            10.204            10.204    
      134.60            10.005            10.129            10.129    
      134.80            9.9301            10.054            10.054    
      135.00            9.8560            9.9792            9.9792    
      135.20            9.7824            9.9054            9.9054    
      135.40            9.7094            9.8321            9.8321    
      135.60            9.6369            9.7594            9.7594    
      135.80            9.5650            9.6872            9.6872    
      136.00            9.4936            9.6155            9.6155    
      136.20            9.4227            9.5443            9.5443    
      136.40            9.3524            9.4737            9.4737    
      136.60            9.2826            9.4036            9.4036    
      136.80            9.2133            9.3340            9.3340    
      137.00            9.1445            9.2650            9.2650    
      137.20            9.0763            9.1964            9.1964    
      137.40            9.0085            9.1284            9.1284    
      137.60            8.9413            9.0608            9.0608    
      137.80            8.8745            8.9938            8.9938    
      138.00            8.8083            8.9272            8.9272    
      138.20            8.7425            8.8612            8.8612    
      138.40            8.6773            8.7956            8.7956    
      138.60            8.6125            8.7305            8.7305    
      138.80            8.5482            8.6659            8.6659    
      139.00            8.4844            8.6018            8.6018    
      139.20            8.4211            8.5382            8.5382    
      139.40            8.3582            8.4750            8.4750    
      139.60            8.2958            8.4123            8.4123    
      139.80            8.2339            8.3500            8.3500    
      140.00            8.1724            8.2882            8.2882    
      140.20            8.1114            8.2269            8.2269    
      140.40            8.0509            8.1660            8.1660    
      140.60            7.9908            8.1056            8.1056    
      140.80            7.9311            8.0456            8.0456    
      141.00            7.8719            7.9861            7.9861    
      141.20            7.8132            7.9270            7.9270    
      141.40            7.7548            7.8684            7.8684    
      141.60            7.6970            7.8101            7.8101    
      141.80            7.6395            7.7523            7.7523    
      142.00            7.5825            7.6950            7.6950    
      142.20            7.5259            7.6380            7.6380    
      142.40            7.4697            7.5815            7.5815    
      142.60            7.4139            7.5254            7.5254    
      142.80            7.3586            7.4697            7.4697    
      143.00            7.3037            7.4145            7.4145    
      143.20            7.2491            7.3596            7.3596    
      143.40            7.1950            7.3052            7.3052    
      143.60            7.1413            7.2511            7.2511    
      143.80            7.0880            7.1974            7.1974    
      144.00            7.0351            7.1442            7.1442    
      144.20            6.9826            7.0913            7.0913    
      144.40            6.9305            7.0388            7.0388    
      144.60            6.8787            6.9868            6.9868    
      144.80            6.8274            6.9351            6.9351    
      145.00            6.7764            6.8838            6.8838    
      145.20            6.7258            6.8328            6.8328    
      145.40            6.6756            6.7823            6.7823    
      145.60            6.6258            6.7321            6.7321    
      145.80            6.5763            6.6823            6.6823    
      146.00            6.5272            6.6328            6.6328    
      146.20            6.4785            6.5837            6.5837    
      146.40            6.4302            6.5350            6.5350    
      146.60            6.3822            6.4867            6.4867    
      146.80            6.3345            6.4387            6.4387    
      147.00            6.2872            6.3910            6.3910    
      147.20            6.2403            6.3437            6.3437    
      147.40            6.1937            6.2968            6.2968    
      147.60            6.1475            6.2502            6.2502    
      147.80            6.1016            6.2039            6.2039    
      148.00            6.0560            6.1580            6.1580    
      148.20            6.0108            6.1125            6.1125    
      148.40            5.9660            6.0672            6.0672    
      148.60            5.9214            6.0224            6.0224    
      148.80            5.8772            5.9778            5.9778    
      149.00            5.8334            5.9336            5.9336    
      149.20            5.7898            5.8897            5.8897    
      149.40            5.7466            5.8461            5.8461    
      149.60            5.7037            5.8028            5.8028    
      149.80            5.6611            5.7599            5.7599    
      150.00            5.6189            5.7173            5.7173    
      150.20            5.5769            5.6749            5.6749    
      150.40            5.5353            5.6330            5.6330    
      150.60            5.4940            5.5913            5.5913    
      150.80            5.4530            5.5499            5.5499    
      151.00            5.4123            5.5088            5.5088    
      151.20            5.3719            5.4681            5.4681    
      151.40            5.3318            5.4276            5.4276    
      151.60            5.2920            5.3875            5.3875    
      151.80            5.2525            5.3476            5.3476    
      152.00            5.2132            5.3080            5.3080    
      152.20            5.1743            5.2687            5.2687    
      152.40            5.1357            5.2298            5.2298    
      152.60            5.0974            5.1911            5.1911    
      152.80            5.0593            5.1526            5.1526    
      153.00            5.0215            5.1145            5.1145    
      153.20            4.9841            5.0767            5.0767    
      153.40            4.9469            5.0391            5.0391    
      153.60            4.9099            5.0018            5.0018    
      153.80            4.8733            4.9648            4.9648    
      154.00            4.8369            4.9281            4.9281    
      154.20            4.8008            4.8916            4.8916    
      154.40            4.7650            4.8554            4.8554    
      154.60            4.7294            4.8195            4.8195    
      154.80            4.6941            4.7838            4.7838    
      155.00            4.6590            4.7484            4.7484    
      155.20            4.6243            4.7133            4.7133    
      155.40            4.5897            4.6784            4.6784    
      155.60            4.5555            4.6438            4.6438    
      155.80            4.5215            4.6094            4.6094    
      156.00            4.4877            4.5753            4.5753    
      156.20            4.4542            4.5415            4.5415    
      156.40            4.4210            4.5079            4.5079    
      156.60            4.3880            4.4745            4.4745    
      156.80            4.3552            4.4414            4.4414    
      157.00            4.3227            4.4085            4.4085    
      157.20            4.2904            4.3759            4.3759    
      157.40            4.2584            4.3435            4.3435    
      157.60            4.2266            4.3114            4.3114    
      157.80            4.1951            4.2795            4.2795    
      158.00            4.1638            4.2478            4.2478    
      158.20            4.1327            4.2164            4.2164    
      158.40            4.1018            4.1852            4.1852    
      158.60            4.0712            4.1542            4.1542    
      158.80            4.0408            4.1235            4.1235    
      159.00            4.0107            4.0930            4.0930    
      159.20            3.9807            4.0627            4.0627    
      159.40            3.9510            4.0326            4.0326    
      159.60            3.9215            4.0028            4.0028    
      159.80            3.8922            3.9732            3.9732    
      160.00            3.8632            3.9438            3.9438    
      160.20            3.8343            3.9146            3.9146    
      160.40            3.8057            3.8856            3.8856    
      160.60            3.7773            3.8569            3.8569    
      160.80            3.7491            3.8283            3.8283    
      161.00            3.7211            3.8000            3.8000    
      161.20            3.6934            3.7719            3.7719    
      161.40            3.6658            3.7440            3.7440    
      161.60            3.6384            3.7163            3.7163    
      161.80            3.6113            3.6888            3.6888    
      162.00            3.5843            3.6615            3.6615    
      162.20            3.5576            3.6344            3.6344    
      162.40            3.5310            3.6075            3.6075    
      162.60            3.5046            3.5808            3.5808    
      162.80            3.4785            3.5543            3.5543    
      163.00            3.4525            3.5280            3.5280    
      163.20            3.4267            3.5019            3.5019    
      163.40            3.4012            3.4760            3.4760    
      163.60            3.3758            3.4503            3.4503    
      163.80            3.3506            3.4247            3.4247    
      164.00            3.3256            3.3994            3.3994    
      164.20            3.3007            3.3742            3.3742    
      164.40            3.2761            3.3493            3.3493    
      164.60            3.2516            3.3245            3.3245    
      164.80            3.2274            3.2999            3.2999    
      165.00            3.2033            3.2755            3.2755    
      165.20            3.1794            3.2512            3.2512    
      165.40            3.1556            3.2272            3.2272    
      165.60            3.1321            3.2033            3.2033    
      165.80            3.1087            3.1796            3.1796    
      166.00            3.0855            3.1561            3.1561    
      166.20            3.0625            3.1327            3.1327    
      166.40            3.0396            3.1095            3.1095    
      166.60            3.0169            3.0865            3.0865    
      166.80            2.9944            3.0637            3.0637    
      167.00            2.9720            3.0410            3.0410    
      167.20            2.9498            3.0185            3.0185    
      167.40            2.9278            2.9962            2.9962    
      167.60            2.9060            2.9740            2.9740    
      167.80            2.8843            2.9520            2.9520    
      168.00            2.8628            2.9302            2.9302    
      168.20            2.8414            2.9085            2.9085    
      168.40            2.8202            2.8870            2.8870    
      168.60            2.7991            2.8656            2.8656    
      168.80            2.7782            2.8444            2.8444    


  SUBJECT NO.     1 ...  OUTPUT EQUATION NO.  1

     TIMES                   OBSERVED VALUES          PREDICTED VALUES, BASED ON POSTERIOR MEANS; THEN MEDIANS; THEN MODES
--------------------------------------------------------------------------------------------------------------------------
      120.00            6.9200            6.9883            7.0950            7.0950    
      121.00            6.8900            6.7314            6.8364            6.8364    
      121.98            6.6400            6.4887            6.5921            6.5921    
      126.00            13.720            13.519            13.650            13.650    
      129.00            12.690            12.321            12.450            12.450    
      131.98            10.580            11.035            11.162            11.162    
      144.98            6.6200            6.7815            6.8889            6.8889    


