  icycle     fobj1          gamma          res     grid points (start and end)
    1     -10.675751       4.545455      0.20000     20011    1
    2     -10.039839       3.787879      0.20000         8    1
    3      -8.842839       2.705628      0.20000         8    1
    4      -6.736522       1.503126      0.20000         8    1
    5      -3.760727       1.503126      0.20000         8    1
    6      -3.567995       0.835070      0.10000         9    1
    7      -2.711193       0.835070      0.10000         8    1
    8      -2.711193       0.835070      0.05000         8    1
    9      -2.398191       0.835070      0.02500         8    1
   10      -2.398191       1.002084      0.02500         8    1
   11      -2.330292       1.002084      0.02500         8    1
   12      -2.315712       1.002084      0.01250         8    1
   13      -2.315712       0.910986      0.01250         8    1
   14      -2.287004       0.910986      0.01250         8    1
   15      -2.284940       0.910986      0.00625         9    1
   16      -2.281748       0.910986      0.00625         8    1
   17      -2.281748       0.933760      0.00625         8    1
   18      -2.277586       0.933760      0.00625         8    1
   19      -2.277178       0.933760      0.00313         8    1
   20      -2.277178       0.933760      0.00313         8    1
   21      -2.275757       0.933760      0.00156         8    1
   22      -2.267407       0.933760      0.00156         8    1
   23      -2.247984       0.933760      0.00156         8    1
   24      -2.237247       0.924515      0.00156         8    1
   25      -2.235062       0.924515      0.00156         8    1
   26      -2.231591       0.924515      0.00156         8    1
   27      -2.211294       0.924515      0.00156         8    1
   28      -2.199947       0.924515      0.00156         8    1
   29      -2.197642       0.924515      0.00156         8    1
   30      -2.195523       0.924515      0.00156         8    1
   31      -2.194412       0.924515      0.00156         8    1
   32      -2.194328       0.924515      0.00156         8    1
   33      -2.184219       0.924515      0.00078         8    1
   34      -2.179167       0.924515      0.00078         8    1
   35      -2.176387       0.915362      0.00078         8    1
   36      -2.174039       0.915362      0.00078         8    1
   37      -2.166551       0.915362      0.00078         8    1
   38      -2.161379       0.915362      0.00078         8    1
   39      -2.158536       0.915362      0.00078         8    1
   40      -2.157094       0.915362      0.00078         8    1
   41      -2.149607       0.915362      0.00078         8    1
   42      -2.144449       0.915362      0.00078         8    1
   43      -2.141631       0.915362      0.00078         8    1
   44      -2.140993       0.915362      0.00078         8    1
   45      -2.133540       0.915362      0.00078         8    1
   46      -2.128428       0.915362      0.00078         8    1
   47      -2.125669       0.915362      0.00078         8    1
   48      -2.125275       0.915362      0.00078         8    1
   49      -2.118354       0.915362      0.00078         8    1
   50      -2.113321       0.915362      0.00078         8    1
   51      -2.110654       0.915362      0.00078         8    1
   52      -2.110086       0.915362      0.00078         8    1
   53      -2.109714       0.915362      0.00078         8    1
   54      -2.103444       0.906299      0.00078         8    1
   55      -2.098268       0.906299      0.00078         8    1
   56      -2.095590       0.906299      0.00078         8    1
   57      -2.095080       0.906299      0.00078         8    1
   58      -2.094755       0.906299      0.00078         8    1
   59      -2.088929       0.906299      0.00078         8    1
   60      -2.083889       0.906299      0.00078         8    1
   61      -2.081287       0.906299      0.00078         8    1
   62      -2.080847       0.906299      0.00078         8    1
   63      -2.080610       0.906299      0.00078         8    1
   64      -2.075261       0.906299      0.00078         8    1
   65      -2.070316       0.906299      0.00078         8    1
   66      -2.067823       0.906299      0.00078         8    1
   67      -2.067456       0.906299      0.00078         8    1
   68      -2.067340       0.906299      0.00078         8    1
   69      -2.062373       0.906299      0.00078         8    1
   70      -2.057557       0.906299      0.00078         8    1
   71      -2.055207       0.906299      0.00078         8    1
   72      -2.054913       0.906299      0.00078         8    1
   73      -2.054912       0.906299      0.00078         8    1
   74      -2.053476       0.906299      0.00039         9    1
   75      -2.051347       0.906299      0.00039         9    1
   76      -2.049836       0.906299      0.00039         9    1
   77      -2.048945       0.906299      0.00039         9    1
   78      -2.047557       0.906299      0.00039         9    1
   79      -2.045494       0.906299      0.00039         9    1
   80      -2.044051       0.906299      0.00039         9    1
   81      -2.043229       0.906299      0.00039         9    1
   82      -2.041877       0.906299      0.00039         9    1
   83      -2.039884       0.906299      0.00039         9    1
   84      -2.038513       0.906299      0.00039         9    1
   85      -2.037764       0.906299      0.00039         9    1
   86      -2.036436       0.897325      0.00039         9    1
   87      -2.034460       0.897325      0.00039         9    1
   88      -2.033139       0.897325      0.00039         9    1
   89      -2.032456       0.897325      0.00039         9    1
   90      -2.031113       0.897325      0.00039         9    1
   91      -2.029237       0.897325      0.00039         9    1
   92      -2.027999       0.897325      0.00039         9    1
   93      -2.027401       0.897325      0.00039         9    1
   94      -2.026058       0.897325      0.00039         9    1
   95      -2.024268       0.897325      0.00039         9    1
   96      -2.023118       0.897325      0.00039         9    1
   97      -2.022608       0.897325      0.00039         9    1
   98      -2.021254       0.897325      0.00039         9    1
   99      -2.019554       0.897325      0.00039         9    1
  100      -2.018496       0.897325      0.00039         9    1
