  SUBJECT NO.     1

 COL. 1. = PREDICTION TIMES
 COL. 2. = PRED. VALUES FOR OUTPUT EQ. 1, BASED ON POSTERIOR MEANS
 COL. 3. = PRED. VALUES FOR OUTPUT EQ. 1, BASED ON POSTERIOR MEDIANS
 COL. 4. = PRED. VALUES FOR OUTPUT EQ. 1, BASED ON POSTERIOR MODES
 EACH ADDITIONAL OUTPUT EQ. HAS 3 COLUMNS OF PREDICTED VALUES
 BASED, IN ORDER, ON THE POSTERIOR MEANS, MEDIANS, AND MODES: 
-------------------------------------------------------------
      0.0000            0.0000            0.0000            0.0000    
     0.20000            0.0000            0.0000            0.0000    
     0.40000            0.0000            0.0000            0.0000    
     0.60000            0.0000            0.0000            0.0000    
     0.80000            0.0000            0.0000            0.0000    
      1.0000            0.0000            0.0000            0.0000    
      1.2000           0.55594           0.48710           0.48710    
      1.4000            1.3934            1.3352            1.3352    
      1.6000            2.0872            2.0384            2.0384    
      1.8000            2.6610            2.6205            2.6205    
      2.0000            3.1346            3.1014            3.1014    
      2.2000            3.5246            3.4978            3.4978    
      2.4000            3.8448            3.8235            3.8235    
      2.6000            4.1067            4.0901            4.0901    
      2.8000            4.3199            4.3075            4.3075    
      3.0000            4.4924            4.4837            4.4837    
      3.2000            4.6311            4.6254            4.6254    
      3.4000            4.7415            4.7385            4.7385    
      3.6000            4.8283            4.8276            4.8276    
      3.8000            4.8954            4.8966            4.8966    
      4.0000            4.9461            4.9490            4.9490    
      4.2000            4.9832            4.9875            4.9875    
      4.4000            5.0088            5.0144            5.0144    
      4.6000            5.0250            5.0316            5.0316    
      4.8000            5.0333            5.0408            5.0408    
      5.0000            5.0351            5.0432            5.0432    
      5.2000            5.0314            5.0401            5.0401    
      5.4000            5.0232            5.0324            5.0324    
      5.6000            5.0112            5.0209            5.0209    
      5.8000            4.9962            5.0062            5.0062    
      6.0000            4.9786            4.9888            4.9888    
      6.2000            4.9589            4.9693            4.9693    
      6.4000            4.9375            4.9481            4.9481    
      6.6000            4.9146            4.9254            4.9254    
      6.8000            4.8907            4.9015            4.9015    
      7.0000            4.8658            4.8766            4.8766    
      7.2000            4.8401            4.8510            4.8510    
      7.4000            4.8139            4.8248            4.8248    
      7.6000            4.7872            4.7980            4.7980    
      7.8000            4.7601            4.7710            4.7710    
      8.0000            4.7328            4.7436            4.7436    
      8.2000            4.7052            4.7160            4.7160    
      8.4000            4.6776            4.6883            4.6883    
      8.6000            4.6498            4.6605            4.6605    
      8.8000            4.6221            4.6326            4.6326    
      9.0000            4.5943            4.6047            4.6047    
      9.2000            4.5665            4.5769            4.5769    
      9.4000            4.5388            4.5491            4.5491    
      9.6000            4.5111            4.5213            4.5213    
      9.8000            4.4836            4.4937            4.4937    
      10.000            4.4561            4.4661            4.4661    
      10.200            4.4287            4.4386            4.4386    
      10.400            4.4015            4.4113            4.4113    
      10.600            4.3744            4.3841            4.3841    
      10.800            4.3474            4.3570            4.3570    
      11.000            4.3206            4.3301            4.3301    
      11.200            4.2939            4.3033            4.3033    
      11.400            4.2673            4.2766            4.2766    
      11.600            4.2409            4.2501            4.2501    
      11.800            4.2147            4.2237            4.2237    
      12.000            4.1886            4.1975            4.1975    
      12.200            4.1626            4.1715            4.1715    
      12.400            4.1368            4.1456            4.1456    
      12.600            4.1112            4.1198            4.1198    
      12.800            4.0857            4.0942            4.0942    
      13.000            4.0603            4.0688            4.0688    
      13.200            4.0352            4.0435            4.0435    
      13.400            4.0101            4.0184            4.0184    
      13.600            3.9852            3.9934            3.9934    
      13.800            3.9605            3.9686            3.9686    
      14.000            3.9359            3.9439            3.9439    
      14.200            3.9115            3.9194            3.9194    
      14.400            3.8872            3.8950            3.8950    
      14.600            3.8631            3.8708            3.8708    
      14.800            3.8391            3.8467            3.8467    
      15.000            3.8153            3.8228            3.8228    
      15.200            3.7916            3.7990            3.7990    
      15.400            3.7681            3.7754            3.7754    
      15.600            3.7447            3.7519            3.7519    
      15.800            3.7215            3.7286            3.7286    
      16.000            3.6983            3.7054            3.7054    
      16.200            3.6754            3.6824            3.6824    
      16.400            3.6526            3.6595            3.6595    
      16.600            3.6299            3.6367            3.6367    
      16.800            3.6074            3.6141            3.6141    
      17.000            3.5850            3.5916            3.5916    
      17.200            3.5627            3.5693            3.5693    
      17.400            3.5406            3.5471            3.5471    
      17.600            3.5186            3.5250            3.5250    
      17.800            3.4968            3.5031            3.5031    
      18.000            3.4751            3.4813            3.4813    
      18.200            3.4535            3.4597            3.4597    
      18.400            3.4321            3.4381            3.4381    
      18.600            3.4108            3.4168            3.4168    
      18.800            3.3896            3.3955            3.3955    
      19.000            3.3685            3.3744            3.3744    
      19.200            3.3476            3.3534            3.3534    
      19.400            3.3268            3.3325            3.3325    
      19.600            3.3062            3.3118            3.3118    
      19.800            3.2857            3.2912            3.2912    
      20.000            3.2653            3.2707            3.2707    
      20.200            3.2450            3.2504            3.2504    
      20.400            3.2249            3.2302            3.2302    
      20.600            3.2048            3.2101            3.2101    
      20.800            3.1849            3.1901            3.1901    
      21.000            3.1652            3.1703            3.1703    
      21.200            3.1455            3.1506            3.1506    
      21.400            3.1260            3.1310            3.1310    
      21.600            3.1066            3.1115            3.1115    
      21.800            3.0873            3.0922            3.0922    
      22.000            3.0681            3.0729            3.0729    
      22.200            3.0491            3.0538            3.0538    
      22.400            3.0302            3.0348            3.0348    
      22.600            3.0113            3.0159            3.0159    
      22.800            2.9927            2.9972            2.9972    
      23.000            2.9741            2.9785            2.9785    
      23.200            2.9556            2.9600            2.9600    
      23.400            2.9373            2.9416            2.9416    
      23.600            2.9190            2.9233            2.9233    
      23.800            2.9009            2.9051            2.9051    
      24.000            2.8829            2.8871            2.8871    
      24.200            2.8650            2.8691            2.8691    
      24.400            2.8472            2.8513            2.8513    
      24.600            2.8295            2.8335            2.8335    
      24.800            2.8120            2.8159            2.8159    
      25.000            2.7945            2.7984            2.7984    
      25.200            3.3331            3.2681            3.2681    
      25.400            4.1533            4.0989            4.0989    
      25.600            4.8300            4.7849            4.7849    
      25.800            5.3868            5.3500            5.3500    
      26.000            5.8435            5.8139            5.8139    
      26.200            6.2167            6.1934            6.1934    
      26.400            6.5201            6.5023            6.5023    
      26.600            6.7654            6.7523            6.7523    
      26.800            6.9621            6.9531            6.9531    
      27.000            7.1182            7.1128            7.1128    
      27.200            7.2406            7.2382            7.2382    
      27.400            7.3348            7.3350            7.3350    
      27.600            7.4055            7.4079            7.4079    
      27.800            7.4566            7.4610            7.4610    
      28.000            7.4914            7.4974            7.4974    
      28.200            7.5127            7.5200            7.5200    
      28.400            7.5226            7.5312            7.5312    
      28.600            7.5232            7.5327            7.5327    
      28.800            7.5160            7.5263            7.5263    
      29.000            7.5023            7.5133            7.5133    
      29.200            7.4833            7.4949            7.4949    
      29.400            7.4599            7.4719            7.4719    
      29.600            7.4328            7.4452            7.4452    
      29.800            7.4027            7.4154            7.4154    
      30.000            7.3702            7.3831            7.3831    
      30.200            7.3357            7.3487            7.3487    
      30.400            7.2995            7.3126            7.3126    
      30.600            7.2620            7.2752            7.2752    
      30.800            7.2234            7.2367            7.2367    
      31.000            7.1841            7.1973            7.1973    
      31.200            7.1440            7.1573            7.1573    
      31.400            7.1035            7.1167            7.1167    
      31.600            7.0626            7.0757            7.0757    
      31.800            7.0214            7.0345            7.0345    
      32.000            6.9800            6.9930            6.9930    
      32.200            6.9385            6.9514            6.9514    
      32.400            6.8970            6.9098            6.9098    
      32.600            6.8555            6.8682            6.8682    
      32.800            6.8140            6.8266            6.8266    
      33.000            6.7726            6.7851            6.7851    
      33.200            6.7313            6.7437            6.7437    
      33.400            6.6902            6.7024            6.7024    
      33.600            6.6492            6.6612            6.6612    
      33.800            6.6083            6.6203            6.6203    
      34.000            6.5677            6.5795            6.5795    
      34.200            6.5272            6.5389            6.5389    
      34.400            6.4869            6.4985            6.4985    
      34.600            6.4469            6.4583            6.4583    
      34.800            6.4070            6.4183            6.4183    
      35.000            6.3674            6.3785            6.3785    
      35.200            6.3280            6.3390            6.3390    
      35.400            6.2888            6.2997            6.2997    
      35.600            6.2499            6.2606            6.2606    
      35.800            6.2111            6.2217            6.2217    
      36.000            6.1726            6.1831            6.1831    
      36.200            6.1344            6.1447            6.1447    
      36.400            6.0963            6.1065            6.1065    
      36.600            6.0585            6.0686            6.0686    
      36.800            6.0209            6.0309            6.0309    
      37.000            5.9836            5.9934            5.9934    
      37.200            5.9465            5.9561            5.9561    
      37.400            5.9096            5.9191            5.9191    
      37.600            5.8729            5.8823            5.8823    
      37.800            5.8365            5.8457            5.8457    
      38.000            5.8002            5.8094            5.8094    
      38.200            5.7642            5.7733            5.7733    
      38.400            5.7285            5.7374            5.7374    
      38.600            5.6929            5.7017            5.7017    
      38.800            5.6576            5.6662            5.6662    
      39.000            5.6224            5.6310            5.6310    
      39.200            5.5875            5.5960            5.5960    
      39.400            5.5529            5.5612            5.5612    
      39.600            5.5184            5.5266            5.5266    
      39.800            5.4841            5.4922            5.4922    
      40.000            5.4501            5.4580            5.4580    
      40.200            5.4163            5.4241            5.4241    
      40.400            5.3826            5.3904            5.3904    
      40.600            5.3492            5.3568            5.3568    
      40.800            5.3160            5.3235            5.3235    
      41.000            5.2830            5.2904            5.2904    
      41.200            5.2502            5.2575            5.2575    
      41.400            5.2176            5.2248            5.2248    
      41.600            5.1852            5.1923            5.1923    
      41.800            5.1530            5.1600            5.1600    
      42.000            5.1211            5.1279            5.1279    
      42.200            5.0893            5.0960            5.0960    
      42.400            5.0577            5.0643            5.0643    
      42.600            5.0263            5.0328            5.0328    
      42.800            4.9951            5.0015            5.0015    
      43.000            4.9641            4.9704            4.9704    
      43.200            4.9332            4.9395            4.9395    
      43.400            4.9026            4.9088            4.9088    
      43.600            4.8722            4.8783            4.8783    
      43.800            4.8419            4.8479            4.8479    
      44.000            4.8119            4.8178            4.8178    
      44.200            4.7820            4.7878            4.7878    
      44.400            4.7523            4.7580            4.7580    
      44.600            4.7228            4.7284            4.7284    
      44.800            4.6935            4.6990            4.6990    
      45.000            4.6644            4.6698            4.6698    
      45.200            4.6354            4.6408            4.6408    
      45.400            4.6066            4.6119            4.6119    
      45.600            4.5780            4.5832            4.5832    
      45.800            4.5496            4.5547            4.5547    
      46.000            4.5214            4.5264            4.5264    
      46.200            4.4933            4.4982            4.4982    
      46.400            4.4654            4.4703            4.4703    
      46.600            4.4377            4.4424            4.4424    
      46.800            4.4101            4.4148            4.4148    
      47.000            4.3828            4.3874            4.3874    
      47.200            4.3555            4.3601            4.3601    
      47.400            4.3285            4.3330            4.3330    
      47.600            4.3016            4.3060            4.3060    
      47.800            4.2749            4.2792            4.2792    
      48.000            4.2484            4.2526            4.2526    
      48.200            4.2220            4.2262            4.2262    
      48.400            4.1958            4.1999            4.1999    
      48.600            4.1698            4.1738            4.1738    
      48.800            4.1439            4.1478            4.1478    
      49.000            4.1181            4.1220            4.1220    
      49.200            4.6485            4.5835            4.5835    
      49.400            5.4605            5.4061            5.4061    
      49.600            6.1291            6.0840            6.0840    
      49.800            6.6778            6.6409            6.6409    
      50.000            7.1265            7.0968            7.0968    
      50.200            7.4918            7.4683            7.4683    
      50.400            7.7873            7.7693            7.7693    
      50.600            8.0247            8.0114            8.0114    
      50.800            8.2136            8.2044            8.2044    
      51.000            8.3620            8.3563            8.3563    
      51.200            8.4766            8.4740            8.4740    
      51.400            8.5631            8.5631            8.5631    
      51.600            8.6262            8.6284            8.6284    
      51.800            8.6697            8.6739            8.6739    
      52.000            8.6970            8.7028            8.7028    
      52.200            8.7108            8.7179            8.7179    
      52.400            8.7133            8.7216            8.7216    
      52.600            8.7065            8.7157            8.7157    
      52.800            8.6919            8.7020            8.7020    
      53.000            8.6710            8.6817            8.6817    
      53.200            8.6447            8.6559            8.6559    
      53.400            8.6141            8.6257            8.6257    
      53.600            8.5798            8.5918            8.5918    
      53.800            8.5426            8.5549            8.5549    
      54.000            8.5030            8.5155            8.5155    
      54.200            8.4614            8.4741            8.4741    
      54.400            8.4183            8.4310            8.4310    
      54.600            8.3738            8.3867            8.3867    
      54.800            8.3284            8.3412            8.3412    
      55.000            8.2821            8.2950            8.2950    
      55.200            8.2353            8.2481            8.2481    
      55.400            8.1880            8.2008            8.2008    
      55.600            8.1403            8.1530            8.1530    
      55.800            8.0924            8.1051            8.1051    
      56.000            8.0444            8.0570            8.0570    
      56.200            7.9963            8.0088            8.0088    
      56.400            7.9482            7.9606            7.9606    
      56.600            7.9002            7.9124            7.9124    
      56.800            7.8522            7.8643            7.8643    
      57.000            7.8044            7.8164            7.8164    
      57.200            7.7567            7.7685            7.7685    
      57.400            7.7092            7.7209            7.7209    
      57.600            7.6618            7.6734            7.6734    
      57.800            7.6147            7.6261            7.6261    
      58.000            7.5678            7.5791            7.5791    
      58.200            7.5211            7.5323            7.5323    
      58.400            7.4747            7.4857            7.4857    
      58.600            7.4285            7.4393            7.4393    
      58.800            7.3826            7.3933            7.3933    
      59.000            7.3369            7.3474            7.3474    
      59.200            7.2915            7.3019            7.3019    
      59.400            7.2463            7.2566            7.2566    
      59.600            7.2014            7.2115            7.2115    
      59.800            7.1568            7.1667            7.1667    
      60.000            7.1124            7.1222            7.1222    
      60.200            7.0683            7.0780            7.0780    
      60.400            7.0245            7.0340            7.0340    
      60.600            6.9809            6.9903            6.9903    
      60.800            6.9376            6.9469            6.9469    
      61.000            6.8946            6.9037            6.9037    
      61.200            6.8518            6.8608            6.8608    
      61.400            6.8093            6.8181            6.8181    
      61.600            6.7670            6.7757            6.7757    
      61.800            6.7250            6.7336            6.7336    
      62.000            6.6833            6.6917            6.6917    
      62.200            6.6418            6.6501            6.6501    
      62.400            6.6006            6.6088            6.6088    
      62.600            6.5596            6.5677            6.5677    
      62.800            6.5189            6.5268            6.5268    
      63.000            6.4784            6.4862            6.4862    
      63.200            6.4382            6.4459            6.4459    
      63.400            6.3982            6.4058            6.4058    
      63.600            6.3585            6.3660            6.3660    
      63.800            6.3190            6.3264            6.3264    
      64.000            6.2798            6.2870            6.2870    
      64.200            6.2408            6.2479            6.2479    
      64.400            6.2021            6.2091            6.2091    
      64.600            6.1636            6.1704            6.1704    
      64.800            6.1253            6.1321            6.1321    
      65.000            6.0873            6.0939            6.0939    
      65.200            6.0495            6.0560            6.0560    
      65.400            6.0119            6.0184            6.0184    
      65.600            5.9746            5.9809            5.9809    
      65.800            5.9375            5.9437            5.9437    
      66.000            5.9007            5.9068            5.9068    
      66.200            5.8640            5.8700            5.8700    
      66.400            5.8276            5.8335            5.8335    
      66.600            5.7915            5.7972            5.7972    
      66.800            5.7555            5.7612            5.7612    
      67.000            5.7198            5.7254            5.7254    
      67.200            5.6843            5.6897            5.6897    
      67.400            5.6490            5.6544            5.6544    
      67.600            5.6139            5.6192            5.6192    
      67.800            5.5791            5.5842            5.5842    
      68.000            5.5444            5.5495            5.5495    
      68.200            5.5100            5.5150            5.5150    
      68.400            5.4758            5.4807            5.4807    
      68.600            5.4418            5.4466            5.4466    
      68.800            5.4080            5.4127            5.4127    
      69.000            5.3745            5.3791            5.3791    
      69.200            5.3411            5.3456            5.3456    
      69.400            5.3079            5.3124            5.3124    
      69.600            5.2750            5.2793            5.2793    
      69.800            5.2422            5.2465            5.2465    
      70.000            5.2097            5.2139            5.2139    
      70.200            5.1773            5.1814            5.1814    
      70.400            5.1452            5.1492            5.1492    
      70.600            5.1133            5.1172            5.1172    
      70.800            5.0815            5.0853            5.0853    
      71.000            5.0500            5.0537            5.0537    
      71.200            5.0186            5.0223            5.0223    
      71.400            4.9875            4.9910            4.9910    
      71.600            4.9565            4.9600            4.9600    
      71.800            4.9257            4.9292            4.9292    
      72.000            4.8952            4.8985            4.8985    
      72.200            4.8648            4.8680            4.8680    
      72.400            4.8346            4.8378            4.8378    
      72.600            4.8046            4.8077            4.8077    
      72.800            4.7747            4.7778            4.7778    
      73.000            4.7451            4.7481            4.7481    
      73.200            5.2716            5.2056            5.2056    
      73.400            6.0797            6.0244            6.0244    
      73.600            6.7444            6.6984            6.6984    
      73.800            7.2893            7.2516            7.2516    
      74.000            7.7343            7.7037            7.7037    
      74.200            8.0957            8.0714            8.0714    
      74.400            8.3875            8.3686            8.3686    
      74.600            8.6212            8.6070            8.6070    
      74.800            8.8063            8.7963            8.7963    
      75.000            8.9511            8.9445            8.9445    
      75.200            9.0621            9.0586            9.0586    
      75.400            9.1449            9.1440            9.1440    
      75.600            9.2044            9.2057            9.2057    
      75.800            9.2443            9.2476            9.2476    
      76.000            9.2681            9.2729            9.2729    
      76.200            9.2783            9.2845            9.2845    
      76.400            9.2773            9.2846            9.2846    
      76.600            9.2670            9.2753            9.2753    
      76.800            9.2489            9.2580            9.2580    
      77.000            9.2245            9.2343            9.2343    
      77.200            9.1948            9.2051            9.2051    
      77.400            9.1607            9.1715            9.1715    
      77.600            9.1231            9.1342            9.1342    
      77.800            9.0825            9.0939            9.0939    
      78.000            9.0396            9.0512            9.0512    
      78.200            8.9947            9.0064            9.0064    
      78.400            8.9482            8.9600            8.9600    
      78.600            8.9005            8.9124            8.9124    
      78.800            8.8517            8.8637            8.8637    
      79.000            8.8022            8.8142            8.8142    
      79.200            8.7522            8.7641            8.7641    
      79.400            8.7016            8.7135            8.7135    
      79.600            8.6508            8.6626            8.6626    
      79.800            8.5998            8.6115            8.6115    
      80.000            8.5486            8.5602            8.5602    
      80.200            8.4974            8.5089            8.5089    
      80.400            8.4462            8.4576            8.4576    
      80.600            8.3950            8.4063            8.4063    
      80.800            8.3440            8.3552            8.3552    
      81.000            8.2931            8.3041            8.3041    
      81.200            8.2424            8.2533            8.2533    
      81.400            8.1918            8.2026            8.2026    
      81.600            8.1415            8.1521            8.1521    
      81.800            8.0914            8.1019            8.1019    
      82.000            8.0415            8.0519            8.0519    
      82.200            7.9919            8.0021            8.0021    
      82.400            7.9426            7.9526            7.9526    
      82.600            7.8935            7.9034            7.9034    
      82.800            7.8447            7.8544            7.8544    
      83.000            7.7961            7.8057            7.8057    
      83.200            7.7478            7.7573            7.7573    
      83.400            7.6998            7.7092            7.7092    
      83.600            7.6521            7.6613            7.6613    
      83.800            7.6047            7.6137            7.6137    
      84.000            7.5575            7.5664            7.5664    
      84.200            7.5107            7.5194            7.5194    
      84.400            7.4641            7.4727            7.4727    
      84.600            7.4178            7.4263            7.4263    
      84.800            7.3718            7.3801            7.3801    
      85.000            7.3260            7.3342            7.3342    
      85.200            7.2806            7.2886            7.2886    
      85.400            7.2354            7.2433            7.2433    
      85.600            7.1905            7.1983            7.1983    
      85.800            7.1459            7.1535            7.1535    
      86.000            7.1015            7.1091            7.1091    
      86.200            7.0574            7.0649            7.0649    
      86.400            7.0136            7.0209            7.0209    
      86.600            6.9701            6.9773            6.9773    
      86.800            6.9268            6.9339            6.9339    
      87.000            6.8838            6.8907            6.8907    
      87.200            6.8411            6.8479            6.8479    
      87.400            6.7986            6.8053            6.8053    
      87.600            6.7564            6.7630            6.7630    
      87.800            6.7145            6.7209            6.7209    
      88.000            6.6728            6.6791            6.6791    
      88.200            6.6314            6.6376            6.6376    
      88.400            6.5902            6.5963            6.5963    
      88.600            6.5493            6.5553            6.5553    
      88.800            6.5086            6.5145            6.5145    
      89.000            6.4682            6.4740            6.4740    
      89.200            6.4281            6.4337            6.4337    
      89.400            6.3882            6.3937            6.3937    
      89.600            6.3485            6.3539            6.3539    
      89.800            6.3091            6.3144            6.3144    
      90.000            6.2699            6.2752            6.2752    
      90.200            6.2310            6.2361            6.2361    
      90.400            6.1923            6.1973            6.1973    
      90.600            6.1539            6.1588            6.1588    
      90.800            6.1157            6.1205            6.1205    
      91.000            6.0777            6.0824            6.0824    
      91.200            6.0400            6.0446            6.0446    
      91.400            6.0025            6.0070            6.0070    
      91.600            5.9652            5.9696            5.9696    
      91.800            5.9282            5.9325            5.9325    
      92.000            5.8914            5.8956            5.8956    
      92.200            5.8548            5.8589            5.8589    
      92.400            5.8185            5.8225            5.8225    
      92.600            5.7824            5.7863            5.7863    
      92.800            5.7465            5.7503            5.7503    
      93.000            5.7108            5.7145            5.7145    
      93.200            5.6753            5.6790            5.6790    
      93.400            5.6401            5.6437            5.6437    
      93.600            5.6051            5.6086            5.6086    
      93.800            5.5703            5.5737            5.5737    
      94.000            5.5357            5.5390            5.5390    
      94.200            5.5014            5.5046            5.5046    
      94.400            5.4672            5.4703            5.4703    
      94.600            5.4333            5.4363            5.4363    
      94.800            5.3995            5.4025            5.4025    
      95.000            5.3660            5.3689            5.3689    
      95.200            5.3327            5.3355            5.3355    
      95.400            5.2996            5.3023            5.3023    
      95.600            5.2667            5.2693            5.2693    
      95.800            5.2340            5.2366            5.2366    
      96.000            5.2015            5.2040            5.2040    
      96.200            5.1692            5.1716            5.1716    
      96.400            5.1371            5.1395            5.1395    
      96.600            5.1052            5.1075            5.1075    
      96.800            5.0735            5.0757            5.0757    
      97.000            5.0420            5.0442            5.0442    
      97.200            5.5667            5.4999            5.4999    
      97.400            6.3730            6.3168            6.3168    
      97.600            7.0359            6.9891            6.9891    
      97.800            7.5790            7.5404            7.5404    
      98.000            8.0221            7.9907            7.9907    
      98.200            8.3818            8.3566            8.3566    
      98.400            8.6718            8.6521            8.6521    
      98.600            8.9037            8.8887            8.8887    
      98.800            9.0871            9.0762            9.0762    
      99.000            9.2301            9.2227            9.2227    
      99.200            9.3393            9.3350            9.3350    
      99.400            9.4205            9.4188            9.4188    
      99.600            9.4782            9.4788            9.4788    
      99.800            9.5165            9.5189            9.5189    
      100.00            9.5385            9.5426            9.5426    
      100.20            9.5471            9.5525            9.5525    
      100.40            9.5444            9.5510            9.5510    
      100.60            9.5324            9.5399            9.5399    
      100.80            9.5127            9.5211            9.5211    
      101.00            9.4867            9.4957            9.4957    
      101.20            9.4553            9.4649            9.4649    
      101.40            9.4197            9.4296            9.4296    
      101.60            9.3804            9.3907            9.3907    
      101.80            9.3383            9.3489            9.3489    
      102.00            9.2937            9.3045            9.3045    
      102.20            9.2472            9.2582            9.2582    
      102.40            9.1992            9.2102            9.2102    
      102.60            9.1499            9.1610            9.1610    
      102.80            9.0996            9.1108            9.1108    
      103.00            9.0486            9.0598            9.0598    
      103.20            8.9970            9.0081            9.0081    
      103.40            8.9449            8.9560            8.9560    
      103.60            8.8926            8.9036            8.9036    
      103.80            8.8400            8.8510            8.8510    
      104.00            8.7874            8.7982            8.7982    
      104.20            8.7347            8.7455            8.7455    
      104.40            8.6820            8.6927            8.6927    
      104.60            8.6294            8.6399            8.6399    
      104.80            8.5769            8.5873            8.5873    
      105.00            8.5246            8.5349            8.5349    
      105.20            8.4724            8.4826            8.4826    
      105.40            8.4204            8.4305            8.4305    
      105.60            8.3687            8.3786            8.3786    
      105.80            8.3172            8.3269            8.3269    
      106.00            8.2659            8.2755            8.2755    
      106.20            8.2149            8.2244            8.2244    
      106.40            8.1642            8.1735            8.1735    
      106.60            8.1137            8.1229            8.1229    
      106.80            8.0635            8.0725            8.0725    
      107.00            8.0136            8.0225            8.0225    
      107.20            7.9640            7.9727            7.9727    
      107.40            7.9146            7.9232            7.9232    
      107.60            7.8656            7.8741            7.8741    
      107.80            7.8168            7.8252            7.8252    
      108.00            7.7684            7.7766            7.7766    
      108.20            7.7202            7.7282            7.7282    
      108.40            7.6723            7.6802            7.6802    
      108.60            7.6247            7.6325            7.6325    
      108.80            7.5774            7.5850            7.5850    
      109.00            7.5304            7.5379            7.5379    
      109.20            7.4837            7.4910            7.4910    
      109.40            7.4372            7.4445            7.4445    
      109.60            7.3911            7.3982            7.3982    
      109.80            7.3452            7.3522            7.3522    
      110.00            7.2996            7.3065            7.3065    
      110.20            7.2543            7.2610            7.2610    
      110.40            7.2093            7.2159            7.2159    
      110.60            7.1645            7.1710            7.1710    
      110.80            7.1201            7.1264            7.1264    
      111.00            7.0759            7.0821            7.0821    
      111.20            7.0319            7.0380            7.0380    
      111.40            6.9883            6.9943            6.9943    
      111.60            6.9449            6.9508            6.9508    
      111.80            6.9018            6.9075            6.9075    
      112.00            6.8589            6.8646            6.8646    
      112.20            6.8164            6.8219            6.8219    
      112.40            6.7741            6.7795            6.7795    
      112.60            6.7320            6.7373            6.7373    
      112.80            6.6902            6.6954            6.6954    
      113.00            6.6487            6.6538            6.6538    
      113.20            6.6074            6.6124            6.6124    
      113.40            6.5664            6.5712            6.5712    
      113.60            6.5256            6.5304            6.5304    
      113.80            6.4851            6.4898            6.4898    
      114.00            6.4449            6.4494            6.4494    
      114.20            6.4048            6.4093            6.4093    
      114.40            6.3651            6.3694            6.3694    
      114.60            6.3256            6.3298            6.3298    
      114.80            6.2863            6.2904            6.2904    
      115.00            6.2473            6.2513            6.2513    
      115.20            6.2085            6.2124            6.2124    
      115.40            6.1700            6.1738            6.1738    
      115.60            6.1316            6.1354            6.1354    
      115.80            6.0936            6.0972            6.0972    
      116.00            6.0558            6.0593            6.0593    
      116.20            6.0182            6.0216            6.0216    
      116.40            5.9808            5.9842            5.9842    
      116.60            5.9437            5.9470            5.9470    
      116.80            5.9068            5.9100            5.9100    
      117.00            5.8701            5.8732            5.8732    
      117.20            5.8337            5.8367            5.8367    
      117.40            5.7974            5.8004            5.8004    
      117.60            5.7615            5.7643            5.7643    
      117.80            5.7257            5.7285            5.7285    
      118.00            5.6901            5.6928            5.6928    
      118.20            5.6548            5.6574            5.6574    
      118.40            5.6197            5.6222            5.6222    
      118.60            5.5848            5.5873            5.5873    
      118.80            5.5502            5.5525            5.5525    
      119.00            5.5157            5.5180            5.5180    
      119.20            5.4815            5.4837            5.4837    
      119.40            5.4474            5.4496            5.4496    
      119.60            5.4136            5.4157            5.4157    
      119.80            5.3800            5.3820            5.3820    
      120.00            5.3466            5.3485            5.3485    
      120.20            5.3134            5.3152            5.3152    
      120.40            5.2804            5.2822            5.2822    
      120.60            5.2476            5.2493            5.2493    
      120.80            5.2151            5.2167            5.2167    
      121.00            5.1827            5.1842            5.1842    
      121.20            5.7065            5.6391            5.6391    
      121.40            6.5119            6.4552            6.4552    
      121.60            7.1739            7.1265            7.1265    
      121.80            7.7162            7.6770            7.6770    
      122.00            8.1585            8.1265            8.1265    
      122.20            8.5173            8.4915            8.4915    
      122.40            8.8064            8.7862            8.7862    
      122.60            9.0375            9.0220            9.0220    
      122.80            9.2201            9.2086            9.2086    
      123.00            9.3622            9.3543            9.3543    
      123.20            9.4707            9.4658            9.4658    
      123.40            9.5510            9.5488            9.5488    
      123.60            9.6080            9.6079            9.6079    
      123.80            9.6454            9.6473            9.6473    
      124.00            9.6666            9.6701            9.6701    
      124.20            9.6744            9.6792            9.6792    
      124.40            9.6709            9.6769            9.6769    
      124.60            9.6582            9.6651            9.6651    
      124.80            9.6377            9.6455            9.6455    
      125.00            9.6109            9.6193            9.6193    
      125.20            9.5788            9.5877            9.5877    
      125.40            9.5423            9.5517            9.5517    
      125.60            9.5023            9.5121            9.5121    
      125.80            9.4594            9.4694            9.4694    
      126.00            9.4141            9.4243            9.4243    
      126.20            9.3668            9.3773            9.3773    
      126.40            9.3181            9.3286            9.3286    
      126.60            9.2680            9.2786            9.2786    
      126.80            9.2170            9.2277            9.2277    
      127.00            9.1653            9.1759            9.1759    
      127.20            9.1129            9.1236            9.1236    
      127.40            9.0602            9.0707            9.0707    
      127.60            9.0071            9.0176            9.0176    
      127.80            8.9539            8.9643            8.9643    
      128.00            8.9005            8.9108            8.9108    
      128.20            8.8471            8.8573            8.8573    
      128.40            8.7937            8.8039            8.8039    
      128.60            8.7404            8.7504            8.7504    
      128.80            8.6872            8.6971            8.6971    
      129.00            8.6342            8.6440            8.6440    
      129.20            8.5814            8.5910            8.5910    
      129.40            8.5287            8.5382            8.5382    
      129.60            8.4763            8.4857            8.4857    
      129.80            8.4241            8.4334            8.4334    
      130.00            8.3722            8.3813            8.3813    
      130.20            8.3205            8.3295            8.3295    
      130.40            8.2691            8.2779            8.2779    
      130.60            8.2180            8.2267            8.2267    
      130.80            8.1672            8.1757            8.1757    
      131.00            8.1166            8.1250            8.1250    
      131.20            8.0664            8.0746            8.0746    
      131.40            8.0164            8.0245            8.0245    
      131.60            7.9667            7.9747            7.9747    
      131.80            7.9173            7.9252            7.9252    
      132.00            7.8682            7.8759            7.8759    
      132.20            7.8194            7.8270            7.8270    
      132.40            7.7709            7.7784            7.7784    
      132.60            7.7227            7.7300            7.7300    
      132.80            7.6748            7.6820            7.6820    
      133.00            7.6272            7.6342            7.6342    
      133.20            7.5799            7.5868            7.5868    
      133.40            7.5328            7.5396            7.5396    
      133.60            7.4861            7.4927            7.4927    
      133.80            7.4396            7.4461            7.4461    
      134.00            7.3934            7.3998            7.3998    
      134.20            7.3476            7.3538            7.3538    
      134.40            7.3020            7.3081            7.3081    
      134.60            7.2566            7.2626            7.2626    
      134.80            7.2116            7.2175            7.2175    
      135.00            7.1668            7.1726            7.1726    
      135.20            7.1223            7.1280            7.1280    
      135.40            7.0781            7.0836            7.0836    
      135.60            7.0342            7.0396            7.0396    
      135.80            6.9905            6.9958            6.9958    
      136.00            6.9471            6.9523            6.9523    
      136.20            6.9040            6.9091            6.9091    
      136.40            6.8611            6.8661            6.8661    
      136.60            6.8185            6.8234            6.8234    
      136.80            6.7762            6.7810            6.7810    
      137.00            6.7341            6.7388            6.7388    
      137.20            6.6923            6.6969            6.6969    
      137.40            6.6508            6.6552            6.6552    
      137.60            6.6095            6.6138            6.6138    
      137.80            6.5685            6.5727            6.5727    
      138.00            6.5277            6.5318            6.5318    
      138.20            6.4872            6.4912            6.4912    
      138.40            6.4469            6.4508            6.4508    
      138.60            6.4069            6.4107            6.4107    
      138.80            6.3671            6.3708            6.3708    
      139.00            6.3276            6.3312            6.3312    
      139.20            6.2883            6.2918            6.2918    
      139.40            6.2493            6.2527            6.2527    
      139.60            6.2105            6.2138            6.2138    
      139.80            6.1719            6.1751            6.1751    
      140.00            6.1336            6.1367            6.1367    
      140.20            6.0955            6.0986            6.0986    
      140.40            6.0577            6.0606            6.0606    
      140.60            6.0201            6.0229            6.0229    
      140.80            5.9827            5.9855            5.9855    
      141.00            5.9456            5.9483            5.9483    
      141.20            5.9087            5.9113            5.9113    
      141.40            5.8720            5.8745            5.8745    
      141.60            5.8355            5.8380            5.8380    
      141.80            5.7993            5.8017            5.8017    
      142.00            5.7633            5.7656            5.7656    
      142.20            5.7275            5.7297            5.7297    
      142.40            5.6920            5.6941            5.6941    
      142.60            5.6566            5.6587            5.6587    
      142.80            5.6215            5.6235            5.6235    
      143.00            5.5866            5.5885            5.5885    
      143.20            5.5519            5.5537            5.5537    
      143.40            5.5175            5.5192            5.5192    
      143.60            5.4832            5.4849            5.4849    
      143.80            5.4492            5.4507            5.4507    
      144.00            5.4153            5.4168            5.4168    
      144.20            5.3817            5.3832            5.3832    
      144.40            5.3483            5.3497            5.3497    
      144.60            5.3151            5.3164            5.3164    
      144.80            5.2821            5.2833            5.2833    
      145.00            5.2493            5.2505            5.2505    
      145.20            5.2167            5.2178            5.2178    
      145.40            5.1843            5.1854            5.1854    
      145.60            5.1522            5.1531            5.1531    
      145.80            5.1202            5.1211            5.1211    
      146.00            5.0884            5.0892            5.0892    
      146.20            5.0568            5.0576            5.0576    
      146.40            5.0254            5.0261            5.0261    
      146.60            4.9942            4.9948            4.9948    
      146.80            4.9632            4.9638            4.9638    
      147.00            4.9324            4.9329            4.9329    
      147.20            4.9018            4.9022            4.9022    
      147.40            4.8713            4.8717            4.8717    
      147.60            4.8411            4.8414            4.8414    
      147.80            4.8111            4.8113            4.8113    
      148.00            4.7812            4.7814            4.7814    
      148.20            4.7515            4.7517            4.7517    
      148.40            4.7220            4.7221            4.7221    
      148.60            4.6927            4.6927            4.6927    
      148.80            4.6636            4.6636            4.6636    
      149.00            4.6346            4.6345            4.6345    
      149.20            4.6058            4.6057            4.6057    
      149.40            4.5772            4.5771            4.5771    
      149.60            4.5488            4.5486            4.5486    
      149.80            4.5206            4.5203            4.5203    
      150.00            4.4925            4.4922            4.4922    
      150.20            4.4646            4.4643            4.4643    
      150.40            4.4369            4.4365            4.4365    
      150.60            4.4094            4.4089            4.4089    
      150.80            4.3820            4.3815            4.3815    
      151.00            4.3548            4.3542            4.3542    
      151.20            4.3278            4.3272            4.3272    
      151.40            4.3009            4.3002            4.3002    
      151.60            4.2742            4.2735            4.2735    
      151.80            4.2477            4.2469            4.2469    
      152.00            4.2213            4.2205            4.2205    
      152.20            4.1951            4.1943            4.1943    
      152.40            4.1690            4.1682            4.1682    
      152.60            4.1432            4.1422            4.1422    
      152.80            4.1174            4.1165            4.1165    
      153.00            4.0919            4.0909            4.0909    
      153.20            4.0665            4.0654            4.0654    
      153.40            4.0412            4.0401            4.0401    
      153.60            4.0161            4.0150            4.0150    
      153.80            3.9912            3.9900            3.9900    
      154.00            3.9664            3.9652            3.9652    
      154.20            3.9418            3.9406            3.9406    
      154.40            3.9173            3.9161            3.9161    
      154.60            3.8930            3.8917            3.8917    
      154.80            3.8689            3.8675            3.8675    
      155.00            3.8448            3.8434            3.8434    
      155.20            3.8210            3.8195            3.8195    
      155.40            3.7972            3.7958            3.7958    
      155.60            3.7737            3.7722            3.7722    
      155.80            3.7502            3.7487            3.7487    
      156.00            3.7270            3.7254            3.7254    
      156.20            3.7038            3.7022            3.7022    
      156.40            3.6808            3.6792            3.6792    
      156.60            3.6580            3.6563            3.6563    
      156.80            3.6353            3.6336            3.6336    
      157.00            3.6127            3.6110            3.6110    
      157.20            3.5903            3.5885            3.5885    
      157.40            3.5680            3.5662            3.5662    
      157.60            3.5458            3.5440            3.5440    
      157.80            3.5238            3.5220            3.5220    
      158.00            3.5020            3.5001            3.5001    
      158.20            3.4802            3.4783            3.4783    
      158.40            3.4586            3.4567            3.4567    
      158.60            3.4371            3.4352            3.4352    
      158.80            3.4158            3.4138            3.4138    
      159.00            3.3946            3.3926            3.3926    
      159.20            3.3735            3.3715            3.3715    
      159.40            3.3526            3.3505            3.3505    
      159.60            3.3318            3.3297            3.3297    
      159.80            3.3111            3.3090            3.3090    
      160.00            3.2905            3.2884            3.2884    
      160.20            3.2701            3.2679            3.2679    
      160.40            3.2498            3.2476            3.2476    
      160.60            3.2296            3.2274            3.2274    
      160.80            3.2096            3.2073            3.2073    
      161.00            3.1897            3.1874            3.1874    
      161.20            3.1699            3.1676            3.1676    
      161.40            3.1502            3.1479            3.1479    
      161.60            3.1306            3.1283            3.1283    
      161.80            3.1112            3.1088            3.1088    
      162.00            3.0919            3.0895            3.0895    
      162.20            3.0727            3.0703            3.0703    
      162.40            3.0536            3.0512            3.0512    
      162.60            3.0346            3.0322            3.0322    
      162.80            3.0158            3.0133            3.0133    
      163.00            2.9971            2.9946            2.9946    
      163.20            2.9785            2.9760            2.9760    
      163.40            2.9600            2.9575            2.9575    
      163.60            2.9416            2.9391            2.9391    
      163.80            2.9233            2.9208            2.9208    
      164.00            2.9052            2.9026            2.9026    
      164.20            2.8872            2.8846            2.8846    
      164.40            2.8692            2.8666            2.8666    
      164.60            2.8514            2.8488            2.8488    
      164.80            2.8337            2.8311            2.8311    
      165.00            2.8161            2.8135            2.8135    
      165.20            2.7987            2.7960            2.7960    
      165.40            2.7813            2.7786            2.7786    
      165.60            2.7640            2.7613            2.7613    
      165.80            2.7469            2.7441            2.7441    
      166.00            2.7298            2.7271            2.7271    
      166.20            2.7129            2.7101            2.7101    
      166.40            2.6960            2.6932            2.6932    
      166.60            2.6793            2.6765            2.6765    
      166.80            2.6626            2.6598            2.6598    
      167.00            2.6461            2.6433            2.6433    
      167.20            2.6297            2.6269            2.6269    
      167.40            2.6134            2.6105            2.6105    
      167.60            2.5971            2.5943            2.5943    
      167.80            2.5810            2.5782            2.5782    
      168.00            2.5650            2.5621            2.5621    


  SUBJECT NO.     1 ...  OUTPUT EQUATION NO.  1

     TIMES                   OBSERVED VALUES          PREDICTED VALUES, BASED ON POSTERIOR MEANS; THEN MEDIANS; THEN MODES
--------------------------------------------------------------------------------------------------------------------------
      120.00            5.5300            5.3466            5.3485            5.3485    
      121.00            4.8100            5.1827            5.1842            5.1842    
      122.00            8.1400            8.1585            8.1265            8.1265    
      126.00            9.9600            9.4141            9.4243            9.4243    
      129.00            8.5500            8.6342            8.6440            8.6440    
      132.05            7.5400            7.8560            7.8637            7.8637    
      144.05            5.7400            5.4069            5.4084            5.4084    


