  icycle     fobj1          gamma          res     grid points (start and end)
    1     -14.366979       5.000000      0.20000     20011    1
    2     -14.366979       4.761905      0.20000         6    1
    3     -14.359595       4.761905      0.20000         6    1
    4     -14.359595       4.761905      0.10000         8    1
    5     -14.323692       4.761905      0.05000         9    1
    6     -14.323692       4.821429      0.05000         9    1
    7     -14.323335       4.821429      0.05000         9    1
    8     -14.294326       4.761905      0.02500         9    1
    9     -14.293954       4.761905      0.02500         9    1
   10     -14.293954       4.761905      0.01250         9    1
   11     -14.290865       4.761905      0.00625         9    1
   12     -14.290865       4.761905      0.00625         9    1
   13     -14.290401       4.761905      0.00313         9    1
   14     -14.286676       4.761905      0.00313         9    1
   15     -14.284734       4.761905      0.00313         9    1
   16     -14.284241       4.761905      0.00313         9    1
   17     -14.283621       4.761905      0.00313         9    1
   18     -14.280146       4.761905      0.00313         9    1
   19     -14.278006       4.761905      0.00313         9    1
   20     -14.277790       4.761905      0.00313         9    1
   21     -14.277583       4.761905      0.00313         9    1
   22     -14.276423       4.761905      0.00313         9    1
   23     -14.273910       4.761905      0.00313         9    1
   24     -14.271186       4.761905      0.00313         9    1
   25     -14.270908       4.761905      0.00313         9    1
   26     -14.267858       4.761905      0.00313         9    1
   27     -14.265981       4.761905      0.00313         9    1
   28     -14.264847       4.761905      0.00313         9    1
   29     -14.264146       4.761905      0.00313         9    1
   30     -14.261798       4.761905      0.00313         9    1
   31     -14.259454       4.761905      0.00313         9    1
   32     -14.258839       4.761905      0.00313         9    1
   33     -14.257616       4.761905      0.00313         9    1
   34     -14.256150       4.761905      0.00313         9    1
   35     -14.253241       4.761905      0.00313         9    1
   36     -14.252683       4.761905      0.00313         9    1
   37     -14.251064       4.761905      0.00313         9    1
   38     -14.248784       4.761905      0.00313         9    1
   39     -14.247430       4.761905      0.00313         9    1
   40     -14.246185       4.761905      0.00313         9    1
   41     -14.245589       4.761905      0.00313         9    1
   42     -14.245319       4.761905      0.00313         9    1
   43     -14.242126       4.761905      0.00313         9    1
   44     -14.240097       4.761905      0.00313         9    1
   45     -14.240097       4.761905      0.00313         9    1
   46     -14.239542       4.761905      0.00156         9    1
   47     -14.238364       4.761905      0.00156         9    1
   48     -14.237751       4.761905      0.00156         9    1
   49     -14.237244       4.761905      0.00156         9    1
   50     -14.236860       4.761905      0.00156         9    1
   51     -14.235669       4.761905      0.00156         9    1
   52     -14.234832       4.761905      0.00156         9    1
   53     -14.234542       4.761905      0.00156         9    1
   54     -14.233928       4.761905      0.00156         9    1
   55     -14.233138       4.761905      0.00156         9    1
   56     -14.232066       4.761905      0.00156         9    1
   57     -14.231549       4.761905      0.00156         9    1
   58     -14.230842       4.761905      0.00156         9    1
   59     -14.229862       4.714757      0.00156         9    1
   60     -14.229407       4.714757      0.00156         9    1
   61     -14.228662       4.714757      0.00156         9    1
   62     -14.228398       4.714757      0.00156         9    1
   63     -14.227137       4.714757      0.00156         9    1
   64     -14.226437       4.714757      0.00156         9    1
   65     -14.225944       4.714757      0.00156         9    1
   66     -14.225450       4.714757      0.00156         9    1
   67     -14.224631       4.714757      0.00156         9    1
   68     -14.223655       4.714757      0.00156         9    1
   69     -14.223231       4.714757      0.00156         9    1
   70     -14.222554       4.714757      0.00156         9    1
   71     -14.221644       4.714757      0.00156         9    1
   72     -14.221083       4.714757      0.00156         9    1
   73     -14.220369       4.714757      0.00156         9    1
   74     -14.220075       4.714757      0.00156         9    1
   75     -14.219552       4.714757      0.00156         9    1
   76     -14.218744       4.714757      0.00156         9    1
   77     -14.217729       4.714757      0.00156         9    1
   78     -14.217257       4.714757      0.00156         9    1
   79     -14.216631       4.714757      0.00156         9    1
   80     -14.215662       4.714757      0.00156         9    1
   81     -14.215232       4.714757      0.00156         9    1
   82     -14.214547       4.714757      0.00156         9    1
   83     -14.214295       4.714757      0.00156         9    1
   84     -14.213219       4.714757      0.00156         9    1
   85     -14.212465       4.714757      0.00156         9    1
   86     -14.212099       4.714757      0.00156         9    1
   87     -14.211517       4.714757      0.00156         9    1
   88     -14.211057       4.714757      0.00156         9    1
   89     -14.209967       4.714757      0.00156         9    1
   90     -14.209409       4.714757      0.00156         9    1
   91     -14.209016       4.714757      0.00156         9    1
   92     -14.208619       4.714757      0.00156         9    1
   93     -14.207767       4.714757      0.00156         9    1
   94     -14.206858       4.714757      0.00156         9    1
   95     -14.206474       4.714757      0.00156         9    1
   96     -14.205886       4.714757      0.00156         9    1
   97     -14.204986       4.714757      0.00156         9    1
   98     -14.204607       4.714757      0.00156         9    1
   99     -14.203876       4.714757      0.00156         9    1
  100     -14.203586       4.714757      0.00156         9    1
