  SUBJECT NO.     1

 COL. 1. = PREDICTION TIMES
 COL. 2. = PRED. VALUES FOR OUTPUT EQ. 1, BASED ON POSTERIOR MEANS
 COL. 3. = PRED. VALUES FOR OUTPUT EQ. 1, BASED ON POSTERIOR MEDIANS
 COL. 4. = PRED. VALUES FOR OUTPUT EQ. 1, BASED ON POSTERIOR MODES
 EACH ADDITIONAL OUTPUT EQ. HAS 3 COLUMNS OF PREDICTED VALUES
 BASED, IN ORDER, ON THE POSTERIOR MEANS, MEDIANS, AND MODES: 
-------------------------------------------------------------
      0.0000            0.0000            0.0000            0.0000    
     0.20000            0.0000            0.0000            0.0000    
     0.40000            0.0000            0.0000            0.0000    
     0.60000            0.0000            0.0000            0.0000    
     0.80000            0.0000            0.0000            0.0000    
      1.0000            0.0000            0.0000            0.0000    
      1.2000            0.0000            0.0000            0.0000    
      1.4000            0.0000            0.0000            0.0000    
      1.6000            0.0000            0.0000            0.0000    
      1.8000           0.51593           0.49782           0.49782    
      2.0000            1.1901            1.1759            1.1759    
      2.2000            1.8270            1.8167            1.8167    
      2.4000            2.4282            2.4215            2.4215    
      2.6000            2.9951            2.9922            2.9922    
      2.8000            3.5294            3.5299            3.5299    
      3.0000            4.0323            4.0363            4.0363    
      3.2000            4.5052            4.5127            4.5127    
      3.4000            4.9495            4.9603            4.9603    
      3.6000            5.3665            5.3804            5.3804    
      3.8000            5.7572            5.7742            5.7742    
      4.0000            6.1229            6.1429            6.1429    
      4.2000            6.4646            6.4875            6.4875    
      4.4000            6.7835            6.8092            6.8092    
      4.6000            7.0806            7.1090            7.1090    
      4.8000            7.3568            7.3878            7.3878    
      5.0000            7.6131            7.6466            7.6466    
      5.2000            7.8503            7.8863            7.8863    
      5.4000            8.0695            8.1078            8.1078    
      5.6000            8.2713            8.3119            8.3119    
      5.8000            8.4567            8.4994            8.4994    
      6.0000            8.6263            8.6711            8.6711    
      6.2000            8.7809            8.8277            8.8277    
      6.4000            8.9213            8.9699            8.9699    
      6.6000            9.0480            9.0985            9.0985    
      6.8000            9.1618            9.2140            9.2140    
      7.0000            9.2633            9.3171            9.3171    
      7.2000            9.3530            9.4084            9.4084    
      7.4000            9.4316            9.4884            9.4884    
      7.6000            9.4996            9.5578            9.5578    
      7.8000            9.5575            9.6171            9.6171    
      8.0000            9.6058            9.6667            9.6667    
      8.2000            9.6451            9.7071            9.7071    
      8.4000            9.6757            9.7388            9.7388    
      8.6000            9.6982            9.7624            9.7624    
      8.8000            9.7129            9.7781            9.7781    
      9.0000            9.7203            9.7864            9.7864    
      9.2000            9.7208            9.7877            9.7877    
      9.4000            9.7147            9.7824            9.7824    
      9.6000            9.7024            9.7708            9.7708    
      9.8000            9.6842            9.7533            9.7533    
      10.000            9.6605            9.7302            9.7302    
      10.200            9.6316            9.7018            9.7018    
      10.400            9.5978            9.6685            9.6685    
      10.600            9.5593            9.6305            9.6305    
      10.800            9.5165            9.5881            9.5881    
      11.000            9.4696            9.5415            9.5415    
      11.200            9.4189            9.4911            9.4911    
      11.400            9.3646            9.4371            9.4371    
      11.600            9.3069            9.3796            9.3796    
      11.800            9.2461            9.3190            9.3190    
      12.000            9.1824            9.2554            9.2554    
      12.200            9.1160            9.1890            9.1890    
      12.400            9.0470            9.1201            9.1201    
      12.600            8.9756            9.0487            9.0487    
      12.800            8.9021            8.9752            8.9752    
      13.000            8.8266            8.8996            8.8996    
      13.200            8.7492            8.8222            8.8222    
      13.400            8.6702            8.7430            8.7430    
      13.600            8.5896            8.6622            8.6622    
      13.800            8.5076            8.5800            8.5800    
      14.000            8.4242            8.4965            8.4965    
      14.200            8.3398            8.4118            8.4118    
      14.400            8.2543            8.3261            8.3261    
      14.600            8.1679            8.2394            8.2394    
      14.800            8.0807            8.1518            8.1518    
      15.000            7.9927            8.0636            8.0636    
      15.200            7.9042            7.9747            7.9747    
      15.400            7.8151            7.8852            7.8852    
      15.600            7.7256            7.7953            7.7953    
      15.800            7.6357            7.7050            7.7050    
      16.000            7.5456            7.6145            7.6145    
      16.200            7.4553            7.5237            7.5237    
      16.400            7.3648            7.4328            7.4328    
      16.600            7.2743            7.3419            7.3419    
      16.800            7.1839            7.2509            7.2509    
      17.000            7.0934            7.1600            7.1600    
      17.200            7.0031            7.0692            7.0692    
      17.400            6.9130            6.9785            6.9785    
      17.600            6.8231            6.8881            6.8881    
      17.800            6.7335            6.7979            6.7979    
      18.000            6.6443            6.7081            6.7081    
      18.200            6.5553            6.6186            6.6186    
      18.400            6.4668            6.5296            6.5296    
      18.600            6.3788            6.4409            6.4409    
      18.800            6.2912            6.3527            6.3527    
      19.000            6.2041            6.2651            6.2651    
      19.200            6.1176            6.1780            6.1780    
      19.400            6.0316            6.0914            6.0914    
      19.600            5.9463            6.0054            6.0054    
      19.800            5.8615            5.9201            5.9201    
      20.000            5.7774            5.8354            5.8354    
      20.200            5.6940            5.7513            5.7513    
      20.400            5.6113            5.6680            5.6680    
      20.600            5.5293            5.5853            5.5853    
      20.800            5.4480            5.5034            5.5034    
      21.000            5.3674            5.4222            5.4222    
      21.200            5.2876            5.3418            5.3418    
      21.400            5.2085            5.2621            5.2621    
      21.600            5.1303            5.1832            5.1832    
      21.800            5.0528            5.1051            5.1051    
      22.000            4.9761            5.0278            5.0278    
      22.200            4.9002            4.9513            4.9513    
      22.400            4.8252            4.8756            4.8756    
      22.600            4.7509            4.8008            4.8008    
      22.800            4.6775            4.7267            4.7267    
      23.000            4.6049            4.6535            4.6535    
      23.200            4.5332            4.5812            4.5812    
      23.400            4.4623            4.5096            4.5096    
      23.600            4.3922            4.4389            4.4389    
      23.800            4.3230            4.3691            4.3691    
      24.000            4.2546            4.3001            4.3001    
      24.200            4.1870            4.2319            4.2319    
      24.400            4.1203            4.1646            4.1646    
      24.600            4.0544            4.0982            4.0982    
      24.800            3.9894            4.0325            4.0325    
      25.000            3.9252            3.9678            3.9678    
      25.200            3.8619            3.9038            3.9038    
      25.400            3.7994            3.8407            3.8407    
      25.600            3.7377            3.7785            3.7785    
      25.800            4.1927            4.2149            4.2149    
      26.000            4.8069            4.8324            4.8324    
      26.200            5.3846            5.4133            5.4133    
      26.400            5.9273            5.9592            5.9592    
      26.600            6.4367            6.4717            6.4717    
      26.800            6.9141            6.9521            6.9521    
      27.000            7.3611            7.4020            7.4020    
      27.200            7.7788            7.8226            7.8226    
      27.400            8.1687            8.2152            8.2152    
      27.600            8.5320            8.5812            8.5812    
      27.800            8.8699            8.9216            8.9216    
      28.000            9.1835            9.2377            9.2377    
      28.200            9.4739            9.5305            9.5305    
      28.400            9.7422            9.8011            9.8011    
      28.600            9.9895            10.051            10.051    
      28.800            10.217            10.280            10.280    
      29.000            10.425            10.490            10.490    
      29.200            10.614            10.681            10.681    
      29.400            10.786            10.856            10.856    
      29.600            10.942            11.013            11.013    
      29.800            11.082            11.155            11.155    
      30.000            11.207            11.281            11.281    
      30.200            11.317            11.393            11.393    
      30.400            11.414            11.491            11.491    
      30.600            11.498            11.577            11.577    
      30.800            11.570            11.650            11.650    
      31.000            11.630            11.711            11.711    
      31.200            11.679            11.761            11.761    
      31.400            11.718            11.801            11.801    
      31.600            11.746            11.830            11.830    
      31.800            11.765            11.850            11.850    
      32.000            11.775            11.861            11.861    
      32.200            11.777            11.863            11.863    
      32.400            11.770            11.858            11.858    
      32.600            11.757            11.844            11.844    
      32.800            11.735            11.824            11.824    
      33.000            11.708            11.797            11.797    
      33.200            11.673            11.763            11.763    
      33.400            11.633            11.723            11.723    
      33.600            11.587            11.678            11.678    
      33.800            11.536            11.627            11.627    
      34.000            11.480            11.571            11.571    
      34.200            11.419            11.510            11.510    
      34.400            11.354            11.445            11.445    
      34.600            11.285            11.376            11.376    
      34.800            11.211            11.303            11.303    
      35.000            11.135            11.226            11.226    
      35.200            11.055            11.146            11.146    
      35.400            10.971            11.063            11.063    
      35.600            10.885            10.976            10.976    
      35.800            10.797            10.888            10.888    
      36.000            10.705            10.796            10.796    
      36.200            10.612            10.703            10.703    
      36.400            10.516            10.607            10.607    
      36.600            10.419            10.509            10.509    
      36.800            10.320            10.410            10.410    
      37.000            10.219            10.308            10.308    
      37.200            10.117            10.206            10.206    
      37.400            10.014            10.102            10.102    
      37.600            9.9090            9.9972            9.9972    
      37.800            9.8035            9.8912            9.8912    
      38.000            9.6970            9.7843            9.7843    
      38.200            9.5898            9.6766            9.6766    
      38.400            9.4820            9.5682            9.5682    
      38.600            9.3736            9.4593            9.4593    
      38.800            9.2648            9.3499            9.3499    
      39.000            9.1557            9.2402            9.2402    
      39.200            9.0463            9.1302            9.1302    
      39.400            8.9367            9.0201            9.0201    
      39.600            8.8271            8.9098            8.9098    
      39.800            8.7175            8.7995            8.7995    
      40.000            8.6079            8.6893            8.6893    
      40.200            8.4985            8.5793            8.5793    
      40.400            8.3893            8.4694            8.4694    
      40.600            8.2804            8.3597            8.3597    
      40.800            8.1718            8.2504            8.2504    
      41.000            8.0636            8.1415            8.1415    
      41.200            7.9558            8.0330            8.0330    
      41.400            7.8485            7.9250            7.9250    
      41.600            7.7417            7.8175            7.8175    
      41.800            7.6355            7.7106            7.7106    
      42.000            7.5300            7.6043            7.6043    
      42.200            7.4250            7.4986            7.4986    
      42.400            7.3208            7.3936            7.3936    
      42.600            7.2173            7.2893            7.2893    
      42.800            7.1146            7.1858            7.1858    
      43.000            7.0126            7.0831            7.0831    
      43.200            6.9114            6.9811            6.9811    
      43.400            6.8111            6.8800            6.8800    
      43.600            6.7116            6.7798            6.7798    
      43.800            6.6130            6.6804            6.6804    
      44.000            6.5152            6.5819            6.5819    
      44.200            6.4184            6.4843            6.4843    
      44.400            6.3226            6.3876            6.3876    
      44.600            6.2276            6.2919            6.2919    
      44.800            6.1336            6.1971            6.1971    
      45.000            6.0406            6.1033            6.1033    
      45.200            5.9485            6.0105            6.0105    
      45.400            5.8575            5.9187            5.9187    
      45.600            5.7674            5.8279            5.8279    
      45.800            5.6783            5.7380            5.7380    
      46.000            5.5903            5.6492            5.6492    
      46.200            5.5032            5.5614            5.5614    
      46.400            5.4172            5.4746            5.4746    
      46.600            5.3321            5.3888            5.3888    
      46.800            5.2481            5.3040            5.3040    
      47.000            5.1651            5.2203            5.2203    
      47.200            5.0832            5.1376            5.1376    
      47.400            5.0022            5.0559            5.0559    
      47.600            4.9223            4.9752            4.9752    
      47.800            4.8434            4.8956            4.8956    
      48.000            4.7655            4.8170            4.8170    
      48.200            4.6886            4.7394            4.7394    
      48.400            4.6127            4.6628            4.6628    
      48.600            4.5379            4.5872            4.5872    
      48.800            4.4640            4.5127            4.5127    
      49.000            4.3911            4.4391            4.4391    
      49.200            4.3193            4.3666            4.3666    
      49.400            4.2484            4.2950            4.2950    
      49.600            4.1785            4.2244            4.2244    
      49.800            4.6255            4.6526            4.6526    
      50.000            5.2317            5.2621            5.2621    
      50.200            5.8016            5.8352            5.8352    
      50.400            6.3367            6.3734            6.3734    
      50.600            6.8386            6.8783            6.8783    
      50.800            7.3087            7.3513            7.3513    
      51.000            7.7484            7.7938            7.7938    
      51.200            8.1591            8.2072            8.2072    
      51.400            8.5420            8.5928            8.5928    
      51.600            8.8984            8.9518            8.9518    
      51.800            9.2296            9.2855            9.2855    
      52.000            9.5366            9.5949            9.5949    
      52.200            9.8205            9.8811            9.8811    
      52.400            10.083            10.145            10.145    
      52.600            10.323            10.388            10.388    
      52.800            10.544            10.611            10.611    
      53.000            10.746            10.815            10.815    
      53.200            10.930            11.001            11.001    
      53.400            11.097            11.169            11.169    
      53.600            11.247            11.321            11.321    
      53.800            11.381            11.457            11.457    
      54.000            11.500            11.578            11.578    
      54.200            11.605            11.684            11.684    
      54.400            11.697            11.777            11.777    
      54.600            11.776            11.857            11.857    
      54.800            11.842            11.925            11.925    
      55.000            11.898            11.981            11.981    
      55.200            11.942            12.027            12.027    
      55.400            11.975            12.061            12.061    
      55.600            11.999            12.086            12.086    
      55.800            12.013            12.101            12.101    
      56.000            12.019            12.107            12.107    
      56.200            12.016            12.105            12.105    
      56.400            12.005            12.095            12.095    
      56.600            11.987            12.078            12.078    
      56.800            11.962            12.053            12.053    
      57.000            11.930            12.021            12.021    
      57.200            11.891            11.983            11.983    
      57.400            11.847            11.939            11.939    
      57.600            11.797            11.890            11.890    
      57.800            11.742            11.835            11.835    
      58.000            11.682            11.775            11.775    
      58.200            11.618            11.711            11.711    
      58.400            11.549            11.642            11.642    
      58.600            11.476            11.569            11.569    
      58.800            11.399            11.493            11.493    
      59.000            11.319            11.412            11.412    
      59.200            11.236            11.329            11.329    
      59.400            11.149            11.242            11.242    
      59.600            11.060            11.153            11.153    
      59.800            10.968            11.061            11.061    
      60.000            10.873            10.966            10.966    
      60.200            10.777            10.869            10.869    
      60.400            10.678            10.770            10.770    
      60.600            10.578            10.670            10.670    
      60.800            10.476            10.567            10.567    
      61.000            10.372            10.463            10.463    
      61.200            10.267            10.358            10.358    
      61.400            10.161            10.251            10.251    
      61.600            10.054            10.144            10.144    
      61.800            9.9456            10.035            10.035    
      62.000            9.8365            9.9253            9.9253    
      62.200            9.7267            9.8150            9.8150    
      62.400            9.6164            9.7041            9.7041    
      62.600            9.5055            9.5927            9.5927    
      62.800            9.3943            9.4808            9.4808    
      63.000            9.2828            9.3687            9.3687    
      63.200            9.1710            9.2563            9.2563    
      63.400            9.0592            9.1438            9.1438    
      63.600            8.9473            9.0313            9.0313    
      63.800            8.8354            8.9188            8.9188    
      64.000            8.7237            8.8064            8.8064    
      64.200            8.6121            8.6941            8.6941    
      64.400            8.5008            8.5821            8.5821    
      64.600            8.3899            8.4704            8.4704    
      64.800            8.2792            8.3591            8.3591    
      65.000            8.1690            8.2481            8.2481    
      65.200            8.0593            8.1377            8.1377    
      65.400            7.9501            8.0277            8.0277    
      65.600            7.8415            7.9183            7.9183    
      65.800            7.7334            7.8095            7.8095    
      66.000            7.6260            7.7014            7.7014    
      66.200            7.5194            7.5939            7.5939    
      66.400            7.4134            7.4872            7.4872    
      66.600            7.3082            7.3812            7.3812    
      66.800            7.2037            7.2760            7.2760    
      67.000            7.1001            7.1715            7.1715    
      67.200            6.9973            7.0680            7.0680    
      67.400            6.8954            6.9652            6.9652    
      67.600            6.7943            6.8634            6.8634    
      67.800            6.6942            6.7625            6.7625    
      68.000            6.5950            6.6625            6.6625    
      68.200            6.4967            6.5634            6.5634    
      68.400            6.3994            6.4653            6.4653    
      68.600            6.3030            6.3681            6.3681    
      68.800            6.2076            6.2719            6.2719    
      69.000            6.1132            6.1768            6.1768    
      69.200            6.0198            6.0826            6.0826    
      69.400            5.9275            5.9894            5.9894    
      69.600            5.8361            5.8973            5.8973    
      69.800            5.7457            5.8061            5.8061    
      70.000            5.6564            5.7160            5.7160    
      70.200            5.5681            5.6270            5.6270    
      70.400            5.4809            5.5390            5.5390    
      70.600            5.3947            5.4520            5.4520    
      70.800            5.3095            5.3661            5.3661    
      71.000            5.2254            5.2812            5.2812    
      71.200            5.1423            5.1974            5.1974    
      71.400            5.0603            5.1146            5.1146    
      71.600            4.9793            5.0328            5.0328    
      71.800            4.8993            4.9521            4.9521    
      72.000            4.8204            4.8725            4.8725    
      72.200            4.7425            4.7938            4.7938    
      72.400            4.6656            4.7162            4.7162    
      72.600            4.5898            4.6397            4.6397    
      72.800            4.5150            4.5642            4.5642    
      73.000            4.4411            4.4896            4.4896    
      73.200            4.3684            4.4162            4.4162    
      73.400            4.2966            4.3437            4.3437    
      73.600            4.2258            4.2722            4.2722    
      73.800            4.6719            4.6995            4.6995    
      74.000            5.2773            5.3082            5.3082    
      74.200            5.8463            5.8804            5.8804    
      74.400            6.3806            6.4177            6.4177    
      74.600            6.8817            6.9218            6.9218    
      74.800            7.3510            7.3940            7.3940    
      75.000            7.7899            7.8357            7.8357    
      75.200            8.1998            8.2484            8.2484    
      75.400            8.5820            8.6332            8.6332    
      75.600            8.9377            8.9915            8.9915    
      75.800            9.2681            9.3244            9.3244    
      76.000            9.5744            9.6331            9.6331    
      76.200            9.8576            9.9186            9.9186    
      76.400            10.119            10.182            10.182    
      76.600            10.359            10.425            10.425    
      76.800            10.580            10.647            10.647    
      77.000            10.781            10.850            10.850    
      77.200            10.964            11.035            11.035    
      77.400            11.130            11.203            11.203    
      77.600            11.279            11.354            11.354    
      77.800            11.413            11.489            11.489    
      78.000            11.532            11.609            11.609    
      78.200            11.636            11.715            11.715    
      78.400            11.727            11.808            11.808    
      78.600            11.805            11.887            11.887    
      78.800            11.872            11.955            11.955    
      79.000            11.926            12.010            12.010    
      79.200            11.970            12.055            12.055    
      79.400            12.003            12.089            12.089    
      79.600            12.026            12.113            12.113    
      79.800            12.040            12.128            12.128    
      80.000            12.045            12.134            12.134    
      80.200            12.042            12.131            12.131    
      80.400            12.030            12.121            12.121    
      80.600            12.012            12.102            12.102    
      80.800            11.986            12.077            12.077    
      81.000            11.953            12.045            12.045    
      81.200            11.915            12.007            12.007    
      81.400            11.870            11.963            11.963    
      81.600            11.820            11.913            11.913    
      81.800            11.764            11.857            11.857    
      82.000            11.704            11.797            11.797    
      82.200            11.639            11.732            11.732    
      82.400            11.570            11.663            11.663    
      82.600            11.496            11.590            11.590    
      82.800            11.419            11.513            11.513    
      83.000            11.339            11.432            11.432    
      83.200            11.255            11.348            11.348    
      83.400            11.168            11.261            11.261    
      83.600            11.078            11.171            11.171    
      83.800            10.986            11.079            11.079    
      84.000            10.891            10.984            10.984    
      84.200            10.794            10.887            10.887    
      84.400            10.696            10.788            10.788    
      84.600            10.595            10.687            10.687    
      84.800            10.492            10.584            10.584    
      85.000            10.389            10.480            10.480    
      85.200            10.283            10.374            10.374    
      85.400            10.177            10.267            10.267    
      85.600            10.069            10.159            10.159    
      85.800            9.9607            10.050            10.050    
      86.000            9.8514            9.9403            9.9403    
      86.200            9.7413            9.8297            9.8297    
      86.400            9.6307            9.7185            9.7185    
      86.600            9.5196            9.6068            9.6068    
      86.800            9.4081            9.4947            9.4947    
      87.000            9.2963            9.3823            9.3823    
      87.200            9.1843            9.2697            9.2697    
      87.400            9.0722            9.1570            9.1570    
      87.600            8.9601            9.0442            9.0442    
      87.800            8.8480            8.9314            8.9314    
      88.000            8.7360            8.8188            8.8188    
      88.200            8.6242            8.7063            8.7063    
      88.400            8.5127            8.5941            8.5941    
      88.600            8.4015            8.4822            8.4822    
      88.800            8.2907            8.3706            8.3706    
      89.000            8.1802            8.2595            8.2595    
      89.200            8.0703            8.1488            8.1488    
      89.400            7.9609            8.0386            8.0386    
      89.600            7.8521            7.9290            7.9290    
      89.800            7.7438            7.8200            7.8200    
      90.000            7.6363            7.7117            7.7117    
      90.200            7.5294            7.6040            7.6040    
      90.400            7.4232            7.4971            7.4971    
      90.600            7.3178            7.3909            7.3909    
      90.800            7.2132            7.2855            7.2855    
      91.000            7.1094            7.1809            7.1809    
      91.200            7.0064            7.0772            7.0772    
      91.400            6.9044            6.9743            6.9743    
      91.600            6.8031            6.8723            6.8723    
      91.800            6.7028            6.7712            6.7712    
      92.000            6.6035            6.6710            6.6710    
      92.200            6.5050            6.5718            6.5718    
      92.400            6.4075            6.4735            6.4735    
      92.600            6.3110            6.3762            6.3762    
      92.800            6.2155            6.2799            6.2799    
      93.000            6.1209            6.1845            6.1845    
      93.200            6.0274            6.0902            6.0902    
      93.400            5.9349            5.9969            5.9969    
      93.600            5.8434            5.9046            5.9046    
      93.800            5.7529            5.8134            5.8134    
      94.000            5.6635            5.7231            5.7231    
      94.200            5.5750            5.6339            5.6339    
      94.400            5.4877            5.5458            5.5458    
      94.600            5.4013            5.4587            5.4587    
      94.800            5.3161            5.3727            5.3727    
      95.000            5.2318            5.2877            5.2877    
      95.200            5.1486            5.2037            5.2037    
      95.400            5.0664            5.1208            5.1208    
      95.600            4.9853            5.0389            5.0389    
      95.800            4.9053            4.9581            4.9581    
      96.000            4.8262            4.8783            4.8783    
      96.200            4.7482            4.7996            4.7996    
      96.400            4.6712            4.7219            4.7219    
      96.600            4.5953            4.6452            4.6452    
      96.800            4.5204            4.5696            4.5696    
      97.000            4.4465            4.4950            4.4950    
      97.200            4.3736            4.4214            4.4214    
      97.400            4.3017            4.3488            4.3488    
      97.600            4.2308            4.2773            4.2773    
      97.800            4.6768            4.7045            4.7045    
      98.000            5.2821            5.3130            5.3130    
      98.200            5.8511            5.8852            5.8852    
      98.400            6.3853            6.4224            6.4224    
      98.600            6.8862            6.9264            6.9264    
      98.800            7.3554            7.3985            7.3985    
      99.000            7.7943            7.8402            7.8402    
      99.200            8.2041            8.2527            8.2527    
      99.400            8.5862            8.6375            8.6375    
      99.600            8.9418            8.9957            8.9957    
      99.800            9.2722            9.3285            9.3285    
      100.00            9.5784            9.6371            9.6371    
      100.20            9.8616            9.9226            9.9226    
      100.40            10.123            10.186            10.186    
      100.60            10.363            10.428            10.428    
      100.80            10.583            10.651            10.651    
      101.00            10.784            10.854            10.854    
      101.20            10.968            11.039            11.039    
      101.40            11.133            11.206            11.206    
      101.60            11.283            11.357            11.357    
      101.80            11.416            11.492            11.492    
      102.00            11.535            11.613            11.613    
      102.20            11.639            11.719            11.719    
      102.40            11.730            11.811            11.811    
      102.60            11.809            11.891            11.891    
      102.80            11.875            11.958            11.958    
      103.00            11.929            12.013            12.013    
      103.20            11.973            12.058            12.058    
      103.40            12.006            12.092            12.092    
      103.60            12.029            12.116            12.116    
      103.80            12.043            12.131            12.131    
      104.00            12.048            12.137            12.137    
      104.20            12.044            12.134            12.134    
      104.40            12.033            12.123            12.123    
      104.60            12.014            12.105            12.105    
      104.80            11.988            12.080            12.080    
      105.00            11.956            12.048            12.048    
      105.20            11.917            12.009            12.009    
      105.40            11.872            11.965            11.965    
      105.60            11.822            11.915            11.915    
      105.80            11.767            11.860            11.860    
      106.00            11.706            11.799            11.799    
      106.20            11.641            11.735            11.735    
      106.40            11.572            11.665            11.665    
      106.60            11.498            11.592            11.592    
      106.80            11.421            11.515            11.515    
      107.00            11.341            11.434            11.434    
      107.20            11.257            11.350            11.350    
      107.40            11.170            11.263            11.263    
      107.60            11.080            11.173            11.173    
      107.80            10.988            11.081            11.081    
      108.00            10.893            10.986            10.986    
      108.20            10.796            10.889            10.889    
      108.40            10.697            10.790            10.790    
      108.60            10.597            10.689            10.689    
      108.80            10.494            10.586            10.586    
      109.00            10.390            10.481            10.481    
      109.20            10.285            10.376            10.376    
      109.40            10.178            10.269            10.269    
      109.60            10.071            10.161            10.161    
      109.80            9.9623            10.052            10.052    
      110.00            9.8529            9.9419            9.9419    
      110.20            9.7429            9.8313            9.8313    
      110.40            9.6322            9.7201            9.7201    
      110.60            9.5211            9.6083            9.6083    
      110.80            9.4095            9.4962            9.4962    
      111.00            9.2977            9.3838            9.3838    
      111.20            9.1857            9.2711            9.2711    
      111.40            9.0736            9.1584            9.1584    
      111.60            8.9614            9.0456            9.0456    
      111.80            8.8493            8.9328            8.9328    
      112.00            8.7373            8.8201            8.8201    
      112.20            8.6255            8.7076            8.7076    
      112.40            8.5140            8.5954            8.5954    
      112.60            8.4027            8.4834            8.4834    
      112.80            8.2919            8.3718            8.3718    
      113.00            8.1814            8.2607            8.2607    
      113.20            8.0715            8.1500            8.1500    
      113.40            7.9620            8.0398            8.0398    
      113.60            7.8532            7.9302            7.9302    
      113.80            7.7449            7.8211            7.8211    
      114.00            7.6373            7.7128            7.7128    
      114.20            7.5304            7.6051            7.6051    
      114.40            7.4243            7.4982            7.4982    
      114.60            7.3188            7.3920            7.3920    
      114.80            7.2142            7.2865            7.2865    
      115.00            7.1104            7.1819            7.1819    
      115.20            7.0074            7.0782            7.0782    
      115.40            6.9053            6.9752            6.9752    
      115.60            6.8041            6.8732            6.8732    
      115.80            6.7038            6.7721            6.7721    
      116.00            6.6044            6.6719            6.6719    
      116.20            6.5059            6.5727            6.5727    
      116.40            6.4084            6.4744            6.4744    
      116.60            6.3119            6.3770            6.3770    
      116.80            6.2163            6.2807            6.2807    
      117.00            6.1218            6.1854            6.1854    
      117.20            6.0282            6.0910            6.0910    
      117.40            5.9357            5.9977            5.9977    
      117.60            5.8442            5.9054            5.9054    
      117.80            5.7537            5.8141            5.8141    
      118.00            5.6642            5.7239            5.7239    
      118.20            5.5758            5.6347            5.6347    
      118.40            5.4884            5.5465            5.5465    
      118.60            5.4020            5.4594            5.4594    
      118.80            5.3167            5.3734            5.3734    
      119.00            5.2325            5.2883            5.2883    
      119.20            5.1493            5.2044            5.2044    
      119.40            5.0671            5.1214            5.1214    
      119.60            4.9860            5.0396            5.0396    
      119.80            4.9059            4.9587            4.9587    
      120.00            4.8268            4.8790            4.8790    
      120.20            4.7488            4.8002            4.8002    
      120.40            4.6718            4.7225            4.7225    
      120.60            4.5959            4.6458            4.6458    
      120.80            4.5209            4.5702            4.5702    
      121.00            4.4470            4.4956            4.4956    
      121.20            4.3741            4.4220            4.4220    
      121.40            4.3022            4.3494            4.3494    
      121.60            4.2313            4.2778            4.2778    
      121.80            4.6773            4.7050            4.7050    
      122.00            5.2826            5.3136            5.3136    
      122.20            5.8516            5.8857            5.8857    
      122.40            6.3858            6.4229            6.4229    
      122.60            6.8867            6.9269            6.9269    
      122.80            7.3559            7.3990            7.3990    
      123.00            7.7947            7.8406            7.8406    
      123.20            8.2046            8.2532            8.2532    
      123.40            8.5866            8.6379            8.6379    
      123.60            8.9423            8.9961            8.9961    
      123.80            9.2726            9.3289            9.3289    
      124.00            9.5788            9.6375            9.6375    
      124.20            9.8620            9.9230            9.9230    
      124.40            10.123            10.186            10.186    
      124.60            10.363            10.429            10.429    
      124.80            10.584            10.651            10.651    
      125.00            10.785            10.854            10.854    
      125.20            10.968            11.039            11.039    
      125.40            11.134            11.207            11.207    
      125.60            11.283            11.358            11.358    
      125.80            11.417            11.493            11.493    
      126.00            11.535            11.613            11.613    
      126.20            11.640            11.719            11.719    
      126.40            11.731            11.811            11.811    
      126.60            11.809            11.891            11.891    
      126.80            11.875            11.958            11.958    
      127.00            11.929            12.014            12.014    
      127.20            11.973            12.058            12.058    
      127.40            12.006            12.092            12.092    
      127.60            12.029            12.116            12.116    
      127.80            12.043            12.131            12.131    
      128.00            12.048            12.137            12.137    
      128.20            12.045            12.134            12.134    
      128.40            12.033            12.124            12.124    
      128.60            12.015            12.105            12.105    
      128.80            11.989            12.080            12.080    
      129.00            11.956            12.048            12.048    
      129.20            11.917            12.010            12.010    
      129.40            11.873            11.965            11.965    
      129.60            11.822            11.915            11.915    
      129.80            11.767            11.860            11.860    
      130.00            11.706            11.800            11.800    
      130.20            11.641            11.735            11.735    
      130.40            11.572            11.666            11.666    
      130.60            11.499            11.592            11.592    
      130.80            11.422            11.515            11.515    
      131.00            11.341            11.435            11.435    
      131.20            11.257            11.351            11.351    
      131.40            11.170            11.264            11.264    
      131.60            11.080            11.174            11.174    
      131.80            10.988            11.081            11.081    
      132.00            10.893            10.986            10.986    
      132.20            10.796            10.889            10.889    
      132.40            10.698            10.790            10.790    
      132.60            10.597            10.689            10.689    
      132.80            10.494            10.586            10.586    
      133.00            10.390            10.482            10.482    
      133.20            10.285            10.376            10.376    
      133.40            10.179            10.269            10.269    
      133.60            10.071            10.161            10.161    
      133.80            9.9625            10.052            10.052    
      134.00            9.8531            9.9420            9.9420    
      134.20            9.7430            9.8314            9.8314    
      134.40            9.6324            9.7202            9.7202    
      134.60            9.5212            9.6085            9.6085    
      134.80            9.4097            9.4964            9.4964    
      135.00            9.2979            9.3839            9.3839    
      135.20            9.1859            9.2713            9.2713    
      135.40            9.0737            9.1585            9.1585    
      135.60            8.9616            9.0457            9.0457    
      135.80            8.8495            8.9329            8.9329    
      136.00            8.7375            8.8203            8.8203    
      136.20            8.6257            8.7078            8.7078    
      136.40            8.5141            8.5955            8.5955    
      136.60            8.4029            8.4835            8.4835    
      136.80            8.2920            8.3720            8.3720    
      137.00            8.1816            8.2608            8.2608    
      137.20            8.0716            8.1501            8.1501    
      137.40            7.9622            8.0399            8.0399    
      137.60            7.8533            7.9303            7.9303    
      137.80            7.7451            7.8213            7.8213    
      138.00            7.6375            7.7129            7.7129    
      138.20            7.5306            7.6052            7.6052    
      138.40            7.4244            7.4983            7.4983    
      138.60            7.3190            7.3921            7.3921    
      138.80            7.2143            7.2866            7.2866    
      139.00            7.1105            7.1820            7.1820    
      139.20            7.0075            7.0783            7.0783    
      139.40            6.9054            6.9753            6.9753    
      139.60            6.8042            6.8733            6.8733    
      139.80            6.7038            6.7722            6.7722    
      140.00            6.6044            6.6720            6.6720    
      140.20            6.5060            6.5728            6.5728    
      140.40            6.4085            6.4745            6.4745    
      140.60            6.3120            6.3771            6.3771    
      140.80            6.2164            6.2808            6.2808    
      141.00            6.1219            6.1855            6.1855    
      141.20            6.0283            6.0911            6.0911    
      141.40            5.9358            5.9978            5.9978    
      141.60            5.8442            5.9055            5.9055    
      141.80            5.7537            5.8142            5.8142    
      142.00            5.6643            5.7240            5.7240    
      142.20            5.5759            5.6348            5.6348    
      142.40            5.4885            5.5466            5.5466    
      142.60            5.4021            5.4595            5.4595    
      142.80            5.3168            5.3734            5.3734    
      143.00            5.2326            5.2884            5.2884    
      143.20            5.1493            5.2044            5.2044    
      143.40            5.0672            5.1215            5.1215    
      143.60            4.9860            5.0396            5.0396    
      143.80            4.9059            4.9588            4.9588    
      144.00            4.8269            4.8790            4.8790    
      144.20            4.7489            4.8003            4.8003    
      144.40            4.6719            4.7226            4.7226    
      144.60            4.5959            4.6459            4.6459    
      144.80            4.5210            4.5703            4.5703    
      145.00            4.4471            4.4956            4.4956    
      145.20            4.3742            4.4220            4.4220    
      145.40            4.3023            4.3494            4.3494    
      145.60            4.2314            4.2778            4.2778    
      145.80            4.1615            4.2073            4.2073    
      146.00            4.0926            4.1377            4.1377    
      146.20            4.0246            4.0691            4.0691    
      146.40            3.9577            4.0014            4.0014    
      146.60            3.8917            3.9348            3.9348    
      146.80            3.8266            3.8691            3.8691    
      147.00            3.7625            3.8044            3.8044    
      147.20            3.6994            3.7406            3.7406    
      147.40            3.6371            3.6777            3.6777    
      147.60            3.5758            3.6158            3.6158    
      147.80            3.5155            3.5548            3.5548    
      148.00            3.4560            3.4947            3.4947    
      148.20            3.3974            3.4355            3.4355    
      148.40            3.3397            3.3773            3.3773    
      148.60            3.2829            3.3199            3.3199    
      148.80            3.2270            3.2633            3.2633    
      149.00            3.1719            3.2077            3.2077    
      149.20            3.1176            3.1529            3.1529    
      149.40            3.0642            3.0989            3.0989    
      149.60            3.0117            3.0458            3.0458    
      149.80            2.9599            2.9935            2.9935    
      150.00            2.9090            2.9420            2.9420    
      150.20            2.8589            2.8914            2.8914    
      150.40            2.8095            2.8415            2.8415    
      150.60            2.7610            2.7924            2.7924    
      150.80            2.7132            2.7441            2.7441    
      151.00            2.6662            2.6966            2.6966    
      151.20            2.6199            2.6499            2.6499    
      151.40            2.5744            2.6038            2.6038    
      151.60            2.5296            2.5586            2.5586    
      151.80            2.4855            2.5140            2.5140    
      152.00            2.4422            2.4702            2.4702    
      152.20            2.3995            2.4271            2.4271    
      152.40            2.3576            2.3847            2.3847    
      152.60            2.3163            2.3430            2.3430    
      152.80            2.2758            2.3020            2.3020    
      153.00            2.2358            2.2616            2.2616    
      153.20            2.1966            2.2219            2.2219    
      153.40            2.1580            2.1829            2.1829    
      153.60            2.1200            2.1445            2.1445    
      153.80            2.0827            2.1067            2.1067    
      154.00            2.0459            2.0696            2.0696    
      154.20            2.0098            2.0331            2.0331    
      154.40            1.9743            1.9972            1.9972    
      154.60            1.9394            1.9619            1.9619    
      154.80            1.9051            1.9272            1.9272    
      155.00            1.8714            1.8931            1.8931    
      155.20            1.8382            1.8595            1.8595    
      155.40            1.8056            1.8265            1.8265    
      155.60            1.7735            1.7941            1.7941    
      155.80            1.7420            1.7622            1.7622    
      156.00            1.7110            1.7309            1.7309    
      156.20            1.6805            1.7001            1.7001    
      156.40            1.6506            1.6698            1.6698    
      156.60            1.6212            1.6400            1.6400    
      156.80            1.5923            1.6108            1.6108    
      157.00            1.5638            1.5820            1.5820    
      157.20            1.5359            1.5538            1.5538    
      157.40            1.5084            1.5260            1.5260    
      157.60            1.4815            1.4987            1.4987    
      157.80            1.4549            1.4719            1.4719    
      158.00            1.4289            1.4455            1.4455    
      158.20            1.4033            1.4196            1.4196    
      158.40            1.3781            1.3942            1.3942    
      158.60            1.3534            1.3691            1.3691    
      158.80            1.3291            1.3446            1.3446    
      159.00            1.3052            1.3204            1.3204    
      159.20            1.2817            1.2967            1.2967    
      159.40            1.2586            1.2733            1.2733    
      159.60            1.2360            1.2504            1.2504    
      159.80            1.2137            1.2279            1.2279    
      160.00            1.1919            1.2058            1.2058    
      160.20            1.1704            1.1840            1.1840    
      160.40            1.1493            1.1627            1.1627    
      160.60            1.1285            1.1417            1.1417    
      160.80            1.1082            1.1211            1.1211    
      161.00            1.0881            1.1008            1.1008    
      161.20            1.0685            1.0809            1.0809    
      161.40            1.0492            1.0614            1.0614    
      161.60            1.0302            1.0422            1.0422    
      161.80            1.0115            1.0233            1.0233    
      162.00           0.99322            1.0048            1.0048    
      162.20           0.97523           0.98660           0.98660    
      162.40           0.95756           0.96872           0.96872    
      162.60           0.94020           0.95116           0.95116    
      162.80           0.92315           0.93390           0.93390    
      163.00           0.90640           0.91696           0.91696    
      163.20           0.88995           0.90031           0.90031    
      163.40           0.87379           0.88397           0.88397    
      163.60           0.85792           0.86791           0.86791    
      163.80           0.84233           0.85213           0.85213    
      164.00           0.82702           0.83664           0.83664    
      164.20           0.81198           0.82143           0.82143    
      164.40           0.79721           0.80648           0.80648    
      164.60           0.78271           0.79181           0.79181    
      164.80           0.76846           0.77739           0.77739    
      165.00           0.75447           0.76324           0.76324    
      165.20           0.74073           0.74933           0.74933    
      165.40           0.72723           0.73568           0.73568    
      165.60           0.71398           0.72227           0.72227    
      165.80           0.70097           0.70910           0.70910    
      166.00           0.68818           0.69616           0.69616    
      166.20           0.67563           0.68346           0.68346    
      166.40           0.66330           0.67099           0.67099    
      166.60           0.65120           0.65874           0.65874    
      166.80           0.63931           0.64671           0.64671    
      167.00           0.62763           0.63489           0.63489    
      167.20           0.61617           0.62329           0.62329    
      167.40           0.60491           0.61190           0.61190    
      167.60           0.59386           0.60072           0.60072    
      167.80           0.58300           0.58973           0.58973    
      168.00           0.57234           0.57895           0.57895    


  SUBJECT NO.     1 ...  OUTPUT EQUATION NO.  1

     TIMES                   OBSERVED VALUES          PREDICTED VALUES, BASED ON POSTERIOR MEANS; THEN MEDIANS; THEN MODES
--------------------------------------------------------------------------------------------------------------------------
      120.00            6.6200            4.8268            4.8790            4.8790    
      121.00            3.1800            4.4470            4.4956            4.4956    
      122.00            5.4100            5.2826            5.3136            5.3136    
      126.00            10.180            11.535            11.613            11.613    
      129.02            12.840            11.953            12.044            12.044    
      132.00            12.350            10.893            10.986            10.986    
      144.00            8.0600            4.8269            4.8790            4.8790    


