DENSITY OCT_15 ... Made by npagranfix6
          -1
           4
           1
           4
Ka         
Ke         
V          
Tlag1      
           0

           0

  0.10000000000000001       0.90000000000000002     
   1.0000000000000000E-003  0.10000000000000001     
   30.000000000000000        120.00000000000000     
   0.0000000000000000        4.0000000000000000     


         100
          61
   0.0000000000000000     
  0.62087645824613047        6.3663931988997349E-002   30.000585035199300        1.9062072845463642        701.84483726150381     
   6.0585618160024859E-007
   6.9687594545698666        6.8222889705572847        6.8222889705572847     
   6.5389382167757608        6.4002141882582739        6.4002141882582739     
   7.2636087040395676        7.1923907420322326        7.1923907420322326     
   20.179645756097788        19.851397339314786        19.851397339314786     
   17.862928328968991        17.546332447620753        17.546332447620753     
   14.923761015495112        14.646550253977225        14.646550253977225     
   6.9713853025811865        6.8248016632958448        6.8248016632958448     
         841
   0.0000000000000000        0.0000000000000000        0.0000000000000000     
   0.0000000000000000        0.0000000000000000        0.0000000000000000     
   0.0000000000000000        0.0000000000000000        0.0000000000000000     
   0.0000000000000000        0.0000000000000000        0.0000000000000000     
   0.0000000000000000        0.0000000000000000        0.0000000000000000     
   0.0000000000000000        0.0000000000000000        0.0000000000000000     
   0.0000000000000000        0.0000000000000000        0.0000000000000000     
   0.0000000000000000        0.0000000000000000        0.0000000000000000     
   0.0000000000000000        0.0000000000000000        0.0000000000000000     
   0.0000000000000000        0.0000000000000000        0.0000000000000000     
   1.1279850310450019        1.1881424649115599        1.1881424649115599     
   3.3027937624002610        3.3309664478067806        3.3309664478067806     
   5.1944568530971695        5.1934147464538727        5.1934147464538727     
   6.8364078510306268        6.8087505042839300        6.8087505042839300     
   8.2581714303576277        8.2063295480671385        8.2063295480671385     
   9.4858199093094910        9.4120588792322142        9.4120588792322142     
   10.542376457391240        10.448801371215609        10.448801371215609     
   11.448171217324122        11.336732984312635        11.336732984312635     
   12.221155840121222        12.093658068999009        12.093658068999009     
   12.877181289611572        12.735287675068601        12.735287675068601     
   13.430243205631799        13.275485206997601        13.275485206997601     
   13.892698614230738        13.726483256699812        13.726483256699812     
   14.275457330848287        14.099074995340098        14.099074995340098     
   14.588151011705063        14.402783109113587        14.402783109113587     
   14.839282463541618        14.646008913688998        14.646008913688998     
   15.036357517046815        14.836163972894328        14.836163972894328     
   15.186001500108953        14.979786274370749        14.979786274370749     
   15.294062109253593        15.082642774081284        15.082642774081284     
   15.365700267627954        15.149819908978154        15.149819908978154     
   15.405470372410960        15.185803489491811        15.185803489491811     
   15.417391170706759        15.194549217878928        15.194549217878928     
   15.405008358288381        15.179544932273238        15.179544932273238     
   15.371449867763490        15.143865547242083        15.143865547242083     
   15.319474699862662        15.090221547750470        15.090221547750470     
   15.251516051859618        15.021001792896957        15.021001792896957     
   15.169719409083335        14.938311297043937        14.938311297043937     
   15.075976187714376        14.844004577635005        14.844004577635005     
   14.971953448371538        14.739715089852165        14.739715089852165     
   14.859120139329484        14.626881207237940        14.626881207237940     
   14.738770274626868        14.506769153539654        14.506769153539654     
   14.612043405000106        14.380493243485718        14.380493243485718     
   14.479942697780084        14.249033748234734        14.249033748234734     
   14.343350904971986        14.113252664193343        14.113252664193343     
   14.203044466132484        13.973907631200262        13.973907631200262     
   14.059705963859953        13.831664217211799        13.831664217211799     
   13.913935124278042        13.687106761148282        13.687106761148282     
   13.766258532427434        13.540747943074107        13.540747943074107     
   13.617138212638924        13.393037231035397        13.393037231035397     
   13.466979206435914        13.244368336359727        13.244368336359727     
   13.316136265036194        13.095085793757930        13.095085793757930     
   13.164919759851820        12.945490768918232        12.945490768918232     
   13.013600902311545        12.795846184234627        12.795846184234627     
   12.862416353665676        12.646381242676494        12.646381242676494     
   12.711572296014175        12.497295420419581        12.497295420419581     
   12.561248027479529        12.348761990572667        12.348761990572667     
   12.411599137098241        12.200931133020728        12.200931133020728     
   12.262760308515043        12.053932678949943        12.053932678949943     
   12.114847795832071        11.907878532921787        11.907878532921787     
   11.967961609902723        11.762864810333935        11.762864810333935     
   11.822187448888572        11.618973723666224        11.618973723666224     
   11.677598402948476        11.476275246991396        11.476275246991396     
   11.534256459440993        11.334828584771486        11.334828584771486     
   11.392213831940515        11.194683467907707        11.194683467907707     
   11.251514133646507        11.055881297316910        11.055881297316910     
   11.112193413362085        10.918456152929025        10.918456152929025     
   10.974281070095499        10.782435683900355        10.782435683900355     
   10.837800660463429        10.647841893984328        10.647841893984328     
   10.702770611419124        10.514691834365633        10.514691834365633     
   10.569204849366075        10.382998214819638        10.382998214819638     
   10.437113355426128        10.252769942784656        10.252769942784656     
   10.306502655490206        10.124012598809655        10.124012598809655     
   10.177376252672129        9.9967288558470013        9.9967288558470013     
   10.049735008896134        9.8709188489835000        9.8709188489835000     
   9.9235774815626261        9.7465805014292375        9.7465805014292375     
   9.7989002205424729        9.6237098119009907        9.6237098119009907     
   9.6756980301370259        9.5023011079341924        9.5023011079341924     
   9.5539642000994309        9.3823472691254093        9.3823472691254093     
   9.4336907093345026        9.2638399238377307        9.2638399238377307     
   9.3148684054720015        9.1467696224869588        9.1467696224869588     
   9.1974871631349693        9.0311259901605823        9.0311259901605823     
   9.0815360233952500        8.9168978609986471        8.9168978609986471     
   8.9670033166172676        8.8040733964805451        8.8040733964805451     
   8.8538767706340060        8.6926401895101169        8.6926401895101169     
   8.7421436059721351        8.5825853559694423        8.5825853559694423     
   8.6317906196426275        8.4738956152156053        8.4738956152156053     
   8.5228042588361248        8.3665573608217336        8.3665573608217336     
   8.4151706857058386        8.2605567227108629        8.2605567227108629     
   8.3088758342826488        8.1558796216963625        8.1558796216963625     
   8.2039054604449593        8.0525118173237296        8.0525118173237296     
   8.1002451857581512        7.9504389498034209        7.9504389498034209     
   7.9978805359032261        7.8496465767318204        7.8496465767318204     
   7.8967969743301918        7.7501202052154818        7.7501202052154818     
   7.7969799316974475        7.6518453199416570        7.6518453199416570     
   7.6984148315928556        7.5548074076743337        7.5548074076743337     
   7.6010871129742714        7.4589919785987053        7.4589919785987053     
   7.5049822497160914        7.3643845848873921        7.3643845848873921     
   7.4100857676032525        7.2709708368178267        7.2709708368178267     
   7.3163832590741542        7.1787364167315646        7.1787364167315646     
   7.2238603959787566        7.0876670910921016        7.0876670910921016     
   7.1325029405869547        6.9977487208676541        6.9977487208676541     
   7.0422967550548510        6.9089672704387066        6.9089672704387066     
   6.9532278095322360        6.8213088152067094        6.8213088152067094     
   6.8652821890731781        6.7347595480594986        6.7347595480594986     
   6.7784460994926272        6.6493057848307826        6.6493057848307826     
   6.6927058722952593        6.5649339688748469        6.5649339688748469     
   6.6080479687879778        6.4816306748633874        6.4816306748633874     
   6.5244589834744433        6.3993826118987940        6.3993826118987940     
   6.4419256468184827        6.3181766260271139        6.3181766260271139     
   6.3604348274530524        6.2379997022240961        6.2379997022240961     
   6.2799735339024219        6.1588389659191014        6.1588389659191014     
   6.2005289158773262        6.0806816841139986        6.0806816841139986     
   6.1220882651958108        6.0035152661474260        6.0035152661474260     
   6.0446390163762986        5.9273272641488859        5.9273272641488859     
   5.9681687469439337        5.8521053732218382        5.8521053732218382     
   5.8926651774864576        5.7778374313903624        5.7778374313903624     
   5.8181161714915604        5.7045114193398598        5.7045114193398598     
   5.7445097349939154        5.6321154599786398        5.6321154599786398     
   5.6718340160567751        5.5606378178440847        5.5606378178440847     
   5.6000773041100542        5.4900668983742298        5.4900668983742298     
   5.5292280291642433        5.4203912470631659        5.4203912470631659     
   5.4592747609172037        5.3515995485164325        5.3515995485164325     
   5.3902062077688635        5.2836806254206792        5.2836806254206792     
   5.3220112157570645        5.2166234374401412        5.2166234374401412     
   5.2546787674262037        5.1504170800509694        5.1504170800509694     
   5.1881979806389671        5.0850507833231653        5.0850507833231653     
   5.1225581073401587        5.0205139106586385        5.0205139106586385     
   5.0577485322806108        4.9567959574929166        4.9567959574929166     
   4.9937587717081513        4.8938865499671316        4.8938865499671316     
   4.9305784720317805        4.8317754435760394        4.8317754435760394     
   4.8681974084644590        4.7704525217972140        4.7704525217972140     
   5.9345905146935491        5.8980502596166886        5.8980502596166886     
   8.0485864886726457        7.9810978453851691        7.9810978453851691     
   9.8802061427677508        9.7845283359463711        9.7845283359463711     
   11.462873301456931        11.341595256200112        11.341595256200112     
   12.826103037324403        12.681644935369485        12.681644935369485     
   13.995958187468673        13.830574996912929        13.830574996912929     
   14.995452559299508        14.811239054468873        14.811239054468873     
   15.844907051081634        15.643803925306859        15.643803925306859     
   16.562264185616705        16.346064932255171        16.346064932255171     
   17.163365913380307        16.933724211451977        16.933724211451977     
   17.662198974334331        17.420636366331408        17.420636366331408     
   18.071111606761082        17.819025299010150        17.819025299010150     
   18.401004949081390        18.139675600742518        18.139675600742518     
   18.661502089893986        18.392101486352178        18.392101486352178     
   18.861097376375575        18.584695907339608        18.584695907339608     
   19.007288286381780        18.724862169243959        18.724862169243959     
   19.106691900382977        18.819130105985639        18.819130105985639     
   19.165147771599361        18.873258623076463        18.873258623076463     
   19.187808782695491        18.892326209001645        18.892326209001645     
   19.179221391913575        18.880810826436779        18.880810826436779     
   19.143396507703564        18.842660429337343        18.842660429337343     
   19.083872086216871        18.781355205744660        18.781355205744660     
   19.003768418235843        18.699962517111391        18.699962517111391     
   18.905836959239380        18.601185391048300        18.601185391048300     
   18.792503456614313        18.487405323856731        18.487405323856731     
   18.665906039972441        18.360720060469379        18.360720060469379     
   18.527928862765535        18.222976941091961        18.222976941091961     
   18.380231814704452        18.075802334698576        18.075802334698576     
   18.224276763822932        17.920627618505726        17.920627618505726     
   18.061350733445593        17.758712108682285        17.758712108682285     
   17.892586371995165        17.591163300005054        17.591163300005054     
   17.718980031776191        17.418954730200717        17.418954730200717     
   17.541407735955314        17.242941747670020        17.242941747670020     
   17.360639280352235        17.063875428591484        17.063875428591484     
   17.177350687857007        16.882414860539861        16.882414860539861     
   16.992135207853746        16.699137984278643        16.699137984278643     
   16.805513030565617        16.514551162899192        16.514551162899192     
   16.617939866394000        16.329097627630425        16.329097627630425     
   16.429814522799877        16.143164932123277        16.143164932123277     
   16.241485595797140        15.957091531549919        15.957091531549919     
   16.053257379456532        15.771172589207822        15.771172589207822     
   15.865395084744520        15.585665101270401        15.585665101270401     
   15.678129448356875        15.400792419691179        15.400792419691179     
   15.491660802787603        15.216748243881401        15.216748243881401     
   15.306162670554645        15.033700143495301        15.033700143495301     
   15.121784938156054        14.851792667343698        14.851792667343698     
   14.938656658840621        14.671150087001148        14.671150087001148     
   14.756888527545033        14.491878817973726        14.491878817973726     
   14.576575066287198        14.314069556265034        14.314069556265034     
   14.397796553833901        14.137799163738574        14.137799163738574     
   14.220620729511870        13.963132331756048        13.963132331756048     
   14.045104297543190        13.790123049112310        13.790123049112310     
   13.871294255205330        13.618815897234725        13.618815897234725     
   13.699229065395103        13.449247192919819        13.449247192919819     
   13.528939691772578        13.281445996501569        13.281445996501569     
   13.360450512538442        13.115435001245999        13.115435001245999     
   13.193780127023551        12.951231317913640        12.951231317913640     
   13.028942067613620        12.788847166795559        12.788847166795559     
   12.865945428069560        12.628290488084806        12.628290488084806     
   12.704795418012290        12.469565480170690        12.469565480170690     
   12.545493852200021        12.312673074318331        12.312673074318331     
   12.388039582218452        12.157611353203016        12.157611353203016     
   12.232428877314259        12.004375919892436        12.004375919892436     
   12.078655760316378        11.852960223096209        11.852960223096209     
   11.926712303895233        11.703355843819386        11.703355843819386     
   11.776588891796967        11.555552747953708        11.555552747953708     
   11.628274449148142        11.409539508808562        11.409539508808562     
   11.481756645448073        11.265303503113859        11.265303503113859     
   11.337022073443489        11.122831083612592        11.122831083612592     
   11.194056406707105        10.982107730995031        10.982107730995031     
   11.052844538412081        10.843118187603451        10.843118187603451     
   10.913370703503363        10.705846575051380        10.705846575051380     
   10.775618586209735        10.570276497649621        10.570276497649621     
   10.639571414613384        10.436391133309334        10.436391133309334     
   10.505212043793289        10.304173313396332        10.304173313396332     
   10.372523028881510        10.173605592837813        10.173605592837813     
   10.241486689215106        10.044670311629961        10.044670311629961     
   10.112085164628244        9.9173496487600676        9.9173496487600676     
   9.9843004648069229        9.7916256694378330        9.7916256694378330     
   9.8581145125210909        9.6674803664255027        9.6674803664255027     
   9.7335091814536359        9.5448956961637350        9.5448956961637350     
   9.6104663292616959        9.4238536103083330        9.4238536103083330     
   9.4889678264314572        9.3043360832207060        9.3043360832207060     
   9.3689955814220411        9.1863251358911899        9.1863251358911899     
   9.2505315625361622        9.0698028567180859        9.0698028567180859     
   9.1335578169039788        8.9547514195156115        8.9547514195156115     
   9.0180564869215445        8.8411530990801168        8.8411530990801168     
   8.9040098244452057        8.7289902846051941        8.7289902846051941     
   8.7914002030081022        8.6182454912022362        8.6182454912022362     
   8.6802101282938029        8.5089013697527385        8.5089013697527385     
   8.5704222470746068        8.4009407152921387        8.4009407152921387     
   8.4620193547977358        8.2943464741014115        8.2943464741014115     
   8.3549844019812092        8.1891017496619849        8.1891017496619849     
   8.2493004995622776        8.0851898076111830        8.0851898076111830     
   8.1449509233245010        7.9825940798192887        7.9825940798192887     
   8.0419191175148423        7.8812981676950464        7.8812981676950464     
   7.9401886977490550        7.7812858448138620        7.7812858448138620     
   7.8397434532921340        7.6825410589518217        7.6825410589518217     
   7.7405673487904441        7.5850479335988865        7.5850479335988865     
   7.6426445255230870        7.4887907690159450        7.4887907690159450     
   7.5459593022322027        7.3937540428927777        7.3937540428927777     
   7.4504961755848385        7.2999224106572429        7.2999224106572429     
   7.3562398203128510        7.2072807054800636        7.2072807054800636     
   7.2631750890718223        7.1158139380143162        7.1158139380143162     
   7.1712870120551564        7.0255072959041263        7.0255072959041263     
   7.0805607963952539        6.9363461430929529        6.9363461430929529     
   6.9909818253798814        6.8483160189582533        6.8483160189582533     
   6.9025356575085519        6.7614026372961318        6.7614026372961318     
   6.8152080254107732        6.6755918851767744        6.6755918851767744     
   6.7289848346454368        6.5908698216889663        6.5908698216889663     
   6.6438521623983355        6.5072226765898273        6.5072226765898273     
   6.5597962560927554        6.4246368488739627        6.4246368488739627     
   6.4768035319263388        6.3430989052745046        6.3430989052745046     
   6.3948605733457855        6.2625955787070389        6.2625955787070389     
   6.3139541294696251        6.1831137666660760        6.1831137666660760     
   6.2340711134680165        6.1046405295825465        6.1046405295825465     
   6.1551986009074797        6.0271630891497852        6.0271630891497852     
   6.0773238280674846        5.9506688266245389        5.9506688266245389     
   6.0004341902349880        5.8751452811087459        5.8751452811087459     
   5.9245172399822552        5.8005801478171053        5.8005801478171053     
   6.9775457164796775        6.9151037412484015        6.9151037412484015     
   9.0783461509205861        8.9852431166781503        8.9852431166781503     
   10.896937216333498        10.775929224956037        10.775929224956037     
   12.466740624922990        12.320413511713644        12.320413511713644     
   13.817269363724424        13.648040253295429        13.648040253295429     
   14.974584210673948        14.784705046335855        14.784705046335855     
   15.961696940071633        15.753259503373364        15.753259503373364     
   16.798926442795558        16.573868465975018        16.573868465975018     
   17.504213259658304        17.264325306341782        17.264325306341782     
   18.093397384222662        17.840330234741423        17.840330234741423     
   18.580463624296709        18.315735953180376        18.315735953180376     
   18.977758310454682        18.702764486480127        18.702764486480127     
   19.296180697545783        19.012198572425973        19.012198572425973     
   19.545352014428211        19.253550595896382        19.253550595896382     
   19.733764772067683        19.435211701671875        19.435211701671875     
   19.868914635340701        19.564583411502120        19.564583411502120     
   19.957416894676467        19.648193798157504        19.648193798157504     
   20.005109335901714        19.691800028351913        19.691800028351913     
   20.017143096648720        19.700478873841071        19.700478873841071     
   19.998062912205683        19.678706602359430        19.678706602359430     
   19.951877989867469        19.630429494433109        19.630429494433109     
   19.882124606153539        19.559126085912876        19.559126085912876     
   19.791921393465092        19.467862107030047        19.467862107030047     
   19.684018169881845        19.359338974877133        19.359338974877133     
   19.560839066107942        19.235936595677558        19.235936595677558     
   19.424520615526841        19.099751144467007        19.099751144467007     
   19.276945395557586        18.952628411478948        18.952628411478948     
   19.119771739818361        18.796193235387129        18.796193235387129     
   18.954459979938044        18.631875482529935        18.631875482529935     
   18.782295622275068        18.460932977373833        18.460932977373833     
   18.604409817478757        18.284471741925561        18.284471741925561     
   18.421797439030158        18.103463859833802        18.103463859833802     
   18.235333049982607        17.918763243876132        17.918763243876132     
   18.045785004515942        17.731119552828503        17.731119552828503     
   17.853827902120074        17.541190474852428        17.541190474852428     
   17.660053586787946        17.349552569059224        17.349552569059224     
   17.464980861132645        17.156710834423674        17.156710834423674     
   17.269064065501603        16.963107155371169        16.963107155371169     
   17.072700654635884        16.769127755842455        16.769127755842455     
   16.876237888944154        16.575109778175875        16.575109778175875     
   16.679978743790098        16.381347089497272        16.381347089497272     
   16.484187128117505        16.188095406259137        16.188095406259137     
   16.289092493072737        15.995576816936003        15.995576816936003     
   16.094893901865248        15.803983773495908        15.803983773495908     
   15.901763623787508        15.613482613982139        15.613482613982139     
   15.709850307967992        15.424216671225901        15.424216671225901     
   15.519281785941189        15.236309016255067        15.236309016255067     
   15.330167546386702        15.049864879266091        15.049864879266091     
   15.142600920326998        14.864973785996632        14.864973785996632     
   14.956661010601980        14.681711442897004        14.681711442897004     
   14.772414395489394        14.500141400579958        14.500141400579958     
   14.589916632852013        14.320316521569522        14.320316521569522     
   14.409213588111815        14.142280275316601        14.142280275316601     
   14.230342606630431        13.966067880754220        13.966067880754220     
   14.053333548671880        13.791707314286684        13.791707314286684     
   13.878209703001035        13.619220199007330        13.619220199007330     
   13.704988593296559        13.448622589086398        13.448622589086398     
   13.533682689901200        13.279925661634653        13.279925661634653     
   13.364300037969931        13.113136326904664        13.113136326904664     
   13.196844811784779        12.948257766417017        12.948257766417017     
   13.031317803864228        12.785289907473979        12.785289907473979     
   12.867716856487707        12.624229841530056        12.624229841530056     
   12.706037242365426        12.465072193012491        12.465072193012491     
   12.546272000398099        12.307809444411154        12.307809444411154     
   12.388412231776668        12.152432222774369        12.152432222774369     
   12.232447361059000        11.998929552144563        11.998929552144563     
   12.078365366319110        11.847289075935546        11.847289075935546     
   11.926152981985929        11.697497252783664        11.697497252783664     
   11.775795877566383        11.549539528990589        11.549539528990589     
   11.627278815074270        11.403400490309611        11.403400490309611     
   11.480585787656944        11.259063995504361        11.259063995504361     
   11.335700141620725        11.116513293823903        11.116513293823903     
   11.192604683798892        10.975731128286425        10.975731128286425     
   11.051281775978998        10.836699826441802        10.836699826441802     
   10.911713417905794        10.699401380087151        10.699401380087151     
   10.773881320198866        10.563817515236590        10.563817515236590     
   10.637766968367632        10.429929753493600        10.429929753493600     
   10.503351678968253        10.297719465839615        10.297719465839615     
   10.370616648824893        10.167167919733515        10.167167919733515     
   10.239542998130052        10.038256320311584        10.038256320311584     
   10.110111808143429        9.9109658463849009        9.9109658463849009     
   9.9823041541247672        9.7852776818491733        9.7852776818491733     
   9.8561011340618006        9.6611730430499581        9.6611730430499581     
   9.7314838936889103        9.5386332025823002        9.5386332025823002     
   9.6084336482341008        9.4176395099476746        9.4176395099476746     
   9.4869317012807812        9.2981734094413806        9.2981734094413806     
   9.3669594610856564        9.1802164555997319        9.1802164555997319     
   9.2484984546541060        9.0637503264976704        9.0637503264976704     
   9.1315303398391645        8.9487568351532882        8.9487568351532882     
   9.0160369156991322        8.8352179392655881        8.8352179392655881     
   8.9020001313213069        8.7231157494852276        8.7231157494852276     
   8.7894020932950649        8.6124325363944614        8.6124325363944614     
   8.6782250719960636        8.5031507363518060        8.5031507363518060     
   8.5684515068243936        8.3952529563386449        8.3952529563386449     
   8.4600640105227871        8.2887219779288372        8.2887219779288372     
   8.3530453726862159        8.1835407604881141        8.1835407604881141     
   8.2473785625611473        8.0796924436975281        8.0796924436975281     
   8.1430467312211992        7.9771603494840564        7.9771603494840564     
   8.0400332131957928        7.8759279834316880        7.8759279834316880     
   7.9383215276193724        7.7759790357376568        7.7759790357376568     
   7.8378953789608374        7.6772973817708801        7.6772973817708801     
   7.7387386573858201        7.5798670822828695        7.5798670822828695     
   7.6408354387982591        7.4836723833154979        7.4836723833154979     
   7.5441699846022283        7.3886977158446969        7.3886977158446969     
   7.4487267412201792        7.2949276951945778        7.2949276951945778     
   7.3544903393994696        7.2023471202523401        7.2023471202523401     
   7.2614455933352842        7.1109409725107469        7.1109409725107469     
   7.1695774996347517        7.0206944149617510        7.0206944149617510     
   7.0788712361440966        6.9315927908620694        6.9315927908620694     
   6.9893121606580833        6.8436216223889730        6.8436216223889730     
   6.9008858095287255        6.7567666092024288        6.7567666092024288     
   6.8135778961881970        6.6710136269277571        6.6710136269277571     
   6.7273743095991154        6.5863487255712920        6.5863487255712920     
   6.6422611126437738        6.5027581278799964        6.5027581278799964     
   6.5582245404625077        6.4202282276547038        6.4202282276547038     
   6.4752509987501696        6.3387455880254313        6.3387455880254313     
   6.3933270620185878        6.2582969396962307        6.2582969396962307     
   6.3124394718319135        6.1788691791660888        6.1788691791660888     
   6.2325751350209559        6.1004493669316213        6.1004493669316213     
   6.1537211218818193        6.0230247256765495        6.0230247256765495     
   7.2038496954144060        7.1347251033697709        7.1347251033697709     
   9.3017869166539864        9.2020770946660573        9.2020770946660573     
   11.117550994432108        10.990011195652892        10.990011195652892     
   12.684563182625034        12.531778402967053        12.531778402967053     
   14.032336015738608        13.856722549656736        13.856722549656736     
   15.186929824904899        14.990738794686349        14.990738794686349     
   16.171355943272896        15.956678318479097        15.956678318479097     
   17.005932826151057        16.774705535971119        16.774705535971119     
   17.708600584293219        17.462613398147138        17.462613398147138     
   18.295198786644551        18.036101699404682        18.036101699404682     
   18.779711821767794        18.509022731158058        18.509022731158058     
   19.174485606296173        18.893598112847780        18.893598112847780     
   19.490418986375097        19.200610182023173        19.200610182023173     
   19.737132787329909        19.439570928406436        19.439570928406436     
   19.923119121698999        19.618871106637048        19.618871106637048     
   20.055873260972479        19.745911853275231        19.745911853275231     
   20.142010107170293        19.827220860790643        19.827220860790643     
   20.187367062624126        19.868554920423151        19.868554920423151     
   20.197094886323178        19.874990433219878        19.874990433219878     
   20.175737939703211        19.851003300911621        19.851003300911621     
   20.127305060936646        19.800539442666089        19.800539442666089     
   20.055332162090686        19.727077037561916        19.727077037561916     
   19.962937515725322        19.633681463586345        19.633681463586345     
   19.852870584631809        19.523053790058434        19.523053790058434     
   19.727555148720953        19.397573579842000        19.397573579842000     
   19.589127395021155        19.259336668970963        19.259336668970963     
   19.439469558978491        19.110188512979565        19.110188512979565     
   19.280239636564847        18.951753620090251        18.951753620090251     
   19.112897626034730        18.785461530384119        18.785461530384119     
   18.938728704590076        18.612569746211129        18.612569746211129     
   18.758863697888216        18.434183971549736        18.434183971549736     
   18.574297158530037        18.251275976056696        18.251275976056696     
   18.385903332748498        18.064699362502758        18.064699362502758     
   18.194450261911506        17.875203483591584        17.875203483591584     
   18.000612236654749        17.683445725297013        17.683445725297013     
   17.804980796024598        17.490002348377967        17.490002348377967     
   17.608074441545767        17.295378057243457        17.295378057243457     
   17.410347216286716        17.100014445491677        17.100014445491677     
   17.212196281470714        16.904297449927263        16.904297449927263     
   17.013968607702250        16.708563929396743        16.708563929396743     
   16.815966884207455        16.513107471132130        16.513107471132130     
   16.618454737412787        16.318183515244460        16.318183515244460     
   16.421661339521716        16.124013877374054        16.124013877374054     
   16.225785478330003        15.930790740117500        15.930790740117500     
   16.030999151200973        15.738680175565428        15.738680175565428     
   15.837450738774434        15.547825253971798        15.547825253971798     
   15.645267807493129        15.358348787119812        15.358348787119812     
   15.454559584298886        15.170355749251526        15.170355749251526     
   15.265419141787914        14.983935413398713        14.983935413398713     
   15.077925327643493        14.799163236513087        14.799163236513087     
   14.892144468214996        14.616102522875376        14.616102522875376     
   14.708131872624239        14.434805891803981        14.434805891803981     
   14.525933160699337        14.255316572630884        14.255316572630884     
   14.345585435315325        14.077669547217729        14.077669547217729     
   14.167118317317572        13.901892557906287        13.901892557906287     
   13.990554859081458        13.728006996698038        13.728006996698038     
   13.815912350886959        13.556028689604318        13.556028689604318     
   13.643203032631114        13.385968588472744        13.385968588472744     
   13.472434721938809        13.217833381151710        13.217833381151710     
   13.303611368440695        13.051626029580342        13.051626029580342     
   13.136733542846200        12.887346244266320        12.887346244266320     
   12.971798868432026        12.724990902621069        12.724990902621069     
   12.808802401676507        12.564554417745340        12.564554417745340     
   12.647736967984253        12.406029063484613        12.406029063484613     
   12.488593457751266        12.249405260890894        12.249405260890894     
   12.331361087407474        12.094671830624755        12.094671830624755     
   12.176027629532195        11.941816215299411        11.941816215299411     
   12.022579615659598        11.790824675299147        11.790824675299147     
   11.871002514968886        11.641682461189729        11.641682461189729     
   11.721280891680692        11.494373965472786        11.494373965472786     
   11.573398543651699        11.348882856112990        11.348882856112990     
   11.427338624368389        11.205192193982020        11.205192193982020     
   11.283083750283764        11.063284536111528        11.063284536111528     
   11.140616095213810        10.923142026425348        10.923142026425348     
   10.999917473309948        10.784746475425093        10.784746475425093     
   10.860969411946556        10.648079430130347        10.648079430130347     
   10.723753215706290        10.513122235421804        10.513122235421804     
   10.588250022507635        10.379856087801045        10.379856087801045     
   10.454440852797227        10.248262082461549        10.248262082461549     
   10.322306652621567        10.118321254460556        10.118321254460556     
   10.191828331297669        9.9900146146887021        9.9900146146887021     
   10.062986794318018        9.8633231812524613        9.8633231812524613     
   9.9357629720509966        9.7382280068123226        9.7382280068123226     
   9.8101378447323686        9.6147102023557043        9.6147102023557043     
   9.6860924641854211        9.4927509578275480        9.4927509578275480     
   9.5636079726562482        9.3723315599916788        9.3723315599916788     
   9.4426656191054956        9.2534334078522829        9.2534334078522829     
   9.3232467732579085        9.1360380259261582        9.1360380259261582     
   9.2053329376758057        9.0201270756221703        9.0201270756221703     
   9.0889057580915296        8.9056823649542949        8.9056823649542949     
   8.9739470322063006        8.7926858567879211        8.7926858567879211     
   8.8604387171387735        8.6811196757956957        8.6811196757956957     
   8.7483629356849928        8.5709661142783826        8.5709661142783826     
   8.6377019815326204        8.4622076369879586        8.4622076369879586     
   8.5284383235555321        8.3548268850740151        8.3548268850740151     
   8.4205546093000780        8.2488066792602517        8.2488066792602517     
   8.3140336677613078        8.1441300223453048        8.1441300223453048     
   8.2088585115358974        8.0407801011110109        8.0407801011110109     
   8.1050123384283435        7.9387402877114521        7.9387402877114521     
   8.0024785325780190        7.8379941406074174        7.8379941406074174     
   7.9012406651667213        7.7385254051033465        7.7385254051033465     
   7.8012824947593344        7.6403180135370237        7.6403180135370237     
   7.7025879673240718        7.5433560851663914        7.5433560851663914     
   7.6051412159732363        7.4476239257925636        7.4476239257925636     
   7.5089265604606679        7.3531060271535251        7.3531060271535251     
   7.4139285064677294        7.2597870661188733        7.2597870661188733     
   7.3201317447059555        7.1676519037123887        7.1676519037123887     
   7.2275211498611478        7.0766855839860119        7.0766855839860119     
   7.1360817794007616        6.9868733327660006        6.9868733327660006     
   7.0457988722638314        6.8982005562895701        6.8982005562895701     
   6.9566578474504093        6.8106528397481156        6.8106528397481156     
   6.8686443025254560        6.7242159457511965        6.7242159457511965     
   6.7817440120503383        6.6388758127237510        6.6388758127237510     
   6.6959429259535028        6.5546185532475185        6.5546185532475185     
   6.6112271678505445        6.4714304523562953        6.4714304523562953     
   6.5275830333225935        6.3892979657935109        6.3892979657935109     
   6.4449969881609173        6.3082077182395553        6.3082077182395553     
   6.3634556665846524        6.2281465015153792        6.2281465015153792     
   6.2829458694377260        6.1491012727681138        6.1491012727681138     
   6.2034545623703128        6.0710591526436843        6.0710591526436843     
   7.2529539050643459        7.1821498883721482        7.1821498883721482     
   9.3502698565319360        9.2488999751357817        9.2488999751357817     
   11.165420524885171        11.036239810824780        11.036239810824780     
   12.731827064550661        12.577420295120492        12.577420295120492     
   14.079001911842850        13.901785165346217        13.901785165346217     
   15.233005300944725        15.035229485956400        15.035229485956400     
   16.216848469282805        16.000604344063767        16.000604344063767     
   17.050849777654168        16.818074062478257        16.818074062478257     
   17.752949243497024        17.505431501227644        17.505431501227644     
   18.338986343621563        18.078376364906905        18.078376364906905     
   18.822945375621241        18.550760856267562        18.550760856267562     
   19.217172166310952        18.934806507212617        18.934806507212617     
   19.532565473154150        19.241295568864899        19.241295568864899     
   19.778746033916246        19.479739945617013        19.479739945617013     
   19.964205874683508        19.658530307861827        19.658530307861827     
   20.096440181587717        19.785067708982201        19.785067708982201     
   20.182063772370462        19.865879759326081        19.865879759326081     
   20.226913966151344        19.906723169053901        19.906723169053901     
   20.236141439760313        19.912674259162404        19.912674259162404     
   20.214290473513348        19.888208852347972        19.888208852347972     
   20.165369825489428        19.837272789746994        19.837272789746994     
   20.092915328675645        19.763344173397133        19.763344173397133     
   20.000045177552430        19.669488305222462        19.669488305222462     
   19.889508757819332        19.558406179444223        19.558406179444223     
   19.763729773270814        19.432477284781555        19.432477284781555     
   19.624844335781980        19.293797384064739        19.293797384064739     
   19.474734606596435        19.144211860553433        19.144211860553433     
   19.315058508422432        18.985345151112821        18.985345151112821     
   19.147275967177762        18.818626725372368        18.818626725372368     
   18.972672088642867        18.645314016124562        18.645314016124562     
   18.792377627957197        18.466512658673203        18.466512658673203     
   18.607387068095967        18.283194354871984        18.283194354871984     
   18.418574586547383        18.096212640549140        18.096212640549140     
   18.226708156804339        17.906316802315438        17.906316802315438     
   18.032462002486284        17.714164160890647        17.714164160890647     
   17.836427596471236        17.520330912607815        17.520330912607815     
   17.639123374952728        17.325321698267768        17.325321698267768     
   17.441003316494609        17.129578048667796        17.129578048667796     
   17.242464518631671        16.933485838608703        16.933485838608703     
   17.043853889085696        16.737381865720113        16.737381865720113     
   16.845474054995705        16.541559656794096        16.541559656794096     
   16.647588581486591        16.346274592268824        16.346274592268824     
   16.450426580235838        16.151748428869112        16.151748428869112     
   16.254186779279003        15.958173291023781        15.958173291023781     
   16.059041116975305        15.765715193393959        15.765715193393959     
   15.865137915706949        15.574517149532973        15.574517149532973     
   15.672604684396180        15.384701915243026        15.384701915243026     
   15.481550593192067        15.196374409495672        15.196374409495672     
   15.292068658616611        15.009623850753671        15.009623850753671     
   15.104237672988328        14.824525642092294        14.824525642092294     
   14.918123907992319        14.641143034599615        14.641143034599615     
   14.733782618777738        14.459528595076488        14.459528595076488     
   14.551259371882907        14.279725501003895        14.279725501003895     
   14.370591217567281        14.101768683050551        14.101768683050551     
   14.191807724726367        13.925685833015038        13.925685833015038     
   14.014931894442938        13.751498292997120        13.751498292997120     
   13.839980966353334        13.579221839739768        13.579221839739768     
   13.666967130351692        13.408867376447530        13.408867376447530     
   13.495898154692643        13.240441542943099        13.240441542943099     
   13.326777940261216        13.073947253749429        13.073947253749429     
   13.159607009637956        12.909384172559825        12.909384172559825     
   12.994382938579605        12.746749130565499        12.746749130565499     
   12.831100736645761        12.586036495233598        12.586036495233598     
   12.669753182915926        12.427238495355175        12.427238495355175     
   12.510331122047099        12.270345507499625        12.270345507499625     
   12.352823725308893        12.115346308409475        12.115346308409475     
   12.197218720691685        11.962228297337294        11.962228297337294     
   12.043502595704851        11.810977691857039        11.810977691857039     
   11.891660776059798        11.661579700267493        11.661579700267493     
   11.741677783059322        11.514018673339738        11.514018673339738     
   11.593537372185269        11.368278237837542        11.368278237837542     
   11.447222655085415        11.224341413954587        11.224341413954587     
   11.302716206903405        11.082190718560808        11.082190718560808     
   11.160000160668508        10.941808255928038        10.941808255928038     
   11.019056290261469        10.803175797409152        10.803175797409152     
   10.879866083295502        10.666274851371851        10.666274851371851     
   10.742410805095149        10.531086724535522        10.531086724535522     
   10.606671554817488        10.397592575724762        10.397592575724762     
   10.472629314638155        10.265773462934259        10.265773462934259     
   10.340264992816859        10.135610384494576        10.135610384494576     
   10.209559461361904        10.007084315035806        10.007084315035806     
   10.080493588929091        9.8801762368640862        9.8801762368640862     
   9.9530482695161897        9.7548671672939324        9.7548671672939324     
   9.8272044474485085        9.6311381824154054        9.6311381824154054     
   9.7029431390932164        9.5089704377189896        9.5089704377189896     
   9.5802454516888886        9.3883451859513425        9.3883451859513425     
   9.4590925996315711        9.2692437925312223        9.2692437925312223     
   9.3394659185187177        9.1516477488162575        9.1516477488162575     
   9.2213468772171403        9.0355386834769913        9.0355386834769913     
   9.1047170881899859        8.9208983722045829        8.9208983722045829     
   8.9895583162902142        8.8077087459518459        8.8077087459518459     
   8.8758524862038080        8.6959518978838730        8.6959518978838730     
   8.7635816887044857        8.5856100891937572        8.5856100891937572     
   8.6527281858627294        8.4766657539206260        8.4766657539206260     
   8.5432744153352598        8.3691015028910147        8.3691015028910147     
   8.4352029938462305        8.2629001268904183        8.2629001268904183     
   8.3284967199584603        8.1580445991592434        8.1580445991592434     
   8.2231385762214249        8.0545180772962386        8.0545180772962386     
   8.1191117307725822        7.9523039046427879        7.9523039046427879     
   8.0163995384596163        7.8513856112126597        7.8513856112126597     
   7.9149855415432286        7.7517469142243227        7.7517469142243227     
   7.8148534700331265        7.6533717182860475        7.6533717182860475     
   7.7159872417036262        7.5562441152781981        7.5562441152781981     
   7.6183709618298447        7.4603483839717839        7.4603483839717839     
   7.5219889226806336        7.3656689894177427        7.3656689894177427     
   7.4268256028001103        7.2721905821373314        7.2721905821373314     
   7.3328656661059028        7.1798979971403973        7.1798979971403973     
   7.2400939608289114        7.0887762527951077        7.0887762527951077     
   7.1484955183163921        6.9988105495699253        6.9988105495699253     
   7.0580555517176577        6.9099862686661027        6.9099862686661027     
   6.9687594545693345        6.8222889705568202        6.8222889705568202     
   6.8805927992951172        6.7357043934471452        6.7357043934471452     
   6.7935413356331971        6.6502184516672580        6.6502184516672580     
   6.7075909890029131        6.5658172340099439        6.5658172340099439     
   6.6227278588208396        6.4824870020219709        6.4824870020219709     
   6.5389382167752554        6.4002141882578334        6.4002141882578334     
   6.4562085050668712        6.3189853945032901        6.3189853945032901     
   6.3745253346227333        6.2387873899752408        6.2387873899752408     
   6.2938754832893764        6.1596071095036455        6.1596071095036455     
   6.2142458940105412        6.0814316517005045        6.0814316517005045     
   7.2636087040529880        7.1923907420455135        7.1923907420455135     
   9.3607898502848688        9.2590108542344396        9.2590108542344396     
   11.175807418967381        11.046222364956382        11.046222364956382     
   12.742082542948205        12.587276152956235        12.587276152956235     
   14.089127637235874        13.911515934886577        13.911515934886577     
   15.243002914977032        15.044836754793465        15.044836754793465     
   16.226719592827997        16.010089679640270        16.010089679640270     
   17.060596011078449        16.827439012343302        16.827439012343302     
   17.762572166918652        17.514677593289196        17.514677593289196     
   18.348487517167023        18.087505107681061        18.087505107681061     
   18.832326339678200        18.559773739124676        18.559773739124676     
   19.226434441777975        18.943705000620294        18.943705000620294     
   19.541710561687303        19.250081124627904        19.250081124627904     
   19.787775418172529        19.488413997114129        19.488413997114129     
   19.973121018561248        19.667094270279737        19.667094270279737     
   20.105242530463901        19.793522979546335        19.793522979546335     
   20.190754753335057        19.874227717528615        19.874227717528615     
   20.235494988238692        19.914965176878820        19.914965176878820     
   20.244613894177551        19.920811661307685        19.920811661307685     
   20.222655733865960        19.896242976444999        19.896242976444999     
   20.173629248003955        19.845204946577155        19.845204946577155     
   20.101070252419561        19.771175657105683        19.771175657105683     
   20.008096924651227        19.677220393529655        19.677220393529655     
   19.897458633670883        19.566040133853775        19.566040133853775     
   19.771579066757013        19.440014350786477        19.440014350786477     
   19.632594319477704        19.301238791350521        19.301238791350521     
   19.482386536975852        19.151558823198677        19.151558823198677     
   19.322613626062711        18.992598867787322        18.992598867787322     
   19.154735496960210        18.825788379532675        18.825788379532675     
   18.980037239951503        18.652384776207064        18.652384776207064     
   18.799649594874840        18.473493678284768        18.473493678284768     
   18.614567029597840        18.290086772978171        18.290086772978171     
   18.425663706692198        18.103017581660005        18.103017581660005     
   18.233707584923074        17.913035376669011        17.913035376669011     
   18.039372873368510        17.720797464634082        17.720797464634082     
   17.843251030549073        17.526880027976208        17.526880027976208     
   17.645860478482533        17.331787693760731        17.331787693760731     
   17.447655181736295        17.135961979223794        17.135961979223794     
   17.249032224025804        16.939788745777161        16.939788745777161     
   17.050338499428339        16.743604777831344        16.743604777831344     
   16.851876621611058        16.547703589127089        16.547703589127089     
   16.653910142397422        16.352340547216865        16.352340547216865     
   16.456668160331784        16.157737396103357        16.157737396103357     
   16.260349390482723        15.964086247654697        15.964086247654697     
   16.065125758406548        15.771553104130748        15.771553104130748     
   15.871145573844538        15.580280966840974        15.580280966840974     
   15.678536333237938        15.390392579499101        15.390392579499101     
   15.487407194412731        15.201992849141639        15.201992849141639     
   15.297851161723740        15.015170982447776        15.015170982447776     
   15.109947015476250        14.830002370858761        14.830002370858761     
   14.923761015494120        14.646550253976311        14.646550253976311     
   14.739348405215338        14.464867187260701        14.464867187260701     
   14.556754739615215        14.284996336996265        14.284996336996265     
   14.376017057536508        14.106972622797182        14.106972622797182     
   14.197164916602459        13.930823725547791        13.930823725547791     
   14.020221306766198        13.756570976572140        13.756570976572140     
   13.845203456675232        13.584230141974242        13.584230141974242     
   13.672123545373903        13.413812114454714        13.413812114454714     
   13.500989330404316        13.245323523465640        13.245323523465640     
   13.331804702074503        13.078767273290978        13.078767273290978     
   13.164570172521847        12.914143017514995        12.914143017514995     
   12.999283307192037        12.751447577348154        12.751447577348154     
   12.835939105464094        12.590675310403540        12.590675310403540     
   12.674530336365736        12.431818435743205        12.431818435743205     
   12.515047834629353        12.274867320331021        12.274867320331021     
   12.357480761725526        12.119810731425895        12.119810731425895     
   12.201816835969568        11.966636058917157        11.966636058917157     
   12.048042535318203        11.815329511134346        11.815329511134346     
   11.896143276051049        11.665876287249162        11.665876287249162     
   11.746103570158445        11.518260729021442        11.518260729021442     
   11.597907163927598        11.372466454318078        11.372466454318078     
   11.451537159927982        11.228476474548792        11.228476474548792     
   11.306976124339791        11.086273297911038        11.086273297911038     
   11.164206181342260        10.945839020114249        10.945839020114249     
   11.023209096078061        10.807155404057564        10.807155404057564     
   10.883966347532890        10.670203949762243        10.670203949762243     
   10.746459192512942        10.534965955707158        10.534965955707158     
   10.610668721764704        10.401422572580985        10.401422572580985     
   10.476575909159639        10.269554850345747        10.269554850345747     
   10.344161654758352        10.139343779401294        10.139343779401294     
   10.213406822473774        10.010770326547650        10.010770326547650     
   10.084292272968762        9.8838154663602786        9.8838154663602786     
   9.9567988923492585        9.7584602085211234        9.7584602085211234     
   9.8309076171486005        9.6346856215845484        9.6346856215845484     
   9.7065994560405713        9.5124728536009826        9.5124728536009826     
   9.5838555086676962        9.3918031499714569        9.3918031499714569     
   9.4626569819260684        9.2726578688623285        9.2726578688623285     
   9.3429852040080892        9.1550184944708715        9.1550184944708715     
   9.2248216364692084        9.0388666483981570        9.0388666483981570     
   9.1081478845537056        8.9241840993555943        8.9241840993555943     
   8.9929457059870117        8.8109527714048284        8.8109527714048284     
   8.8791970184177629        8.6991547509072440        8.6991547509072440     
   8.7668839056713601        8.5887722923385859        8.5887722923385859     
   8.6559886229578833        8.4797878231058785        8.4797878231058785     
   8.5464936011604458        8.3721839474877306        8.3721839474877306     
   8.4383814503152959        8.2659434498048210        8.2659434498048210     
   8.3316349623819672        8.1610492969147828        8.1610492969147828     
   8.2262371133901908        8.0574846401146054        8.0574846401146054     
   8.1221710650401668        7.9552328165238855        7.9552328165238855     
   8.0194201658237674        7.8542773500135814        7.8542773500135814     
   7.9179679517262977        7.7546019517373050        7.7546019517373050     
   7.8177981465614659        7.6561905203154472        7.6561905203154472     
   7.7188946619859795        7.5590271417164923        7.5590271417164923     
   7.6212415972347491        7.4630960888745976        7.4630960888745976     
   7.5248232386128375        7.3683818210779313        7.3683818210779313     
   7.4296240587760316        7.2748689831581190        7.2748689831581190     
   7.3356287158281281        7.1825424045075907        7.1825424045075907     
   7.2428220522597480        7.0913870979483900        7.0913870979483900     
   7.1511890937505003        7.0013882584732441        7.0013882584732441     
   7.0607150478537566        6.9125312618771684        6.9125312618771684     
   6.9713853025809982        6.8248016632957222        6.8248016632957222     
   6.8831854249006863        6.7381851956640926        6.7381851956640926     
   6.7961011591647926        6.6526677681094677        6.6526677681094677     
   6.7101184254745867        6.5682354642876728        6.5682354642876728     
   6.6252233179958582        6.4848745406737134        6.4848745406737134     
   6.5414021032325316        6.4025714248146919        6.4025714248146919     
   6.4586412182665587        6.3213127135525280        6.3213127135525280     
   6.3769272689709888        6.2410851712230260        6.2410851712230260     
   6.2962470282023038        6.1618757278370033        6.1618757278370033     
   6.2165874339773248        6.0836714772484788        6.0836714772484788     
   6.1379355876393804        6.0064596753143507        6.0064596753143507     
   6.0602787520177932        5.9302277380493473        5.9302277380493473     
   5.9836043495842803        5.8549632397796572        5.8549632397796572     
   5.9078999606093809        5.7806539112981152        5.7806539112981152     
   5.8331533213216247        5.7072876380235185        5.7072876380235185     
   5.7593523220718152        5.6348524581662680        5.6348524581662680     
   5.6864850055044842        5.5633365609022674        5.5633365609022674     
   5.6145395647383065        5.4927282845567209        5.4927282845567209     
   5.5435043415570098        5.4230161147992764        5.4230161147992764     
   5.4733678246121116        5.3541886828517331        5.3541886828517331     
   5.4041186476386249        5.2862347637093752        5.2862347637093752     
   5.3357455876847206        5.2191432743768278        5.2191432743768278     
   5.2682375633561511        5.1529032721191852        5.1529032721191852     
   5.2015836330761678        5.0875039527290724        5.0875039527290724     
   5.1357729933615035        5.0229346488101489        5.0229346488101489     
   5.0707949771149190        4.9591848280775208        4.9591848280775208     
   5.0066390519347115        4.8962440916754018        4.8962440916754018     
   4.9432948184415197        4.8341021725123117        4.8341021725123117     
   4.8807520086226761        4.7727489336140598        4.7727489336140598     
   4.8190004841943184        4.7121743664946436        4.7121743664946436     
   4.7580302349813888        4.6523685895452163        4.6523685895452163     
   4.6978313773156550        4.5933218464411842        4.5933218464411842     
   4.6383941524517791        4.5350245045674855        4.5350245045674855     
   4.5797089250014995        4.4774670534620462        4.4774670534620462     
   4.5217661813858889        4.4206401032774085        4.4206401032774085     
   4.4645565283056952        4.3645343832604713        4.3645343832604713     
   4.4080706912296810        4.3091407402502968        4.3091407402502968     
   4.3522995129009177        4.2544501371938832        4.2544501371938832     
   4.2972339518609219        4.2004536516798092        4.2004536516798092     
   4.2428650809915514        4.1471424744896410        4.1471424744896410     
   4.1891840860745280        4.0945079081669684        4.0945079081669684     
   4.1361822643684656        4.0425413656039417        4.0425413656039417     
   4.0838510232032670        3.9912343686451592        3.9912343686451592     
   4.0321818785917483        3.9405785467087608        3.9405785467087608     
   3.9811664538583189        3.8905656354245610        3.8905656354245610     
   3.9307964782845892        3.8411874752890687        3.8411874752890687     
   3.8810637857717163        3.7924360103372141        3.7924360103372141     
   3.8319603135193359        3.7443032868306299        3.7443032868306299     
   3.7834781007209100        3.6967814519622944        3.6967814519622944     
   3.7356092872753051        3.6498627525773735        3.6498627525773735     
   3.6883461125144472        3.6035395339100855        3.6035395339100855     
   3.6416809139468573        3.5578042383364008        3.5578042383364008     
   3.5956061260169072        3.5126494041424063        3.5126494041424063     
   3.5501142788796054        3.4680676643081529        3.4680676643081529     
   3.5051979971907441        3.4240517453068100        3.4240517453068100     
   3.4608499989122272        3.3805944659189389        3.3805944659189389     
   3.4170630941324003        3.3376887360617173        3.3376887360617173     
   3.3738301839012084        3.2953275556329342        3.2953275556329342     
   3.3311442590799998        3.2535040133695747        3.2535040133695747     
   3.2889983992058136        3.2122112857208176        3.2122112857208176     
   3.2473857713699590        3.1714426357352843        3.1714426357352843     
   3.2062996291107315        3.1311914119623450        3.1311914119623450     
   3.1657333113200781        3.0914510473673298        3.0914510473673298     
   3.1256802411640523        3.0522150582604577        3.0522150582604577     
   3.0861339250168851        3.0134770432393299        3.0134770432393299     
   3.0470879514085079        2.9752306821448018        2.9752306821448018     
   3.0085359899853565        2.9374697350300862        2.9374697350300862     
   2.9704717904842943        2.9001880411429108        2.9001880411429108     
   2.9328891817194944        2.8633795179205701        2.8633795179205701     
   2.8957820705821158        2.8270381599977128        2.8270381599977128     
   2.8591444410526190        2.7911580382267061        2.7911580382267061     
   2.8229703532255535        2.7557332987104139        2.7557332987104139     
   2.7872539423466773        2.7207581618472414        2.7207581618472414     
   2.7519894178622413        2.6862269213882817        2.6862269213882817     
   2.7171710624802867        2.6521339435064268        2.6521339435064268     
   2.6827932312438145        2.6184736658772718        2.6184736658772718     
   2.6488503506156689        2.5852405967716874        2.5852405967716874     
   2.6153369175749908        2.5524293141598950        2.5524293141598950     
   2.5822474987250952        2.5200344648269066        2.5200344648269066     
   2.5495767294126308        2.4880507634991886        2.4880507634991886     
   2.5173193128578775        2.4564729919824022        2.4564729919824022     
   2.4854700192960424        2.4252959983100837        2.4252959983100837     
   2.4540236851294157        2.3945146959031227        2.3945146959031227     
   2.4229752120902508        2.3641240627399123        2.3641240627399123     
   2.3923195664142312        2.3341191405370196        2.3341191405370196     
   2.3620517780243899        2.3044950339402566        2.3044950339402566     
   2.3321669397253562        2.2752469097260146        2.2752469097260146     
   2.3026602064077890        2.2463699960127355        2.2463699960127355     
   2.2735267942628772        2.2178595814823825        2.2178595814823825     
   2.2447619800067757        2.1897110146117988        2.1897110146117988     
   2.2163611001148502        2.1619197029138113        2.1619197029138113     
   2.1883195500656134        2.1344811121879719        2.1344811121879719     
   2.1606327835942185        2.1073907657808042        2.1073907657808042     
   2.1332963119554056        2.0806442438554376        2.0806442438554376     
   2.1063057031957650        2.0542371826705090        2.0542371826705090     
   2.0796565814352093        2.0281652738682210        2.0281652738682210     
   2.0533446261575370        2.0024242637714278        2.0024242637714278     
   2.0273655715099692        1.9770099526896474        1.9770099526896474     
   2.0017152056115504        1.9519181942338797        1.9519181942338797     
   1.9763893698702948        1.9271448946401184        1.9271448946401184     
   1.9513839583089760        1.9026860121014508        1.9026860121014508     
   1.9266949168994452        1.8785375561086328        1.8785375561086328     
   1.9023182429053691        1.8546955867990329        1.8546955867990329     
   1.8782499842332865        1.8311562143138393        1.8311562143138393     
   1.8544862387918719        1.8079155981634245        1.8079155981634245     
   1.8310231538593083        1.7849699466007654        1.7849699466007654     
   1.8078569254586616        1.7623155160028137        1.7623155160028137     
   1.7849837977411593        1.7399486102597193        1.7399486102597193     
   1.7624000623772709        1.7178655801718050        1.7178655801718050     
   1.7401020579554922        1.6960628228541943        1.6960628228541943     
   1.7180861693887366        1.6745367811489948        1.6745367811489948     
   1.6963488273282357        1.6532839430449435        1.6532839430449435     
   1.6748865075848562        1.6323008411044160        1.6323008411044160     
   1.6536957305577389        1.6115840518977091        1.6115840518977091     
   1.6327730606701631        1.5911301954445027        1.5911301954445027     
   1.6121151058125536        1.5709359346624112        1.5709359346624112     
   1.5917185167925298        1.5509979748225327        1.5509979748225327     
   1.5715799867919160        1.5313130630119074        1.5313130630119074     
   1.5516962508306196        1.5118779876028026        1.5118779876028026     
   1.5320640852372944        1.4926895777287270        1.4926895777287270     
   1.5126803071266988        1.4737447027671016        1.4737447027671016     
   0.0000000000000000     
  0.20000000000000001     
  0.40000000000000002     
  0.60000000000000009     
  0.80000000000000004     
   1.0000000000000000     
   1.2000000000000000     
   1.3999999999999999     
   1.5999999999999999     
   1.7999999999999998     
   1.9999999999999998     
   2.1999999999999997     
   2.3999999999999999     
   2.6000000000000001     
   2.8000000000000003     
   3.0000000000000004     
   3.2000000000000006     
   3.4000000000000008     
   3.6000000000000010     
   3.8000000000000012     
   4.0000000000000009     
   4.2000000000000011     
   4.4000000000000012     
   4.6000000000000014     
   4.8000000000000016     
   5.0000000000000018     
   5.2000000000000020     
   5.4000000000000021     
   5.6000000000000023     
   5.8000000000000025     
   6.0000000000000027     
   6.2000000000000028     
   6.4000000000000030     
   6.6000000000000032     
   6.8000000000000034     
   7.0000000000000036     
   7.2000000000000037     
   7.4000000000000039     
   7.6000000000000041     
   7.8000000000000043     
   8.0000000000000036     
   8.2000000000000028     
   8.4000000000000021     
   8.6000000000000014     
   8.8000000000000007     
   9.0000000000000000     
   9.1999999999999993     
   9.3999999999999986     
   9.5999999999999979     
   9.7999999999999972     
   9.9999999999999964     
   10.199999999999996     
   10.399999999999995     
   10.599999999999994     
   10.799999999999994     
   10.999999999999993     
   11.199999999999992     
   11.399999999999991     
   11.599999999999991     
   11.799999999999990     
   11.999999999999989     
   12.199999999999989     
   12.399999999999988     
   12.599999999999987     
   12.799999999999986     
   12.999999999999986     
   13.199999999999985     
   13.399999999999984     
   13.599999999999984     
   13.799999999999983     
   13.999999999999982     
   14.199999999999982     
   14.399999999999981     
   14.599999999999980     
   14.799999999999979     
   14.999999999999979     
   15.199999999999978     
   15.399999999999977     
   15.599999999999977     
   15.799999999999976     
   15.999999999999975     
   16.199999999999974     
   16.399999999999974     
   16.599999999999973     
   16.799999999999972     
   16.999999999999972     
   17.199999999999971     
   17.399999999999970     
   17.599999999999969     
   17.799999999999969     
   17.999999999999968     
   18.199999999999967     
   18.399999999999967     
   18.599999999999966     
   18.799999999999965     
   18.999999999999964     
   19.199999999999964     
   19.399999999999963     
   19.599999999999962     
   19.799999999999962     
   19.999999999999961     
   20.199999999999960     
   20.399999999999959     
   20.599999999999959     
   20.799999999999958     
   20.999999999999957     
   21.199999999999957     
   21.399999999999956     
   21.599999999999955     
   21.799999999999955     
   21.999999999999954     
   22.199999999999953     
   22.399999999999952     
   22.599999999999952     
   22.799999999999951     
   22.999999999999950     
   23.199999999999950     
   23.399999999999949     
   23.599999999999948     
   23.799999999999947     
   23.999999999999947     
   24.199999999999946     
   24.399999999999945     
   24.599999999999945     
   24.799999999999944     
   24.999999999999943     
   25.199999999999942     
   25.399999999999942     
   25.599999999999941     
   25.799999999999940     
   25.999999999999940     
   26.199999999999939     
   26.399999999999938     
   26.599999999999937     
   26.799999999999937     
   26.999999999999936     
   27.199999999999935     
   27.399999999999935     
   27.599999999999934     
   27.799999999999933     
   27.999999999999932     
   28.199999999999932     
   28.399999999999931     
   28.599999999999930     
   28.799999999999930     
   28.999999999999929     
   29.199999999999928     
   29.399999999999928     
   29.599999999999927     
   29.799999999999926     
   29.999999999999925     
   30.199999999999925     
   30.399999999999924     
   30.599999999999923     
   30.799999999999923     
   30.999999999999922     
   31.199999999999921     
   31.399999999999920     
   31.599999999999920     
   31.799999999999919     
   31.999999999999918     
   32.199999999999918     
   32.399999999999920     
   32.599999999999923     
   32.799999999999926     
   32.999999999999929     
   33.199999999999932     
   33.399999999999935     
   33.599999999999937     
   33.799999999999940     
   33.999999999999943     
   34.199999999999946     
   34.399999999999949     
   34.599999999999952     
   34.799999999999955     
   34.999999999999957     
   35.199999999999960     
   35.399999999999963     
   35.599999999999966     
   35.799999999999969     
   35.999999999999972     
   36.199999999999974     
   36.399999999999977     
   36.599999999999980     
   36.799999999999983     
   36.999999999999986     
   37.199999999999989     
   37.399999999999991     
   37.599999999999994     
   37.799999999999997     
   38.000000000000000     
   38.200000000000003     
   38.400000000000006     
   38.600000000000009     
   38.800000000000011     
   39.000000000000014     
   39.200000000000017     
   39.400000000000020     
   39.600000000000023     
   39.800000000000026     
   40.000000000000028     
   40.200000000000031     
   40.400000000000034     
   40.600000000000037     
   40.800000000000040     
   41.000000000000043     
   41.200000000000045     
   41.400000000000048     
   41.600000000000051     
   41.800000000000054     
   42.000000000000057     
   42.200000000000060     
   42.400000000000063     
   42.600000000000065     
   42.800000000000068     
   43.000000000000071     
   43.200000000000074     
   43.400000000000077     
   43.600000000000080     
   43.800000000000082     
   44.000000000000085     
   44.200000000000088     
   44.400000000000091     
   44.600000000000094     
   44.800000000000097     
   45.000000000000099     
   45.200000000000102     
   45.400000000000105     
   45.600000000000108     
   45.800000000000111     
   46.000000000000114     
   46.200000000000117     
   46.400000000000119     
   46.600000000000122     
   46.800000000000125     
   47.000000000000128     
   47.200000000000131     
   47.400000000000134     
   47.600000000000136     
   47.800000000000139     
   48.000000000000142     
   48.200000000000145     
   48.400000000000148     
   48.600000000000151     
   48.800000000000153     
   49.000000000000156     
   49.200000000000159     
   49.400000000000162     
   49.600000000000165     
   49.800000000000168     
   50.000000000000171     
   50.200000000000173     
   50.400000000000176     
   50.600000000000179     
   50.800000000000182     
   51.000000000000185     
   51.200000000000188     
   51.400000000000190     
   51.600000000000193     
   51.800000000000196     
   52.000000000000199     
   52.200000000000202     
   52.400000000000205     
   52.600000000000207     
   52.800000000000210     
   53.000000000000213     
   53.200000000000216     
   53.400000000000219     
   53.600000000000222     
   53.800000000000225     
   54.000000000000227     
   54.200000000000230     
   54.400000000000233     
   54.600000000000236     
   54.800000000000239     
   55.000000000000242     
   55.200000000000244     
   55.400000000000247     
   55.600000000000250     
   55.800000000000253     
   56.000000000000256     
   56.200000000000259     
   56.400000000000261     
   56.600000000000264     
   56.800000000000267     
   57.000000000000270     
   57.200000000000273     
   57.400000000000276     
   57.600000000000279     
   57.800000000000281     
   58.000000000000284     
   58.200000000000287     
   58.400000000000290     
   58.600000000000293     
   58.800000000000296     
   59.000000000000298     
   59.200000000000301     
   59.400000000000304     
   59.600000000000307     
   59.800000000000310     
   60.000000000000313     
   60.200000000000315     
   60.400000000000318     
   60.600000000000321     
   60.800000000000324     
   61.000000000000327     
   61.200000000000330     
   61.400000000000333     
   61.600000000000335     
   61.800000000000338     
   62.000000000000341     
   62.200000000000344     
   62.400000000000347     
   62.600000000000350     
   62.800000000000352     
   63.000000000000355     
   63.200000000000358     
   63.400000000000361     
   63.600000000000364     
   63.800000000000367     
   64.000000000000369     
   64.200000000000372     
   64.400000000000375     
   64.600000000000378     
   64.800000000000381     
   65.000000000000384     
   65.200000000000387     
   65.400000000000389     
   65.600000000000392     
   65.800000000000395     
   66.000000000000398     
   66.200000000000401     
   66.400000000000404     
   66.600000000000406     
   66.800000000000409     
   67.000000000000412     
   67.200000000000415     
   67.400000000000418     
   67.600000000000421     
   67.800000000000423     
   68.000000000000426     
   68.200000000000429     
   68.400000000000432     
   68.600000000000435     
   68.800000000000438     
   69.000000000000441     
   69.200000000000443     
   69.400000000000446     
   69.600000000000449     
   69.800000000000452     
   70.000000000000455     
   70.200000000000458     
   70.400000000000460     
   70.600000000000463     
   70.800000000000466     
   71.000000000000469     
   71.200000000000472     
   71.400000000000475     
   71.600000000000477     
   71.800000000000480     
   72.000000000000483     
   72.200000000000486     
   72.400000000000489     
   72.600000000000492     
   72.800000000000495     
   73.000000000000497     
   73.200000000000500     
   73.400000000000503     
   73.600000000000506     
   73.800000000000509     
   74.000000000000512     
   74.200000000000514     
   74.400000000000517     
   74.600000000000520     
   74.800000000000523     
   75.000000000000526     
   75.200000000000529     
   75.400000000000531     
   75.600000000000534     
   75.800000000000537     
   76.000000000000540     
   76.200000000000543     
   76.400000000000546     
   76.600000000000549     
   76.800000000000551     
   77.000000000000554     
   77.200000000000557     
   77.400000000000560     
   77.600000000000563     
   77.800000000000566     
   78.000000000000568     
   78.200000000000571     
   78.400000000000574     
   78.600000000000577     
   78.800000000000580     
   79.000000000000583     
   79.200000000000585     
   79.400000000000588     
   79.600000000000591     
   79.800000000000594     
   80.000000000000597     
   80.200000000000600     
   80.400000000000603     
   80.600000000000605     
   80.800000000000608     
   81.000000000000611     
   81.200000000000614     
   81.400000000000617     
   81.600000000000620     
   81.800000000000622     
   82.000000000000625     
   82.200000000000628     
   82.400000000000631     
   82.600000000000634     
   82.800000000000637     
   83.000000000000639     
   83.200000000000642     
   83.400000000000645     
   83.600000000000648     
   83.800000000000651     
   84.000000000000654     
   84.200000000000657     
   84.400000000000659     
   84.600000000000662     
   84.800000000000665     
   85.000000000000668     
   85.200000000000671     
   85.400000000000674     
   85.600000000000676     
   85.800000000000679     
   86.000000000000682     
   86.200000000000685     
   86.400000000000688     
   86.600000000000691     
   86.800000000000693     
   87.000000000000696     
   87.200000000000699     
   87.400000000000702     
   87.600000000000705     
   87.800000000000708     
   88.000000000000711     
   88.200000000000713     
   88.400000000000716     
   88.600000000000719     
   88.800000000000722     
   89.000000000000725     
   89.200000000000728     
   89.400000000000730     
   89.600000000000733     
   89.800000000000736     
   90.000000000000739     
   90.200000000000742     
   90.400000000000745     
   90.600000000000747     
   90.800000000000750     
   91.000000000000753     
   91.200000000000756     
   91.400000000000759     
   91.600000000000762     
   91.800000000000765     
   92.000000000000767     
   92.200000000000770     
   92.400000000000773     
   92.600000000000776     
   92.800000000000779     
   93.000000000000782     
   93.200000000000784     
   93.400000000000787     
   93.600000000000790     
   93.800000000000793     
   94.000000000000796     
   94.200000000000799     
   94.400000000000801     
   94.600000000000804     
   94.800000000000807     
   95.000000000000810     
   95.200000000000813     
   95.400000000000816     
   95.600000000000819     
   95.800000000000821     
   96.000000000000824     
   96.200000000000827     
   96.400000000000830     
   96.600000000000833     
   96.800000000000836     
   97.000000000000838     
   97.200000000000841     
   97.400000000000844     
   97.600000000000847     
   97.800000000000850     
   98.000000000000853     
   98.200000000000855     
   98.400000000000858     
   98.600000000000861     
   98.800000000000864     
   99.000000000000867     
   99.200000000000870     
   99.400000000000873     
   99.600000000000875     
   99.800000000000878     
   100.00000000000088     
   100.20000000000088     
   100.40000000000089     
   100.60000000000089     
   100.80000000000089     
   101.00000000000090     
   101.20000000000090     
   101.40000000000090     
   101.60000000000090     
   101.80000000000091     
   102.00000000000091     
   102.20000000000091     
   102.40000000000092     
   102.60000000000092     
   102.80000000000092     
   103.00000000000092     
   103.20000000000093     
   103.40000000000093     
   103.60000000000093     
   103.80000000000094     
   104.00000000000094     
   104.20000000000094     
   104.40000000000094     
   104.60000000000095     
   104.80000000000095     
   105.00000000000095     
   105.20000000000095     
   105.40000000000096     
   105.60000000000096     
   105.80000000000096     
   106.00000000000097     
   106.20000000000097     
   106.40000000000097     
   106.60000000000097     
   106.80000000000098     
   107.00000000000098     
   107.20000000000098     
   107.40000000000099     
   107.60000000000099     
   107.80000000000099     
   108.00000000000099     
   108.20000000000100     
   108.40000000000100     
   108.60000000000100     
   108.80000000000101     
   109.00000000000101     
   109.20000000000101     
   109.40000000000101     
   109.60000000000102     
   109.80000000000102     
   110.00000000000102     
   110.20000000000103     
   110.40000000000103     
   110.60000000000103     
   110.80000000000103     
   111.00000000000104     
   111.20000000000104     
   111.40000000000104     
   111.60000000000105     
   111.80000000000105     
   112.00000000000105     
   112.20000000000105     
   112.40000000000106     
   112.60000000000106     
   112.80000000000106     
   113.00000000000107     
   113.20000000000107     
   113.40000000000107     
   113.60000000000107     
   113.80000000000108     
   114.00000000000108     
   114.20000000000108     
   114.40000000000109     
   114.60000000000109     
   114.80000000000109     
   115.00000000000109     
   115.20000000000110     
   115.40000000000110     
   115.60000000000110     
   115.80000000000111     
   116.00000000000111     
   116.20000000000111     
   116.40000000000111     
   116.60000000000112     
   116.80000000000112     
   117.00000000000112     
   117.20000000000113     
   117.40000000000113     
   117.60000000000113     
   117.80000000000113     
   118.00000000000114     
   118.20000000000114     
   118.40000000000114     
   118.60000000000115     
   118.80000000000115     
   119.00000000000115     
   119.20000000000115     
   119.40000000000116     
   119.60000000000116     
   119.80000000000116     
   120.00000000000117     
   120.20000000000117     
   120.40000000000117     
   120.60000000000117     
   120.80000000000118     
   121.00000000000118     
   121.20000000000118     
   121.40000000000119     
   121.60000000000119     
   121.80000000000119     
   122.00000000000119     
   122.20000000000120     
   122.40000000000120     
   122.60000000000120     
   122.80000000000121     
   123.00000000000121     
   123.20000000000121     
   123.40000000000121     
   123.60000000000122     
   123.80000000000122     
   124.00000000000122     
   124.20000000000122     
   124.40000000000123     
   124.60000000000123     
   124.80000000000123     
   125.00000000000124     
   125.20000000000124     
   125.40000000000124     
   125.60000000000124     
   125.80000000000125     
   126.00000000000125     
   126.20000000000125     
   126.40000000000126     
   126.60000000000126     
   126.80000000000126     
   127.00000000000126     
   127.20000000000127     
   127.40000000000127     
   127.60000000000127     
   127.80000000000128     
   128.00000000000128     
   128.20000000000127     
   128.40000000000126     
   128.60000000000124     
   128.80000000000123     
   129.00000000000122     
   129.20000000000121     
   129.40000000000120     
   129.60000000000119     
   129.80000000000118     
   130.00000000000117     
   130.20000000000115     
   130.40000000000114     
   130.60000000000113     
   130.80000000000112     
   131.00000000000111     
   131.20000000000110     
   131.40000000000109     
   131.60000000000107     
   131.80000000000106     
   132.00000000000105     
   132.20000000000104     
   132.40000000000103     
   132.60000000000102     
   132.80000000000101     
   133.00000000000099     
   133.20000000000098     
   133.40000000000097     
   133.60000000000096     
   133.80000000000095     
   134.00000000000094     
   134.20000000000093     
   134.40000000000092     
   134.60000000000090     
   134.80000000000089     
   135.00000000000088     
   135.20000000000087     
   135.40000000000086     
   135.60000000000085     
   135.80000000000084     
   136.00000000000082     
   136.20000000000081     
   136.40000000000080     
   136.60000000000079     
   136.80000000000078     
   137.00000000000077     
   137.20000000000076     
   137.40000000000074     
   137.60000000000073     
   137.80000000000072     
   138.00000000000071     
   138.20000000000070     
   138.40000000000069     
   138.60000000000068     
   138.80000000000067     
   139.00000000000065     
   139.20000000000064     
   139.40000000000063     
   139.60000000000062     
   139.80000000000061     
   140.00000000000060     
   140.20000000000059     
   140.40000000000057     
   140.60000000000056     
   140.80000000000055     
   141.00000000000054     
   141.20000000000053     
   141.40000000000052     
   141.60000000000051     
   141.80000000000049     
   142.00000000000048     
   142.20000000000047     
   142.40000000000046     
   142.60000000000045     
   142.80000000000044     
   143.00000000000043     
   143.20000000000041     
   143.40000000000040     
   143.60000000000039     
   143.80000000000038     
   144.00000000000037     
   144.20000000000036     
   144.40000000000035     
   144.60000000000034     
   144.80000000000032     
   145.00000000000031     
   145.20000000000030     
   145.40000000000029     
   145.60000000000028     
   145.80000000000027     
   146.00000000000026     
   146.20000000000024     
   146.40000000000023     
   146.60000000000022     
   146.80000000000021     
   147.00000000000020     
   147.20000000000019     
   147.40000000000018     
   147.60000000000016     
   147.80000000000015     
   148.00000000000014     
   148.20000000000013     
   148.40000000000012     
   148.60000000000011     
   148.80000000000010     
   149.00000000000009     
   149.20000000000007     
   149.40000000000006     
   149.60000000000005     
   149.80000000000004     
   150.00000000000003     
   150.20000000000002     
   150.40000000000001     
   150.59999999999999     
   150.79999999999998     
   150.99999999999997     
   151.19999999999996     
   151.39999999999995     
   151.59999999999994     
   151.79999999999993     
   151.99999999999991     
   152.19999999999990     
   152.39999999999989     
   152.59999999999988     
   152.79999999999987     
   152.99999999999986     
   153.19999999999985     
   153.39999999999984     
   153.59999999999982     
   153.79999999999981     
   153.99999999999980     
   154.19999999999979     
   154.39999999999978     
   154.59999999999977     
   154.79999999999976     
   154.99999999999974     
   155.19999999999973     
   155.39999999999972     
   155.59999999999971     
   155.79999999999970     
   155.99999999999969     
   156.19999999999968     
   156.39999999999966     
   156.59999999999965     
   156.79999999999964     
   156.99999999999963     
   157.19999999999962     
   157.39999999999961     
   157.59999999999960     
   157.79999999999959     
   157.99999999999957     
   158.19999999999956     
   158.39999999999955     
   158.59999999999954     
   158.79999999999953     
   158.99999999999952     
   159.19999999999951     
   159.39999999999949     
   159.59999999999948     
   159.79999999999947     
   159.99999999999946     
   160.19999999999945     
   160.39999999999944     
   160.59999999999943     
   160.79999999999941     
   160.99999999999940     
   161.19999999999939     
   161.39999999999938     
   161.59999999999937     
   161.79999999999936     
   161.99999999999935     
   162.19999999999933     
   162.39999999999932     
   162.59999999999931     
   162.79999999999930     
   162.99999999999929     
   163.19999999999928     
   163.39999999999927     
   163.59999999999926     
   163.79999999999924     
   163.99999999999923     
   164.19999999999922     
   164.39999999999921     
   164.59999999999920     
   164.79999999999919     
   164.99999999999918     
   165.19999999999916     
   165.39999999999915     
   165.59999999999914     
   165.79999999999913     
   165.99999999999912     
   166.19999999999911     
   166.39999999999910     
   166.59999999999908     
   166.79999999999907     
   166.99999999999906     
   167.19999999999905     
   167.39999999999904     
   167.59999999999903     
   167.79999999999902     
   167.99999999999901     
   6.9687594545698666        6.8222889705572847        6.8222889705572847     
   6.5389382167757608        6.4002141882582739        6.4002141882582739     
   7.2636087040395676        7.1923907420322326        7.1923907420322326     
   20.179645756097788        19.851397339314786        19.851397339314786     
   17.862928328968991        17.546332447620753        17.546332447620753     
   14.923761015495112        14.646550253977225        14.646550253977225     
   6.9713853025811865        6.8248016632958448        6.8248016632958448     
  0.62087645824613047        6.3663931988997335E-002   30.000585035199300        1.9062072845463645     
  0.62400000000000044        6.3864999999999950E-002   30.449999999999999        1.9000000000000010     
  0.62400000000000044        6.3864999999999950E-002   30.449999999999999        1.9000000000000010     
