  icycle     fobj1          gamma          res     grid points (start and end)
    1     -15.075283       4.545455      0.20000     20011    1
    2     -14.774346       3.787879      0.20000         8    1
    3     -14.426589       3.787879      0.20000         8    1
    4     -14.426589       3.787879      0.10000         8    1
    5     -14.426589       3.443526      0.05000         8    1
    6     -14.397546       3.443526      0.05000         8    1
    7     -14.397546       3.443526      0.02500         8    1
    8     -14.369593       3.443526      0.01250         8    1
    9     -14.365949       3.529614      0.01250         8    1
   10     -14.360393       3.529614      0.01250         8    1
   11     -14.358281       3.529614      0.01250         8    1
   12     -14.356753       3.529614      0.01250         8    1
   13     -14.355754       3.494668      0.01250         8    1
   14     -14.355161       3.494668      0.01250         8    1
   15     -14.355075       3.494668      0.01250         8    1
   16     -14.355066       3.494668      0.00625         9    1
   17     -14.346288       3.494668      0.00313         9    1
   18     -14.343752       3.494668      0.00313         9    1
   19     -14.338626       3.494668      0.00313         9    1
   20     -14.338547       3.494668      0.00313         9    1
   21     -14.337095       3.494668      0.00156         9    1
   22     -14.334206       3.494668      0.00156         9    1
   23     -14.333816       3.494668      0.00156         9    1
   24     -14.330626       3.494668      0.00156         9    1
   25     -14.329479       3.494668      0.00156         9    1
   26     -14.327839       3.494668      0.00156         9    1
   27     -14.325916       3.494668      0.00156         9    1
   28     -14.325826       3.494668      0.00156         9    1
   29     -14.325235       3.494668      0.00078         9    1
   30     -14.324348       3.494668      0.00078         9    1
   31     -14.324077       3.494668      0.00078         9    1
   32     -14.323076       3.494668      0.00078         9    1
   33     -14.322604       3.494668      0.00078         9    1
   34     -14.322015       3.494668      0.00078         9    1
   35     -14.321340       3.494668      0.00078         9    1
   36     -14.321169       3.494668      0.00078         9    1
   37     -14.320289       3.494668      0.00078         8    1
   38     -14.320020       3.494668      0.00078         8    1
   39     -14.319946       3.494668      0.00078         8    1
   40     -14.319878       3.494668      0.00039         8    1
   41     -14.319859       3.494668      0.00020         8    1
 res set to .2  checkbig=   1.0000000000000000E+030
   42     -14.319859       3.494668      0.20000         8    1
   43     -14.319859       3.494668      0.10000         8    1
   44     -14.318722       3.494668      0.05000         8    1
   45     -14.318722       3.494668      0.05000         8    1
   46     -14.318262       3.494668      0.02500         8    1
   47     -14.318262       3.494668      0.02500         8    1
   48     -14.318210       3.494668      0.01250         8    1
   49     -14.318169       3.494668      0.00625         8    1
   50     -14.318169       3.494668      0.00313         8    1
   51     -14.317606       3.494668      0.00156         8    1
   52     -14.317427       3.494668      0.00156         8    1
   53     -14.317299       3.494668      0.00156         8    1
   54     -14.317180       3.494668      0.00156         8    1
   55     -14.317069       3.494668      0.00156         8    1
   56     -14.316966       3.494668      0.00156         8    1
   57     -14.316873       3.494668      0.00156         8    1
   58     -14.316701       3.494668      0.00078         8    1
   59     -14.316669       3.494668      0.00078         8    1
   60     -14.316653       3.494668      0.00039         8    1
   61     -14.316623       3.494668      0.00020         8    1
 res set to .2  checkbig=   3.2356718210024837E-003
