  SUBJECT NO.     1

 COL. 1. = PREDICTION TIMES
 COL. 2. = PRED. VALUES FOR OUTPUT EQ. 1, BASED ON POSTERIOR MEANS
 COL. 3. = PRED. VALUES FOR OUTPUT EQ. 1, BASED ON POSTERIOR MEDIANS
 COL. 4. = PRED. VALUES FOR OUTPUT EQ. 1, BASED ON POSTERIOR MODES
 EACH ADDITIONAL OUTPUT EQ. HAS 3 COLUMNS OF PREDICTED VALUES
 BASED, IN ORDER, ON THE POSTERIOR MEANS, MEDIANS, AND MODES: 
-------------------------------------------------------------
      0.0000            0.0000            0.0000            0.0000    
     0.20000            0.0000            0.0000            0.0000    
     0.40000            0.0000            0.0000            0.0000    
     0.60000            0.0000            0.0000            0.0000    
     0.80000            0.0000            0.0000            0.0000    
      1.0000            0.0000            0.0000            0.0000    
      1.2000            0.0000            0.0000            0.0000    
      1.4000            0.0000            0.0000            0.0000    
      1.6000            0.0000            0.0000            0.0000    
      1.8000            0.0000            0.0000            0.0000    
      2.0000            1.1280            1.1881            1.1881    
      2.2000            3.3028            3.3310            3.3310    
      2.4000            5.1945            5.1934            5.1934    
      2.6000            6.8364            6.8088            6.8088    
      2.8000            8.2582            8.2063            8.2063    
      3.0000            9.4858            9.4121            9.4121    
      3.2000            10.542            10.449            10.449    
      3.4000            11.448            11.337            11.337    
      3.6000            12.221            12.094            12.094    
      3.8000            12.877            12.735            12.735    
      4.0000            13.430            13.275            13.275    
      4.2000            13.893            13.726            13.726    
      4.4000            14.275            14.099            14.099    
      4.6000            14.588            14.403            14.403    
      4.8000            14.839            14.646            14.646    
      5.0000            15.036            14.836            14.836    
      5.2000            15.186            14.980            14.980    
      5.4000            15.294            15.083            15.083    
      5.6000            15.366            15.150            15.150    
      5.8000            15.405            15.186            15.186    
      6.0000            15.417            15.195            15.195    
      6.2000            15.405            15.180            15.180    
      6.4000            15.371            15.144            15.144    
      6.6000            15.319            15.090            15.090    
      6.8000            15.252            15.021            15.021    
      7.0000            15.170            14.938            14.938    
      7.2000            15.076            14.844            14.844    
      7.4000            14.972            14.740            14.740    
      7.6000            14.859            14.627            14.627    
      7.8000            14.739            14.507            14.507    
      8.0000            14.612            14.380            14.380    
      8.2000            14.480            14.249            14.249    
      8.4000            14.343            14.113            14.113    
      8.6000            14.203            13.974            13.974    
      8.8000            14.060            13.832            13.832    
      9.0000            13.914            13.687            13.687    
      9.2000            13.766            13.541            13.541    
      9.4000            13.617            13.393            13.393    
      9.6000            13.467            13.244            13.244    
      9.8000            13.316            13.095            13.095    
      10.000            13.165            12.945            12.945    
      10.200            13.014            12.796            12.796    
      10.400            12.862            12.646            12.646    
      10.600            12.712            12.497            12.497    
      10.800            12.561            12.349            12.349    
      11.000            12.412            12.201            12.201    
      11.200            12.263            12.054            12.054    
      11.400            12.115            11.908            11.908    
      11.600            11.968            11.763            11.763    
      11.800            11.822            11.619            11.619    
      12.000            11.678            11.476            11.476    
      12.200            11.534            11.335            11.335    
      12.400            11.392            11.195            11.195    
      12.600            11.252            11.056            11.056    
      12.800            11.112            10.918            10.918    
      13.000            10.974            10.782            10.782    
      13.200            10.838            10.648            10.648    
      13.400            10.703            10.515            10.515    
      13.600            10.569            10.383            10.383    
      13.800            10.437            10.253            10.253    
      14.000            10.307            10.124            10.124    
      14.200            10.177            9.9967            9.9967    
      14.400            10.050            9.8709            9.8709    
      14.600            9.9236            9.7466            9.7466    
      14.800            9.7989            9.6237            9.6237    
      15.000            9.6757            9.5023            9.5023    
      15.200            9.5540            9.3823            9.3823    
      15.400            9.4337            9.2638            9.2638    
      15.600            9.3149            9.1468            9.1468    
      15.800            9.1975            9.0311            9.0311    
      16.000            9.0815            8.9169            8.9169    
      16.200            8.9670            8.8041            8.8041    
      16.400            8.8539            8.6926            8.6926    
      16.600            8.7421            8.5826            8.5826    
      16.800            8.6318            8.4739            8.4739    
      17.000            8.5228            8.3666            8.3666    
      17.200            8.4152            8.2606            8.2606    
      17.400            8.3089            8.1559            8.1559    
      17.600            8.2039            8.0525            8.0525    
      17.800            8.1002            7.9504            7.9504    
      18.000            7.9979            7.8496            7.8496    
      18.200            7.8968            7.7501            7.7501    
      18.400            7.7970            7.6518            7.6518    
      18.600            7.6984            7.5548            7.5548    
      18.800            7.6011            7.4590            7.4590    
      19.000            7.5050            7.3644            7.3644    
      19.200            7.4101            7.2710            7.2710    
      19.400            7.3164            7.1787            7.1787    
      19.600            7.2239            7.0877            7.0877    
      19.800            7.1325            6.9977            6.9977    
      20.000            7.0423            6.9090            6.9090    
      20.200            6.9532            6.8213            6.8213    
      20.400            6.8653            6.7348            6.7348    
      20.600            6.7784            6.6493            6.6493    
      20.800            6.6927            6.5649            6.5649    
      21.000            6.6080            6.4816            6.4816    
      21.200            6.5245            6.3994            6.3994    
      21.400            6.4419            6.3182            6.3182    
      21.600            6.3604            6.2380            6.2380    
      21.800            6.2800            6.1588            6.1588    
      22.000            6.2005            6.0807            6.0807    
      22.200            6.1221            6.0035            6.0035    
      22.400            6.0446            5.9273            5.9273    
      22.600            5.9682            5.8521            5.8521    
      22.800            5.8927            5.7778            5.7778    
      23.000            5.8181            5.7045            5.7045    
      23.200            5.7445            5.6321            5.6321    
      23.400            5.6718            5.5606            5.5606    
      23.600            5.6001            5.4901            5.4901    
      23.800            5.5292            5.4204            5.4204    
      24.000            5.4593            5.3516            5.3516    
      24.200            5.3902            5.2837            5.2837    
      24.400            5.3220            5.2166            5.2166    
      24.600            5.2547            5.1504            5.1504    
      24.800            5.1882            5.0851            5.0851    
      25.000            5.1226            5.0205            5.0205    
      25.200            5.0577            4.9568            4.9568    
      25.400            4.9938            4.8939            4.8939    
      25.600            4.9306            4.8318            4.8318    
      25.800            4.8682            4.7705            4.7705    
      26.000            5.9346            5.8981            5.8981    
      26.200            8.0486            7.9811            7.9811    
      26.400            9.8802            9.7845            9.7845    
      26.600            11.463            11.342            11.342    
      26.800            12.826            12.682            12.682    
      27.000            13.996            13.831            13.831    
      27.200            14.995            14.811            14.811    
      27.400            15.845            15.644            15.644    
      27.600            16.562            16.346            16.346    
      27.800            17.163            16.934            16.934    
      28.000            17.662            17.421            17.421    
      28.200            18.071            17.819            17.819    
      28.400            18.401            18.140            18.140    
      28.600            18.662            18.392            18.392    
      28.800            18.861            18.585            18.585    
      29.000            19.007            18.725            18.725    
      29.200            19.107            18.819            18.819    
      29.400            19.165            18.873            18.873    
      29.600            19.188            18.892            18.892    
      29.800            19.179            18.881            18.881    
      30.000            19.143            18.843            18.843    
      30.200            19.084            18.781            18.781    
      30.400            19.004            18.700            18.700    
      30.600            18.906            18.601            18.601    
      30.800            18.793            18.487            18.487    
      31.000            18.666            18.361            18.361    
      31.200            18.528            18.223            18.223    
      31.400            18.380            18.076            18.076    
      31.600            18.224            17.921            17.921    
      31.800            18.061            17.759            17.759    
      32.000            17.893            17.591            17.591    
      32.200            17.719            17.419            17.419    
      32.400            17.541            17.243            17.243    
      32.600            17.361            17.064            17.064    
      32.800            17.177            16.882            16.882    
      33.000            16.992            16.699            16.699    
      33.200            16.806            16.515            16.515    
      33.400            16.618            16.329            16.329    
      33.600            16.430            16.143            16.143    
      33.800            16.241            15.957            15.957    
      34.000            16.053            15.771            15.771    
      34.200            15.865            15.586            15.586    
      34.400            15.678            15.401            15.401    
      34.600            15.492            15.217            15.217    
      34.800            15.306            15.034            15.034    
      35.000            15.122            14.852            14.852    
      35.200            14.939            14.671            14.671    
      35.400            14.757            14.492            14.492    
      35.600            14.577            14.314            14.314    
      35.800            14.398            14.138            14.138    
      36.000            14.221            13.963            13.963    
      36.200            14.045            13.790            13.790    
      36.400            13.871            13.619            13.619    
      36.600            13.699            13.449            13.449    
      36.800            13.529            13.281            13.281    
      37.000            13.360            13.115            13.115    
      37.200            13.194            12.951            12.951    
      37.400            13.029            12.789            12.789    
      37.600            12.866            12.628            12.628    
      37.800            12.705            12.470            12.470    
      38.000            12.545            12.313            12.313    
      38.200            12.388            12.158            12.158    
      38.400            12.232            12.004            12.004    
      38.600            12.079            11.853            11.853    
      38.800            11.927            11.703            11.703    
      39.000            11.777            11.556            11.556    
      39.200            11.628            11.410            11.410    
      39.400            11.482            11.265            11.265    
      39.600            11.337            11.123            11.123    
      39.800            11.194            10.982            10.982    
      40.000            11.053            10.843            10.843    
      40.200            10.913            10.706            10.706    
      40.400            10.776            10.570            10.570    
      40.600            10.640            10.436            10.436    
      40.800            10.505            10.304            10.304    
      41.000            10.373            10.174            10.174    
      41.200            10.241            10.045            10.045    
      41.400            10.112            9.9173            9.9173    
      41.600            9.9843            9.7916            9.7916    
      41.800            9.8581            9.6675            9.6675    
      42.000            9.7335            9.5449            9.5449    
      42.200            9.6105            9.4239            9.4239    
      42.400            9.4890            9.3043            9.3043    
      42.600            9.3690            9.1863            9.1863    
      42.800            9.2505            9.0698            9.0698    
      43.000            9.1336            8.9548            8.9548    
      43.200            9.0181            8.8412            8.8412    
      43.400            8.9040            8.7290            8.7290    
      43.600            8.7914            8.6182            8.6182    
      43.800            8.6802            8.5089            8.5089    
      44.000            8.5704            8.4009            8.4009    
      44.200            8.4620            8.2943            8.2943    
      44.400            8.3550            8.1891            8.1891    
      44.600            8.2493            8.0852            8.0852    
      44.800            8.1450            7.9826            7.9826    
      45.000            8.0419            7.8813            7.8813    
      45.200            7.9402            7.7813            7.7813    
      45.400            7.8397            7.6825            7.6825    
      45.600            7.7406            7.5850            7.5850    
      45.800            7.6426            7.4888            7.4888    
      46.000            7.5460            7.3938            7.3938    
      46.200            7.4505            7.2999            7.2999    
      46.400            7.3562            7.2073            7.2073    
      46.600            7.2632            7.1158            7.1158    
      46.800            7.1713            7.0255            7.0255    
      47.000            7.0806            6.9363            6.9363    
      47.200            6.9910            6.8483            6.8483    
      47.400            6.9025            6.7614            6.7614    
      47.600            6.8152            6.6756            6.6756    
      47.800            6.7290            6.5909            6.5909    
      48.000            6.6439            6.5072            6.5072    
      48.200            6.5598            6.4246            6.4246    
      48.400            6.4768            6.3431            6.3431    
      48.600            6.3949            6.2626            6.2626    
      48.800            6.3140            6.1831            6.1831    
      49.000            6.2341            6.1046            6.1046    
      49.200            6.1552            6.0272            6.0272    
      49.400            6.0773            5.9507            5.9507    
      49.600            6.0004            5.8751            5.8751    
      49.800            5.9245            5.8006            5.8006    
      50.000            6.9775            6.9151            6.9151    
      50.200            9.0783            8.9852            8.9852    
      50.400            10.897            10.776            10.776    
      50.600            12.467            12.320            12.320    
      50.800            13.817            13.648            13.648    
      51.000            14.975            14.785            14.785    
      51.200            15.962            15.753            15.753    
      51.400            16.799            16.574            16.574    
      51.600            17.504            17.264            17.264    
      51.800            18.093            17.840            17.840    
      52.000            18.580            18.316            18.316    
      52.200            18.978            18.703            18.703    
      52.400            19.296            19.012            19.012    
      52.600            19.545            19.254            19.254    
      52.800            19.734            19.435            19.435    
      53.000            19.869            19.565            19.565    
      53.200            19.957            19.648            19.648    
      53.400            20.005            19.692            19.692    
      53.600            20.017            19.700            19.700    
      53.800            19.998            19.679            19.679    
      54.000            19.952            19.630            19.630    
      54.200            19.882            19.559            19.559    
      54.400            19.792            19.468            19.468    
      54.600            19.684            19.359            19.359    
      54.800            19.561            19.236            19.236    
      55.000            19.425            19.100            19.100    
      55.200            19.277            18.953            18.953    
      55.400            19.120            18.796            18.796    
      55.600            18.954            18.632            18.632    
      55.800            18.782            18.461            18.461    
      56.000            18.604            18.284            18.284    
      56.200            18.422            18.103            18.103    
      56.400            18.235            17.919            17.919    
      56.600            18.046            17.731            17.731    
      56.800            17.854            17.541            17.541    
      57.000            17.660            17.350            17.350    
      57.200            17.465            17.157            17.157    
      57.400            17.269            16.963            16.963    
      57.600            17.073            16.769            16.769    
      57.800            16.876            16.575            16.575    
      58.000            16.680            16.381            16.381    
      58.200            16.484            16.188            16.188    
      58.400            16.289            15.996            15.996    
      58.600            16.095            15.804            15.804    
      58.800            15.902            15.613            15.613    
      59.000            15.710            15.424            15.424    
      59.200            15.519            15.236            15.236    
      59.400            15.330            15.050            15.050    
      59.600            15.143            14.865            14.865    
      59.800            14.957            14.682            14.682    
      60.000            14.772            14.500            14.500    
      60.200            14.590            14.320            14.320    
      60.400            14.409            14.142            14.142    
      60.600            14.230            13.966            13.966    
      60.800            14.053            13.792            13.792    
      61.000            13.878            13.619            13.619    
      61.200            13.705            13.449            13.449    
      61.400            13.534            13.280            13.280    
      61.600            13.364            13.113            13.113    
      61.800            13.197            12.948            12.948    
      62.000            13.031            12.785            12.785    
      62.200            12.868            12.624            12.624    
      62.400            12.706            12.465            12.465    
      62.600            12.546            12.308            12.308    
      62.800            12.388            12.152            12.152    
      63.000            12.232            11.999            11.999    
      63.200            12.078            11.847            11.847    
      63.400            11.926            11.697            11.697    
      63.600            11.776            11.550            11.550    
      63.800            11.627            11.403            11.403    
      64.000            11.481            11.259            11.259    
      64.200            11.336            11.117            11.117    
      64.400            11.193            10.976            10.976    
      64.600            11.051            10.837            10.837    
      64.800            10.912            10.699            10.699    
      65.000            10.774            10.564            10.564    
      65.200            10.638            10.430            10.430    
      65.400            10.503            10.298            10.298    
      65.600            10.371            10.167            10.167    
      65.800            10.240            10.038            10.038    
      66.000            10.110            9.9110            9.9110    
      66.200            9.9823            9.7853            9.7853    
      66.400            9.8561            9.6612            9.6612    
      66.600            9.7315            9.5386            9.5386    
      66.800            9.6084            9.4176            9.4176    
      67.000            9.4869            9.2982            9.2982    
      67.200            9.3670            9.1802            9.1802    
      67.400            9.2485            9.0638            9.0638    
      67.600            9.1315            8.9488            8.9488    
      67.800            9.0160            8.8352            8.8352    
      68.000            8.9020            8.7231            8.7231    
      68.200            8.7894            8.6124            8.6124    
      68.400            8.6782            8.5032            8.5032    
      68.600            8.5685            8.3953            8.3953    
      68.800            8.4601            8.2887            8.2887    
      69.000            8.3530            8.1835            8.1835    
      69.200            8.2474            8.0797            8.0797    
      69.400            8.1430            7.9772            7.9772    
      69.600            8.0400            7.8759            7.8759    
      69.800            7.9383            7.7760            7.7760    
      70.000            7.8379            7.6773            7.6773    
      70.200            7.7387            7.5799            7.5799    
      70.400            7.6408            7.4837            7.4837    
      70.600            7.5442            7.3887            7.3887    
      70.800            7.4487            7.2949            7.2949    
      71.000            7.3545            7.2023            7.2023    
      71.200            7.2614            7.1109            7.1109    
      71.400            7.1696            7.0207            7.0207    
      71.600            7.0789            6.9316            6.9316    
      71.800            6.9893            6.8436            6.8436    
      72.000            6.9009            6.7568            6.7568    
      72.200            6.8136            6.6710            6.6710    
      72.400            6.7274            6.5863            6.5863    
      72.600            6.6423            6.5028            6.5028    
      72.800            6.5582            6.4202            6.4202    
      73.000            6.4753            6.3387            6.3387    
      73.200            6.3933            6.2583            6.2583    
      73.400            6.3124            6.1789            6.1789    
      73.600            6.2326            6.1004            6.1004    
      73.800            6.1537            6.0230            6.0230    
      74.000            7.2038            7.1347            7.1347    
      74.200            9.3018            9.2021            9.2021    
      74.400            11.118            10.990            10.990    
      74.600            12.685            12.532            12.532    
      74.800            14.032            13.857            13.857    
      75.000            15.187            14.991            14.991    
      75.200            16.171            15.957            15.957    
      75.400            17.006            16.775            16.775    
      75.600            17.709            17.463            17.463    
      75.800            18.295            18.036            18.036    
      76.000            18.780            18.509            18.509    
      76.200            19.174            18.894            18.894    
      76.400            19.490            19.201            19.201    
      76.600            19.737            19.440            19.440    
      76.800            19.923            19.619            19.619    
      77.000            20.056            19.746            19.746    
      77.200            20.142            19.827            19.827    
      77.400            20.187            19.869            19.869    
      77.600            20.197            19.875            19.875    
      77.800            20.176            19.851            19.851    
      78.000            20.127            19.801            19.801    
      78.200            20.055            19.727            19.727    
      78.400            19.963            19.634            19.634    
      78.600            19.853            19.523            19.523    
      78.800            19.728            19.398            19.398    
      79.000            19.589            19.259            19.259    
      79.200            19.439            19.110            19.110    
      79.400            19.280            18.952            18.952    
      79.600            19.113            18.785            18.785    
      79.800            18.939            18.613            18.613    
      80.000            18.759            18.434            18.434    
      80.200            18.574            18.251            18.251    
      80.400            18.386            18.065            18.065    
      80.600            18.194            17.875            17.875    
      80.800            18.001            17.683            17.683    
      81.000            17.805            17.490            17.490    
      81.200            17.608            17.295            17.295    
      81.400            17.410            17.100            17.100    
      81.600            17.212            16.904            16.904    
      81.800            17.014            16.709            16.709    
      82.000            16.816            16.513            16.513    
      82.200            16.618            16.318            16.318    
      82.400            16.422            16.124            16.124    
      82.600            16.226            15.931            15.931    
      82.800            16.031            15.739            15.739    
      83.000            15.837            15.548            15.548    
      83.200            15.645            15.358            15.358    
      83.400            15.455            15.170            15.170    
      83.600            15.265            14.984            14.984    
      83.800            15.078            14.799            14.799    
      84.000            14.892            14.616            14.616    
      84.200            14.708            14.435            14.435    
      84.400            14.526            14.255            14.255    
      84.600            14.346            14.078            14.078    
      84.800            14.167            13.902            13.902    
      85.000            13.991            13.728            13.728    
      85.200            13.816            13.556            13.556    
      85.400            13.643            13.386            13.386    
      85.600            13.472            13.218            13.218    
      85.800            13.304            13.052            13.052    
      86.000            13.137            12.887            12.887    
      86.200            12.972            12.725            12.725    
      86.400            12.809            12.565            12.565    
      86.600            12.648            12.406            12.406    
      86.800            12.489            12.249            12.249    
      87.000            12.331            12.095            12.095    
      87.200            12.176            11.942            11.942    
      87.400            12.023            11.791            11.791    
      87.600            11.871            11.642            11.642    
      87.800            11.721            11.494            11.494    
      88.000            11.573            11.349            11.349    
      88.200            11.427            11.205            11.205    
      88.400            11.283            11.063            11.063    
      88.600            11.141            10.923            10.923    
      88.800            11.000            10.785            10.785    
      89.000            10.861            10.648            10.648    
      89.200            10.724            10.513            10.513    
      89.400            10.588            10.380            10.380    
      89.600            10.454            10.248            10.248    
      89.800            10.322            10.118            10.118    
      90.000            10.192            9.9900            9.9900    
      90.200            10.063            9.8633            9.8633    
      90.400            9.9358            9.7382            9.7382    
      90.600            9.8101            9.6147            9.6147    
      90.800            9.6861            9.4928            9.4928    
      91.000            9.5636            9.3723            9.3723    
      91.200            9.4427            9.2534            9.2534    
      91.400            9.3232            9.1360            9.1360    
      91.600            9.2053            9.0201            9.0201    
      91.800            9.0889            8.9057            8.9057    
      92.000            8.9739            8.7927            8.7927    
      92.200            8.8604            8.6811            8.6811    
      92.400            8.7484            8.5710            8.5710    
      92.600            8.6377            8.4622            8.4622    
      92.800            8.5284            8.3548            8.3548    
      93.000            8.4206            8.2488            8.2488    
      93.200            8.3140            8.1441            8.1441    
      93.400            8.2089            8.0408            8.0408    
      93.600            8.1050            7.9387            7.9387    
      93.800            8.0025            7.8380            7.8380    
      94.000            7.9012            7.7385            7.7385    
      94.200            7.8013            7.6403            7.6403    
      94.400            7.7026            7.5434            7.5434    
      94.600            7.6051            7.4476            7.4476    
      94.800            7.5089            7.3531            7.3531    
      95.000            7.4139            7.2598            7.2598    
      95.200            7.3201            7.1677            7.1677    
      95.400            7.2275            7.0767            7.0767    
      95.600            7.1361            6.9869            6.9869    
      95.800            7.0458            6.8982            6.8982    
      96.000            6.9567            6.8107            6.8107    
      96.200            6.8686            6.7242            6.7242    
      96.400            6.7817            6.6389            6.6389    
      96.600            6.6959            6.5546            6.5546    
      96.800            6.6112            6.4714            6.4714    
      97.000            6.5276            6.3893            6.3893    
      97.200            6.4450            6.3082            6.3082    
      97.400            6.3635            6.2281            6.2281    
      97.600            6.2829            6.1491            6.1491    
      97.800            6.2035            6.0711            6.0711    
      98.000            7.2530            7.1821            7.1821    
      98.200            9.3503            9.2489            9.2489    
      98.400            11.165            11.036            11.036    
      98.600            12.732            12.577            12.577    
      98.800            14.079            13.902            13.902    
      99.000            15.233            15.035            15.035    
      99.200            16.217            16.001            16.001    
      99.400            17.051            16.818            16.818    
      99.600            17.753            17.505            17.505    
      99.800            18.339            18.078            18.078    
      100.00            18.823            18.551            18.551    
      100.20            19.217            18.935            18.935    
      100.40            19.533            19.241            19.241    
      100.60            19.779            19.480            19.480    
      100.80            19.964            19.659            19.659    
      101.00            20.096            19.785            19.785    
      101.20            20.182            19.866            19.866    
      101.40            20.227            19.907            19.907    
      101.60            20.236            19.913            19.913    
      101.80            20.214            19.888            19.888    
      102.00            20.165            19.837            19.837    
      102.20            20.093            19.763            19.763    
      102.40            20.000            19.669            19.669    
      102.60            19.890            19.558            19.558    
      102.80            19.764            19.432            19.432    
      103.00            19.625            19.294            19.294    
      103.20            19.475            19.144            19.144    
      103.40            19.315            18.985            18.985    
      103.60            19.147            18.819            18.819    
      103.80            18.973            18.645            18.645    
      104.00            18.792            18.467            18.467    
      104.20            18.607            18.283            18.283    
      104.40            18.419            18.096            18.096    
      104.60            18.227            17.906            17.906    
      104.80            18.032            17.714            17.714    
      105.00            17.836            17.520            17.520    
      105.20            17.639            17.325            17.325    
      105.40            17.441            17.130            17.130    
      105.60            17.242            16.933            16.933    
      105.80            17.044            16.737            16.737    
      106.00            16.845            16.542            16.542    
      106.20            16.648            16.346            16.346    
      106.40            16.450            16.152            16.152    
      106.60            16.254            15.958            15.958    
      106.80            16.059            15.766            15.766    
      107.00            15.865            15.575            15.575    
      107.20            15.673            15.385            15.385    
      107.40            15.482            15.196            15.196    
      107.60            15.292            15.010            15.010    
      107.80            15.104            14.825            14.825    
      108.00            14.918            14.641            14.641    
      108.20            14.734            14.460            14.460    
      108.40            14.551            14.280            14.280    
      108.60            14.371            14.102            14.102    
      108.80            14.192            13.926            13.926    
      109.00            14.015            13.751            13.751    
      109.20            13.840            13.579            13.579    
      109.40            13.667            13.409            13.409    
      109.60            13.496            13.240            13.240    
      109.80            13.327            13.074            13.074    
      110.00            13.160            12.909            12.909    
      110.20            12.994            12.747            12.747    
      110.40            12.831            12.586            12.586    
      110.60            12.670            12.427            12.427    
      110.80            12.510            12.270            12.270    
      111.00            12.353            12.115            12.115    
      111.20            12.197            11.962            11.962    
      111.40            12.044            11.811            11.811    
      111.60            11.892            11.662            11.662    
      111.80            11.742            11.514            11.514    
      112.00            11.594            11.368            11.368    
      112.20            11.447            11.224            11.224    
      112.40            11.303            11.082            11.082    
      112.60            11.160            10.942            10.942    
      112.80            11.019            10.803            10.803    
      113.00            10.880            10.666            10.666    
      113.20            10.742            10.531            10.531    
      113.40            10.607            10.398            10.398    
      113.60            10.473            10.266            10.266    
      113.80            10.340            10.136            10.136    
      114.00            10.210            10.007            10.007    
      114.20            10.080            9.8802            9.8802    
      114.40            9.9530            9.7549            9.7549    
      114.60            9.8272            9.6311            9.6311    
      114.80            9.7029            9.5090            9.5090    
      115.00            9.5802            9.3883            9.3883    
      115.20            9.4591            9.2692            9.2692    
      115.40            9.3395            9.1516            9.1516    
      115.60            9.2213            9.0355            9.0355    
      115.80            9.1047            8.9209            8.9209    
      116.00            8.9896            8.8077            8.8077    
      116.20            8.8759            8.6960            8.6960    
      116.40            8.7636            8.5856            8.5856    
      116.60            8.6527            8.4767            8.4767    
      116.80            8.5433            8.3691            8.3691    
      117.00            8.4352            8.2629            8.2629    
      117.20            8.3285            8.1580            8.1580    
      117.40            8.2231            8.0545            8.0545    
      117.60            8.1191            7.9523            7.9523    
      117.80            8.0164            7.8514            7.8514    
      118.00            7.9150            7.7517            7.7517    
      118.20            7.8149            7.6534            7.6534    
      118.40            7.7160            7.5562            7.5562    
      118.60            7.6184            7.4603            7.4603    
      118.80            7.5220            7.3657            7.3657    
      119.00            7.4268            7.2722            7.2722    
      119.20            7.3329            7.1799            7.1799    
      119.40            7.2401            7.0888            7.0888    
      119.60            7.1485            6.9988            6.9988    
      119.80            7.0581            6.9100            6.9100    
      120.00            6.9688            6.8223            6.8223    
      120.20            6.8806            6.7357            6.7357    
      120.40            6.7935            6.6502            6.6502    
      120.60            6.7076            6.5658            6.5658    
      120.80            6.6227            6.4825            6.4825    
      121.00            6.5389            6.4002            6.4002    
      121.20            6.4562            6.3190            6.3190    
      121.40            6.3745            6.2388            6.2388    
      121.60            6.2939            6.1596            6.1596    
      121.80            6.2142            6.0814            6.0814    
      122.00            7.2636            7.1924            7.1924    
      122.20            9.3608            9.2590            9.2590    
      122.40            11.176            11.046            11.046    
      122.60            12.742            12.587            12.587    
      122.80            14.089            13.912            13.912    
      123.00            15.243            15.045            15.045    
      123.20            16.227            16.010            16.010    
      123.40            17.061            16.827            16.827    
      123.60            17.763            17.515            17.515    
      123.80            18.348            18.088            18.088    
      124.00            18.832            18.560            18.560    
      124.20            19.226            18.944            18.944    
      124.40            19.542            19.250            19.250    
      124.60            19.788            19.488            19.488    
      124.80            19.973            19.667            19.667    
      125.00            20.105            19.794            19.794    
      125.20            20.191            19.874            19.874    
      125.40            20.235            19.915            19.915    
      125.60            20.245            19.921            19.921    
      125.80            20.223            19.896            19.896    
      126.00            20.174            19.845            19.845    
      126.20            20.101            19.771            19.771    
      126.40            20.008            19.677            19.677    
      126.60            19.897            19.566            19.566    
      126.80            19.772            19.440            19.440    
      127.00            19.633            19.301            19.301    
      127.20            19.482            19.152            19.152    
      127.40            19.323            18.993            18.993    
      127.60            19.155            18.826            18.826    
      127.80            18.980            18.652            18.652    
      128.00            18.800            18.473            18.473    
      128.20            18.615            18.290            18.290    
      128.40            18.426            18.103            18.103    
      128.60            18.234            17.913            17.913    
      128.80            18.039            17.721            17.721    
      129.00            17.843            17.527            17.527    
      129.20            17.646            17.332            17.332    
      129.40            17.448            17.136            17.136    
      129.60            17.249            16.940            16.940    
      129.80            17.050            16.744            16.744    
      130.00            16.852            16.548            16.548    
      130.20            16.654            16.352            16.352    
      130.40            16.457            16.158            16.158    
      130.60            16.260            15.964            15.964    
      130.80            16.065            15.772            15.772    
      131.00            15.871            15.580            15.580    
      131.20            15.679            15.390            15.390    
      131.40            15.487            15.202            15.202    
      131.60            15.298            15.015            15.015    
      131.80            15.110            14.830            14.830    
      132.00            14.924            14.647            14.647    
      132.20            14.739            14.465            14.465    
      132.40            14.557            14.285            14.285    
      132.60            14.376            14.107            14.107    
      132.80            14.197            13.931            13.931    
      133.00            14.020            13.757            13.757    
      133.20            13.845            13.584            13.584    
      133.40            13.672            13.414            13.414    
      133.60            13.501            13.245            13.245    
      133.80            13.332            13.079            13.079    
      134.00            13.165            12.914            12.914    
      134.20            12.999            12.751            12.751    
      134.40            12.836            12.591            12.591    
      134.60            12.675            12.432            12.432    
      134.80            12.515            12.275            12.275    
      135.00            12.357            12.120            12.120    
      135.20            12.202            11.967            11.967    
      135.40            12.048            11.815            11.815    
      135.60            11.896            11.666            11.666    
      135.80            11.746            11.518            11.518    
      136.00            11.598            11.372            11.372    
      136.20            11.452            11.228            11.228    
      136.40            11.307            11.086            11.086    
      136.60            11.164            10.946            10.946    
      136.80            11.023            10.807            10.807    
      137.00            10.884            10.670            10.670    
      137.20            10.746            10.535            10.535    
      137.40            10.611            10.401            10.401    
      137.60            10.477            10.270            10.270    
      137.80            10.344            10.139            10.139    
      138.00            10.213            10.011            10.011    
      138.20            10.084            9.8838            9.8838    
      138.40            9.9568            9.7585            9.7585    
      138.60            9.8309            9.6347            9.6347    
      138.80            9.7066            9.5125            9.5125    
      139.00            9.5839            9.3918            9.3918    
      139.20            9.4627            9.2727            9.2727    
      139.40            9.3430            9.1550            9.1550    
      139.60            9.2248            9.0389            9.0389    
      139.80            9.1081            8.9242            8.9242    
      140.00            8.9929            8.8110            8.8110    
      140.20            8.8792            8.6992            8.6992    
      140.40            8.7669            8.5888            8.5888    
      140.60            8.6560            8.4798            8.4798    
      140.80            8.5465            8.3722            8.3722    
      141.00            8.4384            8.2659            8.2659    
      141.20            8.3316            8.1610            8.1610    
      141.40            8.2262            8.0575            8.0575    
      141.60            8.1222            7.9552            7.9552    
      141.80            8.0194            7.8543            7.8543    
      142.00            7.9180            7.7546            7.7546    
      142.20            7.8178            7.6562            7.6562    
      142.40            7.7189            7.5590            7.5590    
      142.60            7.6212            7.4631            7.4631    
      142.80            7.5248            7.3684            7.3684    
      143.00            7.4296            7.2749            7.2749    
      143.20            7.3356            7.1825            7.1825    
      143.40            7.2428            7.0914            7.0914    
      143.60            7.1512            7.0014            7.0014    
      143.80            7.0607            6.9125            6.9125    
      144.00            6.9714            6.8248            6.8248    
      144.20            6.8832            6.7382            6.7382    
      144.40            6.7961            6.6527            6.6527    
      144.60            6.7101            6.5682            6.5682    
      144.80            6.6252            6.4849            6.4849    
      145.00            6.5414            6.4026            6.4026    
      145.20            6.4586            6.3213            6.3213    
      145.40            6.3769            6.2411            6.2411    
      145.60            6.2962            6.1619            6.1619    
      145.80            6.2166            6.0837            6.0837    
      146.00            6.1379            6.0065            6.0065    
      146.20            6.0603            5.9302            5.9302    
      146.40            5.9836            5.8550            5.8550    
      146.60            5.9079            5.7807            5.7807    
      146.80            5.8332            5.7073            5.7073    
      147.00            5.7594            5.6349            5.6349    
      147.20            5.6865            5.5633            5.5633    
      147.40            5.6145            5.4927            5.4927    
      147.60            5.5435            5.4230            5.4230    
      147.80            5.4734            5.3542            5.3542    
      148.00            5.4041            5.2862            5.2862    
      148.20            5.3357            5.2191            5.2191    
      148.40            5.2682            5.1529            5.1529    
      148.60            5.2016            5.0875            5.0875    
      148.80            5.1358            5.0229            5.0229    
      149.00            5.0708            4.9592            4.9592    
      149.20            5.0066            4.8962            4.8962    
      149.40            4.9433            4.8341            4.8341    
      149.60            4.8808            4.7727            4.7727    
      149.80            4.8190            4.7122            4.7122    
      150.00            4.7580            4.6524            4.6524    
      150.20            4.6978            4.5933            4.5933    
      150.40            4.6384            4.5350            4.5350    
      150.60            4.5797            4.4775            4.4775    
      150.80            4.5218            4.4206            4.4206    
      151.00            4.4646            4.3645            4.3645    
      151.20            4.4081            4.3091            4.3091    
      151.40            4.3523            4.2545            4.2545    
      151.60            4.2972            4.2005            4.2005    
      151.80            4.2429            4.1471            4.1471    
      152.00            4.1892            4.0945            4.0945    
      152.20            4.1362            4.0425            4.0425    
      152.40            4.0839            3.9912            3.9912    
      152.60            4.0322            3.9406            3.9406    
      152.80            3.9812            3.8906            3.8906    
      153.00            3.9308            3.8412            3.8412    
      153.20            3.8811            3.7924            3.7924    
      153.40            3.8320            3.7443            3.7443    
      153.60            3.7835            3.6968            3.6968    
      153.80            3.7356            3.6499            3.6499    
      154.00            3.6883            3.6035            3.6035    
      154.20            3.6417            3.5578            3.5578    
      154.40            3.5956            3.5126            3.5126    
      154.60            3.5501            3.4681            3.4681    
      154.80            3.5052            3.4241            3.4241    
      155.00            3.4608            3.3806            3.3806    
      155.20            3.4171            3.3377            3.3377    
      155.40            3.3738            3.2953            3.2953    
      155.60            3.3311            3.2535            3.2535    
      155.80            3.2890            3.2122            3.2122    
      156.00            3.2474            3.1714            3.1714    
      156.20            3.2063            3.1312            3.1312    
      156.40            3.1657            3.0915            3.0915    
      156.60            3.1257            3.0522            3.0522    
      156.80            3.0861            3.0135            3.0135    
      157.00            3.0471            2.9752            2.9752    
      157.20            3.0085            2.9375            2.9375    
      157.40            2.9705            2.9002            2.9002    
      157.60            2.9329            2.8634            2.8634    
      157.80            2.8958            2.8270            2.8270    
      158.00            2.8591            2.7912            2.7912    
      158.20            2.8230            2.7557            2.7557    
      158.40            2.7873            2.7208            2.7208    
      158.60            2.7520            2.6862            2.6862    
      158.80            2.7172            2.6521            2.6521    
      159.00            2.6828            2.6185            2.6185    
      159.20            2.6489            2.5852            2.5852    
      159.40            2.6153            2.5524            2.5524    
      159.60            2.5822            2.5200            2.5200    
      159.80            2.5496            2.4881            2.4881    
      160.00            2.5173            2.4565            2.4565    
      160.20            2.4855            2.4253            2.4253    
      160.40            2.4540            2.3945            2.3945    
      160.60            2.4230            2.3641            2.3641    
      160.80            2.3923            2.3341            2.3341    
      161.00            2.3621            2.3045            2.3045    
      161.20            2.3322            2.2752            2.2752    
      161.40            2.3027            2.2464            2.2464    
      161.60            2.2735            2.2179            2.2179    
      161.80            2.2448            2.1897            2.1897    
      162.00            2.2164            2.1619            2.1619    
      162.20            2.1883            2.1345            2.1345    
      162.40            2.1606            2.1074            2.1074    
      162.60            2.1333            2.0806            2.0806    
      162.80            2.1063            2.0542            2.0542    
      163.00            2.0797            2.0282            2.0282    
      163.20            2.0533            2.0024            2.0024    
      163.40            2.0274            1.9770            1.9770    
      163.60            2.0017            1.9519            1.9519    
      163.80            1.9764            1.9271            1.9271    
      164.00            1.9514            1.9027            1.9027    
      164.20            1.9267            1.8785            1.8785    
      164.40            1.9023            1.8547            1.8547    
      164.60            1.8782            1.8312            1.8312    
      164.80            1.8545            1.8079            1.8079    
      165.00            1.8310            1.7850            1.7850    
      165.20            1.8079            1.7623            1.7623    
      165.40            1.7850            1.7399            1.7399    
      165.60            1.7624            1.7179            1.7179    
      165.80            1.7401            1.6961            1.6961    
      166.00            1.7181            1.6745            1.6745    
      166.20            1.6963            1.6533            1.6533    
      166.40            1.6749            1.6323            1.6323    
      166.60            1.6537            1.6116            1.6116    
      166.80            1.6328            1.5911            1.5911    
      167.00            1.6121            1.5709            1.5709    
      167.20            1.5917            1.5510            1.5510    
      167.40            1.5716            1.5313            1.5313    
      167.60            1.5517            1.5119            1.5119    
      167.80            1.5321            1.4927            1.4927    
      168.00            1.5127            1.4737            1.4737    


  SUBJECT NO.     1 ...  OUTPUT EQUATION NO.  1

     TIMES                   OBSERVED VALUES          PREDICTED VALUES, BASED ON POSTERIOR MEANS; THEN MEDIANS; THEN MODES
--------------------------------------------------------------------------------------------------------------------------
      120.00            5.4200            6.9688            6.8223            6.8223    
      121.00            7.0800            6.5389            6.4002            6.4002    
      122.00            7.2700            7.2636            7.1924            7.1924    
      125.98            20.070            20.180            19.851            19.851    
      128.98            18.240            17.863            17.546            17.546    
      132.00            15.360            14.924            14.647            14.647    
      144.00            10.920            6.9714            6.8248            6.8248    


