DENSITY OCT_15 ... Made by npagranfix6
          -1
           4
           1
           4
Ka         
Ke         
V          
Tlag1      
           0

           0

  0.10000000000000001       0.90000000000000002     
   1.0000000000000000E-003  0.10000000000000001     
   30.000000000000000        120.00000000000000     
   0.0000000000000000        4.0000000000000000     


         100
          38
   0.0000000000000000     
  0.66122921072044971        3.9808984732104667E-002   64.620379556849883        2.5130147923677972        701.84483726150381     
   3.2152746383396352E-003
   6.7681531437319959        6.6924201228060349        6.6924201228060349     
   6.4962524308955123        6.4216034976395600        6.4216034976395600     
   6.2501844900230701        6.1765892935118147        6.1765892935118147     
   12.942488713165934        12.876290694675127        12.876290694675127     
   12.233922917437836        12.151660406108464        12.151660406108464     
   10.951195208888649        10.865940610330396        10.865940610330396     
   6.8089395968234605        6.7317080404183685        6.7317080404183685     
         840
   0.0000000000000000        0.0000000000000000        0.0000000000000000     
   0.0000000000000000        0.0000000000000000        0.0000000000000000     
   0.0000000000000000        0.0000000000000000        0.0000000000000000     
   0.0000000000000000        0.0000000000000000        0.0000000000000000     
   0.0000000000000000        0.0000000000000000        0.0000000000000000     
   0.0000000000000000        0.0000000000000000        0.0000000000000000     
   0.0000000000000000        0.0000000000000000        0.0000000000000000     
   0.0000000000000000        0.0000000000000000        0.0000000000000000     
   0.0000000000000000        0.0000000000000000        0.0000000000000000     
   0.0000000000000000        0.0000000000000000        0.0000000000000000     
   0.0000000000000000        0.0000000000000000        0.0000000000000000     
   0.0000000000000000        0.0000000000000000        0.0000000000000000     
   0.0000000000000000        0.0000000000000000        0.0000000000000000     
  0.51807236216080177       0.59502030833864994       0.59502030833864994     
   1.5954431325945282        1.6658560058023997        1.6658560058023997     
   2.5303025464356828        2.5943768219747296        2.5943768219747296     
   3.3403759047369346        3.3983540730630812        3.3983540730630812     
   4.0411922278605283        4.0933484542709593        4.0933484542709593     
   4.6463563229896305        4.6929849568413298        4.6929849568413298     
   5.1677871493986975        5.2091935964349547        5.2091935964349547     
   5.6159266563287238        5.6524202045394167        5.6524202045394167     
   5.9999227511565802        6.0318110058645837        6.0318110058645837     
   6.3277896024535387        6.3553742416941814        6.3553742416941814     
   6.6065480855607239        6.6301216937540648        6.6301216937540648     
   6.8423488305159594        6.8621926081650999        6.8621926081650999     
   7.0405800274559152        7.0569622082028829        7.0569622082028829     
   7.2059618776527241        7.2191367123974191        7.2191367123974191     
   7.3426293444496329        7.3528365361662544        7.3528365361662544     
   7.4542046534391702        7.4616691464746978        7.4616691464746978     
   7.5438608116907275        7.5487928562708824        7.5487928562708824     
   7.6143772585378686        7.6169726854237023        7.6169726854237023     
   7.6681886226240970        7.6686292747719929        7.6686292747719929     
   7.7074274391655804        7.7058817171988965        7.7058817171988965     
   7.7339615756057007        7.7305850622092009        7.7305850622092009     
   7.7494270211565883        7.7443631564120166        7.7443631564120166     
   7.7552566145236881        7.7486373999349061        7.7486373999349061     
   7.7527052129688458        7.7446519266636784        7.7446519266636784     
   7.7428717435392747        7.7334956530404142        7.7334956530404142     
   7.7267185226825541        7.7161215848454558        7.7161215848454558     
   7.7050881826249880        7.6933637229601617        7.6933637229601617     
   7.6787185009743721        7.6659518667009516        7.6659518667009516     
   7.6482553932842761        7.6345245761825025        7.6345245761825025     
   7.6142642961421405        7.5996405226531074        7.5996405226531074     
   7.5772401401543723        7.5617884272738962        7.5617884272738962     
   7.5376160875043494        7.5213957638829978        7.5213957638829978     
   7.4957711871213890        7.4788363794554789        7.4788363794554789     
   7.4520370815412234        7.4344371668544245        7.4344371668544245     
   7.4067038829293788        7.3884839077302846        7.3884839077302846     
   7.3600253211871420        7.3412263887689235        7.3412263887689235     
   7.3122232543106938        7.2928828816548048        7.2928828816548048     
   7.2634916200041433        7.2436440658778167        7.2436440658778167     
   7.2139998977610507        7.1936764636718076        7.1936764636718076     
   7.1638961420550666        7.1431254477562751        7.1431254477562751     
   7.1133096397685396        7.0921178750075455        7.0921178750075455     
   7.0623532384065948        7.0407643925789962        7.0407643925789962     
   7.0111253858781666        6.9891614572047382        6.9891614572047382     
   6.9597119175736699        6.9373931033553964        6.9373931033553964     
   6.9081876220430063        6.8855324914789415        6.8855324914789415     
   6.8566176126998739        6.8336432636753504        6.8336432636753504     
   6.8050585295809602        6.7817807307528186        6.7817807307528186     
   6.7535595922120768        6.7299929116350787        6.7299929116350787     
   6.7021635220254945        6.6783214434816456        6.6783214434816456     
   6.6509073504879392        6.6268023785992982        6.6268023785992982     
   6.5998231270969789        6.5754668822236377        6.5754668822236377     
   6.5489385396497459        6.5243418434987053        6.5243418434987053     
   6.4982774576514135        6.4734504104495363        6.4734504104495363     
   6.4478604083846323        6.4228124584000881        6.4228124584000881     
   6.3977049939817112        6.3724450001134505        6.3724450001134505     
   6.3478262568079860        6.3223625449019627        6.3223625449019627     
   6.2982369995594940        6.2725774130535203        6.2725774130535203     
   6.2489480656848757        6.2231000111311428        6.2231000111311428     
   6.1999685850465154        6.1739390730117929        6.1739390730117929     
   6.1513061891270677        6.1251018709253051        6.1251018709253051     
   6.1029671995541177        6.0765944002243968        6.0765944002243968     
   6.0549567932483424        6.0284215411527491        6.0284215411527491     
   6.0072791470911229        5.9805872004718772        5.9805872004718772     
   5.9599375646487944        5.9330944354517161        5.9330944354517161     
   5.9129345871764478        5.8859455624183736        5.8859455624183736     
   5.8662720908488062        5.8391422517796929        5.8391422517796929     
   5.8199513719244953        5.7926856112104392        5.7926856112104392     
   5.7739732213385917        5.7465762584697435        5.7465762584697435     
   5.7283379900332259        5.7008143851403350        5.7008143851403350     
   5.6830456461737038        5.6553998124186995        5.6553998124186995     
   5.6380958252555047        5.6103320399448773        5.6103320399448773     
   5.5934878739829745        5.5656102885376955        5.5656102885376955     
   5.5492208886913934        5.5212335375934973        5.5212335375934973     
   5.5052937489885361        5.4772005578122211        5.4772005578122211     
   5.4617051472080709        5.4335099398320672        5.4335099398320672     
   5.4184536141937558        5.3901601192817461        5.3901601192817461     
   5.3755375418691456        5.3471493986959926        5.3471493986959926     
   5.3329552029911245        5.3044759666845787        5.3044759666845787     
   5.2907047684363206        5.2621379146965719        5.2621379146965719     
   5.2487843223261414        5.2201332516790462        5.2201332516790462     
   5.2071918752583448        5.1784599168922574        5.1784599168922574     
   5.1659253758798549        5.1371157911107188        5.1371157911107188     
   5.1249827210064485        5.0960987064110599        5.0960987064110599     
   5.0843617644694836        5.0554064547225757        5.0554064547225757     
   5.0440603248474956        5.0150367952945087        5.0150367952945087     
   5.0040761922209693        4.9749874612149334        4.9749874612149334     
   4.9644071340714229        4.9352561650993358        4.9352561650993358     
   4.9250509004309677        4.8958406040523137        4.8958406040523137     
   4.8860052283753230        4.8567384639929392        4.8567384639929392     
   4.8472678459417837        4.8179474234230737        4.8179474234230737     
   4.8088364755435009        4.7794651567080679        4.7794651567080679     
   4.7707088369426236        4.7412893369306355        4.7412893369306355     
   4.7328826498370997        4.7034176383711204        4.7034176383711204     
   4.6953556361091167        4.6658477386607888        4.6658477386607888     
   4.6581255217772632        4.6285773206489438        4.6285773206489438     
   4.6211900386892326        4.5916040740195916        4.5916040740195916     
   4.5845469259873548        4.5549256966889757        4.5549256966889757     
   4.5481939313752493        4.5185398960113421        4.5185398960113421     
   4.5121288122103511        4.4824443898169584        4.4824443898169584     
   4.4763493364440317        4.4466369073033674        4.4466369073033674     
   4.4408532834283250        4.4111151897982772        4.4111151897982772     
   4.4056384446059074        4.3758769914101947        4.3758769914101947     
   4.3707026240979490        4.3409200795808953        4.3409200795808953     
   4.3360436392025994        4.3062422355520722        4.3062422355520722     
   4.3016593208153120        4.2718412547569855        4.2718412547569855     
   4.2675475137808325        4.2377149471465589        4.2377149471465589     
   4.2337060771854311        4.2038611374582278        4.2038611374582278     
   4.2001328845969086        4.1702776654347753        4.1702776654347753     
   4.1668258242589937        4.1369623859995173        4.1369623859995173     
   4.1337827992458749        4.1039131693933948        4.1039131693933948     
   4.1010017275819628        4.0711279012788406        4.0711279012788406     
   4.0684805423312813        4.0386044828146783        4.0386044828146783     
   4.0362171916604117        4.0063408307057946        4.0063408307057946     
   4.0042096388783444        3.9743348772308309        3.9743348772308309     
   3.9724558624562585        3.9425845702507747        3.9425845702507747     
   3.9409538560298123        3.9110878732009362        3.9110878732009362     
   3.9097016283862360        3.8798427650685086        3.8798427650685086     
   3.8786972034382332        3.8488472403576219        3.8488472403576219     
   3.8479386201864352        3.8180993090435744        3.8180993090435744     
   3.8174239326719461        3.7875969965177028        3.7875969965177028     
   4.3052235720807568        4.3523586518624784        4.3523586518624784     
   5.3525616684723625        5.3931774118919495        5.3931774118919495     
   6.2576265557787139        6.2919210774226153        6.2919210774226153     
   7.0381416486263673        7.0663590510206591        7.0663590510206591     
   7.7096340956475808        7.7320501292880701        7.7320501292880701     
   8.2857068469077575        8.3026174198167499        8.3026174198167499     
   8.7782770190885593        8.7899890694744407        8.7899890694744407     
   9.1977847332730160        9.2046090557187110        9.2046090557187110     
   9.5533760830223624        9.5556217638951946        9.5556217638951946     
   9.8530634373400563        9.8510336104901590        9.8510336104901590     
   10.103865886151105        10.097854566898283        10.097854566898283     
   10.311932288131453        10.302222083273884        10.302222083273884     
   10.482649076011612        10.469509601188058        10.469509601188058     
   10.620734707513934        10.604421571625094        10.604421571625094     
   10.730322416188329        10.711076656511823        10.711076656511823     
   10.815032711490021        10.793080583273744        10.793080583273744     
   10.878036897906474        10.853589939165794        10.853589939165794     
   10.922112725643878        10.895368032105930        10.895368032105930     
   10.949693147572068        10.920833804620024        10.920833804620024     
   10.962909036386481        10.932104664812076        10.932104664812076     
   10.963626610162100        10.931033990837648        10.931033990837648     
   10.953480221794617        10.919243971282935        10.919243971282935     
   10.933901086624953        10.898154361475662        10.898154361475662     
   10.906142451402642        10.869007663622062        10.869007663622062     
   10.871301645415537        10.832891175502571        10.832891175502571     
   10.830339400005981        10.790756297151974        10.790756297151974     
   10.784096774850852        10.743435436520880        10.743435436520880     
   10.733309987466548        10.691656812709047        10.691656812709047     
   10.678623405676015        10.636057418228464        10.636057418228464     
   10.620600930600213        10.577194369239217        10.577194369239217     
   10.559735969547129        10.515554844229840        10.515554844229840     
   10.496460173474341        10.451564786683269        10.451564786683269     
   10.431151092063178        10.385596525439240        10.385596525439240     
   10.364138880485003        10.317975447348489        10.317975447348489     
   10.295712175331056        10.248985840075903        10.248985840075903     
   10.226123242625551        10.178876008253072        10.178876008253072     
   10.155592488092584        10.107862753346648        10.107862753346648     
   10.084312408677608        10.036135296371057        10.036135296371057     
   10.012451054538078        9.9638587127336162        9.9638587127336162     
   9.9401550621438624        9.8911769398834810        9.8911769398834810     
   9.8675523116163060        9.8182154108908204        9.8182154108908204     
   9.7947542548534265        9.7450833604756930        9.7450833604756930     
   9.7218579552227489        9.6718758442211143        9.6718758442211143     
   9.6489478745514283        9.5986755066388945        9.5986755066388945     
   9.5760974387173867        9.5255541293212289        9.5255541293212289     
   9.5033704092674274        9.4525739865268203        9.4525739865268203     
   9.4308220850908722        9.3797890321492119        9.3797890321492119     
   9.3585003552008263        9.3072459390369513        9.3072459390369513     
   9.2864466210672774        9.2349850090273282        9.2349850090273282     
   9.2146966046615315        9.1630409697720410        9.1630409697720410     
   9.1432810563696805        9.0914436724336287        9.0914436724336287     
   9.0722263751790404        9.0202187025806015        9.0202187025806015     
   9.0015551520050199        8.9493879150762012        8.9493879150762012     
   8.9312866456795472        8.8789699024131838        8.8789699024131838     
   8.8614371999429036        8.8089804047715425        8.8089804047715425     
   8.7920206087473787        8.7394326690468045        8.7394326690468045     
   8.7230484362758283        8.6703377631951444        8.6703377631951444     
   8.6545302972851186        8.6017048514524141        8.6017048514524141     
   8.5864741026894045        8.5335414352930741        8.5335414352930741     
   8.5188862746894127        8.4658535643898478        8.4658535643898478     
   8.4517719352204725        8.3986460213051046        8.3986460213051046     
   8.3851350710246457        8.3319224831809322        8.3319224831809322     
   8.3189786782429120        8.2656856632886200        8.2656856632886200     
   8.2533048890645908        8.1999374349424734        8.1999374349424734     
   8.1881150826568962        8.1346789399714066        8.1346789399714066     
   8.1234099823221708        8.0699106836689598        8.0699106836689598     
   8.0591897405890744        8.0056326179035242        8.0056326179035242     
   7.9954540137326466        7.9418442138614518        7.9418442138614518     
   7.9322020270329929        7.8785445257125080        7.8785445257125080     
   7.8694326319200485        7.8157322463268724        7.8157322463268724     
   7.8071443560098048        7.7534057560323477        7.7534057560323477     
   7.7453354469127671        7.6915631652775804        7.6915631652775804     
   7.6840039105863642        7.6302023519593618        7.6302023519593618     
   7.6231475449073889        7.5693209940778390        7.5693209940778390     
   7.5627639690568280        7.5089165983008881        7.5089165983008881     
   7.5028506492360405        7.4489865249466263        7.4489865249466263     
   7.4434049211689697        7.3895280098297418        7.3895280098297418     
   7.3844240097887361        7.3305381833618872        7.3305381833618872     
   7.3259050464576223        7.2720140872478529        7.2720140872478529     
   7.2678450840262183        7.2139526890767423        7.2139526890767423     
   7.2102411099996271        7.1563508950701591        7.1563508950701591     
   7.1530900580454180        7.0992055612168130        7.0992055612168130     
   7.0963888180489816        7.0425135029944492        7.0425135029944492     
   7.0401342448964277        6.9862715038549990        6.9862715038549990     
   6.9843231661428558        6.9304763226269772        6.9304763226269772     
   6.9289523887043112        6.8751246999700042        6.8751246999700042     
   6.8740187046945422        6.8202133639995361        6.8202133639995361     
   6.8195188965127338        6.7657390351852262        6.7657390351852262     
   6.7654497412751864        6.7116984306134553        6.7116984306134553     
   6.7118080146724246        6.6580882676933131        6.6580882676933131     
   6.6585904943231178        6.6049052673754725        6.6049052673754725     
   6.6057939626873221        6.5521461569447101        6.5521461569447101     
   6.5534152095938740        6.4998076724393385        6.4998076724393385     
   6.5014510344298788        6.4478865607441280        6.4478865607441280     
   6.4498982480344011        6.3963795813975368        6.3963795813975368     
   6.3987536743331495        6.3452835081489871        6.3452835081489871     
   6.3480141517464599        6.2945951302974548        6.2945951302974548     
   6.2976765343988514        6.2443112538387897        6.2443112538387897     
   6.2477376931549014        6.1944287024457427        6.1944287024457427     
   6.1981945165031789        6.1449443183016852        6.1449443183016852     
   6.1490439113072162        6.0958549628064400        6.0958549628064400     
   6.1002828034401837        6.0471575171702971        6.0471575171702971     
   6.0519081383178728        5.9988488829103259        5.9988488829103259     
   6.0039168813427475        5.9509259822613174        5.9509259822613174     
   5.9563060182702632        5.9033857585121590        5.9033857585121590     
   5.9090725555072892        5.8562251762771194        5.8562251762771194     
   5.8622135203511805        5.8094412217102995        5.8094412217102995     
   5.8157259611770691        5.7630309026705193        5.7630309026705193     
   5.7696069475799421        5.7169912488429881        5.7169912488429881     
   5.7238535704772877        5.6713193118232956        5.6713193118232956     
   5.6784629421773607        5.6260121651686159        5.6260121651686159     
   5.6334321964175178        5.5810669044203554        5.5810669044203554     
   5.5887584883764747        5.5364806471019907        5.5364806471019907     
   5.5444389946639001        5.4922505326953548        5.4922505326953548     
   5.5004709132903224        5.4483737225982090        5.4483737225982090     
   5.4568514636199481        5.4048474000656297        5.4048474000656297     
   5.4135778863086701        5.3616687701373689        5.3616687701373689     
   5.3706474432292790        5.3188350595531233        5.3188350595531233     
   5.3280574173856143        5.2763435166573602        5.2763435166573602     
   5.2858051128171786        5.2341914112951926        5.2341914112951926     
   5.7619602166574122        5.7873963430402497        5.7873963430402497     
   6.7977461208093946        6.8167507051811906        6.8167507051811906     
   7.6913504269068831        7.7041215609535696        7.7041215609535696     
   8.4604958230839422        8.4672775812335441        8.4672775812335441     
   9.1207087372415536        9.1217768367784835        9.1217768367784835     
   9.6855914044293812        9.6812417151343908        9.6812417151343908     
   10.167060231983548        10.157599648875484        10.157599648875484     
   10.575554637266793        10.561293906872253        10.561293906872253     
   10.920220015700689        10.901468171544090        10.901468171544090     
   11.209068043685416        11.186128162066643        11.186128162066643     
   11.449117124035171        11.422283158094727        11.422283158094727     
   11.646515433764002        11.616069923569045        11.616069923569045     
   11.806648729346232        11.772861219329192        11.772861219329192     
   11.934234797610868        11.897360821066256        11.897360821066256     
   12.033406206534774        11.993686720808730        11.993686720808730     
   12.107782805278255        12.065443981435543        12.065443981435543     
   12.160535243270107        12.115788530964060        12.115788530964060     
   12.194440620852600        12.147483023341275        12.147483023341275     
   12.211931246185184        12.162945752346603        12.162945752346603     
   12.215137352365586        12.164293482520373        12.164293482520373     
   12.205924522943208        12.153378953595860        12.153378953595860     
   12.185926481320063        12.131823720837268        12.131823720837268     
   12.156573818335401        12.101046911309888        12.101046911309888     
   12.119119161189500        12.062290403976665        12.062290403976665     
   12.074659224534088        12.016640878353773        12.016640878353773     
   12.024154129949570        11.965049121151006        11.965049121151006     
   11.968444332186410        11.908346931893782        11.908346931893782     
   11.908265448631767        11.847261926117328        11.847261926117328     
   11.844261251738493        11.782430497590932        11.782430497590932     
   11.776995051978840        11.714409168515274        11.714409168515274     
   11.706959670696044        11.643684528164586        11.643684528164586     
   11.634586177529748        11.570681935514687        11.570681935514687     
   11.560251545453292        11.495773139567769        11.495773139567769     
   11.484285357503461        11.419282951969297        11.419282951969297     
   11.406975682674057        11.341495089774162        11.341495089774162     
   11.328574223892989        11.262657291562510        11.262657291562510     
   11.249300828253523        11.182985797271686        11.182985797271686     
   11.169347438500326        11.102669270872823        11.102669270872823     
   11.088881554984974        11.021872235180117        11.021872235180117     
   11.008049268731531        10.940738079464225        10.940738079464225     
   10.926977918741013        10.859391692996162        10.859391692996162     
   10.845778420082302        10.777941771041219        10.777941771041219     
   10.764547303550936        10.696482834037282        10.696482834037282     
   10.683368502625475        10.615096995626272        10.615096995626272     
   10.602314919025165        10.533855510771570        10.533855510771570     
   10.521449794294790        10.452820131310258        10.452820131310258     
   10.440827911445375        10.372044292887844        10.372044292887844     
   10.360496647702735        10.291574154245078        10.291574154245078     
   10.280496896808138        10.211449507218617        10.211449507218617     
   10.200863877030557        10.131704573533884        10.131704573533884     
   10.121627839048195        10.052368702468943        10.052368702468943     
   10.042814686103265        9.9734669817173387        9.9734669817173387     
   9.9644465172974179        9.8950207722448393        9.8950207722448393     
   9.8865421035489973        9.8170481765924222        9.8170481765924222     
   9.8091173045539524        9.7395644489024953        9.7395644489024953     
   9.7321854340587919        9.6625823539159104        9.6625823539159104     
   9.6557575798487214        9.5861124812860599        9.5861124812860599     
   9.5798428840608754        9.5101635207671418        9.5101635207671418     
   9.5044487887376334        9.4347425031425498        9.4347425031425498     
   9.4295812509261996        9.3598550111542576        9.3598550111542576     
   9.3552449310971237        9.2855053641641501        9.2855053641641501     
   9.2814433581871931        9.2116967798143072        9.2116967798143072     
   9.2081790741625937        9.1384315155469160        9.1384315155469160     
   9.1354537606395425        9.0657109924887589        9.0657109924887589     
   9.0632683497852771        8.9935359038937204        8.9935359038937204     
   8.9916231214469615        8.9219063100639371        8.9219063100639371     
   8.9205177882147524        8.8508217214313962        8.8508217214313962     
   8.8499515699139870        8.7802811712726410        8.7802811712726410     
   8.7799232588361882        8.7102832793460632        8.7102832793460632     
   8.7104312768563990        8.6408263075809373        8.6408263075809373     
   8.6414737254421539        8.5719082088069154        8.5719082088069154     
   8.5730484294349516        8.5035266693897391        8.5035266693897391     
   8.5051529753758448        8.4356791465312604        8.4356791465312604     
   8.4377847450512995        8.3683629008975853        8.3683629008975853     
   8.3709409448516539        8.3015750251565894        8.3015750251565894     
   8.3046186314611177        8.2353124689338095        8.2353124689338095     
   8.2388147343340350        8.1695720606323388        8.1695720606323388     
   8.1735260753557260        8.1043505265070106        8.1043505265070106     
   8.1087493860369086        8.0396445073345770        8.0396445073345770     
   8.0444813225475116        7.9754505729790788        7.9754505729790788     
   7.9807184788577228        7.9117652351144532        7.9117652351144532     
   7.9174573982210061        7.8485849583337490        7.8485849583337490     
   7.8546945832047008        7.7859061698458811        7.7859061698458811     
   7.7924265044483674        7.7237252679357988        7.7237252679357988     
   7.7306496083077088        7.6620386293420992        7.6620386293420992     
   7.6693603235223486        7.6008426156869726        7.6008426156869726     
   7.6085550670286279        7.5401335790765405        7.5401335790765405     
   7.5482302490235478        7.4799078669750330        7.4799078669750330     
   7.4883822773728594        7.4201618264433131        7.4201618264433131     
   7.4290075614447648        7.3608918078210621        7.3608918078210621     
   7.3701025154406086        7.3020941679220250        7.3020941679220250     
   7.3116635612850969        7.2437652728031159        7.2437652728031159     
   7.2536871311308229        7.1859015001606004        7.1859015001606004     
   7.1961696695250899        7.1284992413999690        7.1284992413999690     
   7.1391076352811060        7.0715549034202967        7.0715549034202967     
   7.0824975030903525        7.0150649101488236        7.0150649101488236     
   7.0263357649084339        6.9590257038570504        6.9590257038570504     
   6.9706189311426625        6.9034337462857236        6.9034337462857236     
   6.9153435316661538        6.8482855196027135        6.8482855196027135     
   6.8605061166801393        6.7935775272147687        6.7935775272147687     
   6.8061032574434943        6.7393062944515467        6.7393062944515467     
   6.7521315468861420        6.6854683691380092        6.6854683691380092     
   6.6985876001209279        6.6320603220692842        6.6320603220692842     
   6.6454680548667291        6.5790787474003318        6.5790787474003318     
   6.5927695717940153        6.5265202629612151        6.5265202629612151     
   6.5404888348026429        6.4743815105074356        6.4743815105074356     
   6.4886225512405042        6.4226591559136237        6.4226591559136237     
   6.4371674520705220        6.3713498893178144        6.3713498893178144     
   6.3861202919926150        6.3204504252226767        6.3204504252226767     
   6.3354778495263746        6.2699575025592278        6.2699575025592278     
   6.2852369270595387        6.2198678847179192        6.2198678847179192     
   6.2353943508666694        6.1701783595513335        6.1701783595513335     
   6.1859469711019264        6.1208857393522225        6.1208857393522225     
   6.1368916617693241        6.0719868608101581        6.0719868608101581     
   6.0882253206734562        6.0234785849496228        6.0234785849496228     
   6.0399448693532811        5.9753577970520722        5.9753577970520722     
   5.9920472530012558        5.9276214065641231        5.9276214065641231     
   5.9445294403698155        5.8802663469938068        5.8802663469938068     
   5.8973884236669374        5.8332895757965275        5.8332895757965275     
   5.8506212184423347        5.7866880742522273        5.7866880742522273     
   6.3222972256293986        6.3354791556766452        6.3354791556766452     
   7.3536395531946326        7.3604549293813148        7.3604549293813148     
   8.2428355210933102        8.2434821768997377        8.2434821768997377     
   9.0076075380125307        9.0023292896542753        9.0023292896542753     
   9.6634817546223726        9.6525540611810285        9.6525540611810285     
   10.224060130940094        10.207778604019436        10.207778604019436     
   10.701258801450470        10.679930077934156        10.679930077934156     
   11.105516912828651        11.079451481165567        11.079451481165567     
   11.445979591955229        11.415486227664996        11.415486227664996     
   11.730658248818980        11.696039770284795        11.696039770284795     
   11.966571021935387        11.928121124484120        11.928121124484120     
   12.159865826115727        12.117866792118651        12.117866792118651     
   12.315928157710868        12.270649274036730        12.270649274036730     
   12.439475545489184        12.391172088015248        12.391172088015248     
   12.534640301413383        12.483552970228958        12.483552970228958     
   12.605042020659846        12.551396729747035        12.551396729747035     
   12.653851100687596        12.597859042804762        12.597859042804762     
   12.683844391867284        12.625702313578515        12.625702313578515     
   12.697453954369069        12.637344588072489        12.637344588072489     
   12.696809775267988        12.634902385031252        12.634902385031252     
   12.683777194041760        12.620228200355951        12.620228200355951     
   12.659989691956248        12.594943347426629        12.594943347426629     
   12.626877619634731        12.560466713356798        12.560466713356798     
   12.585693365966481        12.518039939074580        12.518039939074580     
   12.537533409182068        12.468749467962976        12.468749467962976     
   12.483357636315601        12.413545852485045        12.413545852485045     
   12.424006269431249        12.353260659790854        12.353260659790854     
   12.360214695075115        12.288621274896702        12.288621274896702     
   12.292626456689611        12.220263862894551        12.220263862894551     
   12.221804637552644        12.148744719134639        12.148744719134639     
   12.148241833614797        12.074550207853040        12.074550207853040     
   12.072368890910466        11.998105464785230        11.998105464785230     
   11.994562560580981        11.919782017476503        11.919782017476503     
   11.915152205590275        11.839904457884636        11.839904457884636     
   11.834425676604519        11.758756285131891        11.758756285131891     
   11.752634459955386        11.676585021606831        11.676585021606831     
   11.669998187857532        11.593606692782361        11.593606692782361     
   11.586708589881052        11.510009749878506        11.510009749878506     
   11.502932954893467        11.425958504658007        11.425958504658007     
   11.418817164111884        11.341596137026141        11.341596137026141     
   11.334488348394178        11.257047328561145        11.257047328561145     
   11.250057216316703        11.172420568494767        11.172420568494767     
   11.165620093819989        11.087810172877338        11.087810172877338     
   11.081260711152137        11.003298052596067        11.003298052596067     
   10.997051768413572        10.918955261479409        10.918955261479409     
   10.913056307129146        10.834843351836362        10.834843351836362     
   10.829328911876139        10.751015561378374        10.751015561378374     
   10.745916763020242        10.667517852493409        10.667517852493409     
   10.662860559003738        10.584389822233986        10.584389822233986     
   10.580195324345365        10.501665499097504        10.501665499097504     
   10.497951117509572        10.419374040677681        10.419374040677681     
   10.416153651049113        10.337540344515078        10.337540344515078     
   10.334824834888371        10.256185582941583        10.256185582941583     
   10.253983252268641        10.175327671371287        10.175327671371287     
   10.173644576697134        10.094981678314639        10.094981678314639     
   10.093821937208132        10.015160184363538        10.015160184363538     
   10.014526238339419        9.9358735964935754        9.9358735964935754     
   9.9357664404338930        9.8571304232405392        9.8571304232405392     
   9.8575498051813586        9.7789375156171605        9.7789375156171605     
   9.7798821107066711        9.7013002780309154        9.7013002780309154     
   9.7027678399769233        9.6242228529339009        9.6242228529339009     
   9.6262103458330799        9.5477082824717190        9.5477082824717190     
   9.5502119955419769        9.4717586499921023        9.4717586499921023     
   9.4747742974058813        9.3963752039182165        9.3963752039182165     
   9.3998980116524891        9.3215584661800346        9.3215584661800346     
   9.3255832475529346        9.2473083271244771        9.2473083271244771     
   9.2518295484740491        9.1736241285860753        9.1736241285860753     
   9.1786359663598116        9.1005047365908300        9.1005047365908300     
   9.1060011269517229        9.0279486049827327        9.0279486049827327     
   9.0339232868955683        8.9559538311021409        8.9559538311021409     
   8.9624003837399346        8.8845182045046744        8.8845182045046744     
   8.8914300797072698        8.8136392495864264        8.8136392495864264     
   8.8210098000091808        8.7433142628735663        8.7433142628735663     
   8.7511367663820625        8.6735403456401325        8.6735403456401325     
   8.6818080264353981        8.6043144324353129        8.6043144324353129     
   8.6130204793317180        8.5356333160291484        8.5356333160291484     
   8.5447708982528550        8.4674936692223444        8.4674936692223444     
   8.4770559500508860        8.3998920639104391        8.3998920639104391     
   8.4098722124327345        8.3328249877440523        8.3328249877440523     
   8.3432161889842238        8.2662888586844101        8.2662888586844101     
   8.2770843223014587        8.2002800377161673        8.2002800377161673     
   8.2114730054642404        8.1347948399469416        8.1347948399469416     
   8.1463785920571574        8.0698295442944357        8.0698295442944357     
   8.0817974049184720        8.0053804019370780        8.0053804019370780     
   8.0177257437746885        7.9414436436821676        7.9414436436821676     
   7.9541598918990237        7.8780154863864249        7.8780154863864249     
   7.8910961219149893        7.8150921385470253        7.8150921385470253     
   7.8285307008511849        7.7526698051665308        7.7526698051665308     
   7.7664598945403105        7.6907446919822524        7.6907446919822524     
   7.7048799714438667        7.6293130091393397        7.6293130091393397     
   7.6437872059739131        7.5683709743770100        7.5683709743770100     
   7.5831778813744268        7.5079148157887037        7.5079148157887037     
   7.5230482922170312        7.4479407742093935        7.4479407742093935     
   7.4633947465591106        7.3884451052766469        7.3884451052766469     
   7.4042135678063357        7.3294240812062563        7.3294240812062563     
   7.3455010963164638        7.2708739923181565        7.2708739923181565     
   7.2872536907766632        7.2127911483439142        7.2127911483439142     
   7.2294677293826552        7.1551718795431984        7.1551718795431984     
   7.1721396108444262        7.0980125376531884        7.0980125376531884     
   7.1152657552402259        7.0413094966919472        7.0413094966919472     
   7.0588426047378503        6.9850591536341158        6.9850591536341158     
   7.0028666241998554        6.9292579289750629        6.9292579289750629     
   6.9473343016873192        6.8739022671975469        6.8739022671975469     
   6.8922421488748968        6.8189886371532573        6.8189886371532573     
   6.8375867013883882        6.7645135323700218        6.7645135323700218     
   6.7833645190746079        6.7104734712941516        6.7104734712941516     
   6.7295721862121693        6.6568649974761902        6.6568649974761902     
   6.6762063116706827        6.6036846797073245        6.6036846797073245     
   6.6232635290249702        6.5509291121128035        6.5509291121128035     
   6.5707404966300755        6.4985949142079118        6.4985949142079118     
   6.5186338976621157        6.4466787309213700        6.4466787309213700     
   6.4669404401294015        6.3951772325904104        6.3951772325904104     
   6.4156568568577139        6.3440871149312557        6.3440871149312557     
   6.3647799054531289        6.2934050989882673        6.2934050989882673     
   6.3143063682453509        6.2431279310645991        6.2431279310645991     
   6.2642330522141947        6.1932523826368762        6.1932523826368762     
   6.2145567889014428        6.1437752502560636        6.1437752502560636     
   6.1652744343101302        6.0946933554364540        6.0946933554364540     
   6.1163828687929582        6.0460035445344218        6.0460035445344218     
   6.0678789969313929        5.9977026886184399        5.9977026886184399     
   6.5378321095725545        6.5448079916752082        6.5448079916752082     
   7.5674652054635159        7.5681114545545221        7.5681114545545221     
   8.4549654962126901        8.4494797512010287        8.4494797512010287     
   9.2180552830172697        9.2066811663055166        9.2066811663055166     
   9.8722606099098460        9.8552733875251928        9.8552733875251928     
   10.431183331115845        10.408878422366444        10.408878422366444     
   10.906739476167152        10.879423326399992        10.879423326399992     
   11.309368087618340        11.277350994504667        11.277350994504667     
   11.648214189055105        11.611804738096001        11.611804738096001     
   11.931289087990477        11.890789908309701        11.890789908309701     
   12.165610821276852        12.121315419700876        12.121315419700876     
   12.357327202868625        12.309517674027280        12.309517674027280     
   12.511823629059586        12.460769072839005        12.460769072839005     
   12.633817529354516        12.579773035407975        12.579773035407975     
   12.727441117239701        12.670647200190921        12.670647200190921     
   12.796313890196044        12.736996279319660        12.736996279319660     
   12.843606148761820        12.781975852866548        12.781975852866548     
   12.872094647155542        12.808348229613260        12.808348229613260     
   12.884211350157734        12.818531360931402        12.818531360931402     
   12.882086150210256        12.814641671688952        12.814641671688952     
   12.867584292908104        12.798531564660452        12.798531564660452     
   12.842339166378931        12.771822260843310        12.771822260843310     
   12.807781028846406        12.735932555706450        12.735932555706450     
   12.765162177532940        12.692103999265544        12.692103999265544     
   12.715578999729171        12.641422944717434        12.641422944717434     
   12.659991292250456        12.584839855059508        12.584839855059508     
   12.599239187657657        12.523186208690896        12.523186208690896     
   12.534057983703349        12.457189302585993        12.457189302585993     
   12.465091135740565        12.387485214498202        12.387485214498202     
   12.392901639656397        12.314630153136951        12.314630153136951     
   12.317982004703644        12.239110396789673        12.239110396789673     
   12.240762990906445        12.161350995929830        12.161350995929830     
   12.161621264077944        12.081723393521864        12.081723393521864     
   12.080886102530565        12.000552097618403        12.000552097618403     
   11.998845272950268        11.918120524106874        11.918120524106874     
   11.915750178354491        11.834676112805957        11.834676112805957     
   11.831820368304360        11.750434807278321        11.750434807278321     
   11.747247490371892        11.665584977488136        11.665584977488136     
   11.662198752076790        11.580290854591418        11.580290854591418     
   11.576819953933452        11.494695538530694        11.494695538530694     
   11.491238146737025        11.408923631560263        11.408923631560263     
   11.405563959636050        11.323083544221641        11.323083544221641     
   11.319893639773118        11.237269514503591        11.237269514503591     
   11.234310839223278        11.151563375855362        11.151563375855362     
   11.148888180533831        11.066036105286109        11.066036105286109     
   11.063688628291509        10.980749178899231        10.980749178899231     
   10.978766690745612        10.895755758809374        10.895755758809374     
   10.894169472539144        10.811101732411636        10.811101732411636     
   10.809937596992192        10.726826622364788        10.726826622364788     
   10.726106014097038        10.642964383366802        10.642964383366802     
   10.642704708382679        10.559544099801544        10.559544099801544     
   10.559759319052736        10.476590596584595        10.476590596584595     
   10.477291683264138        10.394124974003054        10.394124974003054     
   10.395320312067783        10.312165076001785        10.312165076001785     
   10.313860807352970        10.230725900192974        10.230725900192974     
   10.232926227104009        10.149819956836657        10.149819956836657     
   10.152527405372151        10.069457583138430        10.069457583138430     
   10.072673232572733        9.9896472184214851        9.9896472184214851     
   9.9933709010225407        9.9103956450388786        9.9103956450388786     
   9.9146261200235486        9.8317081992869380        9.8317081992869380     
   9.8364433042657442        9.7535889560507414        9.7535889560507414     
   9.7588257388544442        9.6760408904486610        9.6760408904486610     
   9.6817757238579869        9.5990660193366768        9.5990660193366768     
   9.6052947009130403        9.5226655251773895        9.5226655251773895     
   9.5293833641103696        9.4468398644671705        9.4468398644671705     
   9.4540417571086621        9.3715888626420796        9.3715888626420796     
   9.3792693581826132        9.2969117971443538        9.2969117971443538     
   9.3050651547002659        9.2228074701221221        9.2228074701221221     
   9.2314277083392806        9.1492742720518283        9.1492742720518283     
   9.1583552121896421        9.0763102374125069        9.0763102374125069     
   9.0858455407481422        9.0039130934006586        9.0039130934006586     
   9.0138962936854519        8.9320803025514408        8.9320803025514408     
   8.9425048341574431        8.8608091000242784        8.8608091000242784     
   8.8716683223368911        8.7900965262167290        8.7900965262167290     
   8.8013837447578727        8.7199394552878324        8.7199394552878324     
   8.7316479399918467        8.6503346200999349        8.6503346200999349     
   8.6624576211100806        8.5812786340246419        8.5812786340246419     
   8.5938093953307639        8.5127680100031728        8.5127680100031728     
   8.5256997811998474        8.4447991772028033        8.4447991772028033     
   8.4581252236113382        8.3773684955686356        8.3773684955686356     
   8.3910821069349595        8.3104722685326866        8.3104722685326866     
   8.3245667664858818        8.2441067541097190        8.2441067541097190     
   8.2585754985421360        8.1782681745806940        8.1782681745806940     
   8.1931045690898934        8.1129527249397597        8.1129527249397597     
   8.1281502214544030        8.0481565802587909        8.0481565802587909     
   8.0637086829549069        7.9838759021043462        7.9838759021043462     
   7.9997761707046635        7.9201068441251499        7.9201068441251499     
   7.9363488966622242        7.8568455569134903        7.8568455569134903     
   7.8734230720269602        7.7940881922310865        7.7940881922310865     
   7.8109949110602921        7.7318309066787014        7.7318309066787014     
   7.7490606344040209        7.6700698648789274        7.6700698648789274     
   7.6876164719582682        7.6088012422329241        7.6088012422329241     
   7.6266586653738333        7.5480212273043383        7.5480212273043383     
   7.5661834702069433        7.4877260238770038        7.4877260238770038     
   7.5061871577784620        7.4279118527272328        7.4279118527272328     
   7.4466660167743743        7.3685749531464237        7.3685749531464237     
   7.3876163546198494        7.3097115842452771        7.3097115842452771     
   7.3290344986551235        7.2513180260669925        7.2513180260669925     
   7.2709167971379927        7.1933905805334613        7.1933905805334613     
   7.2132596200946111        7.1359255722454256        7.1359255722454256     
   7.1560593600375988        7.0789193491549991        7.0789193491549991     
   7.0993124325681167        7.0223682831266583        7.0223682831266583     
   7.0430152768764938        6.9662687704007764        6.9662687704007764     
   6.9871643561541950        6.9106172319720640        6.9106172319720640     
   6.9317561579283051        6.8554101138936971        6.8554101138936971     
   6.8767871943283625        6.8006438875166033        6.8006438875166033     
   6.8222540022941063        6.7463150496721838        6.7463150496721838     
   6.7681531437316771        6.6924201228057196        6.6924201228057196     
   6.7144812056248622        6.6389556550668081        6.6389556550668081     
   6.6612348001071426        6.5859182203623758        6.5859182203623758     
   6.6084105644996178        6.5333044183771491        6.5333044183771491     
   6.5560051613192201        6.4811108745658137        6.4811108745658137     
   6.5040152782611083        6.4293342401206122        6.4293342401206122     
   6.4524376281586280        6.3779711919176201        6.3779711919176201     
   6.4012689489238142        6.3270184324445680        6.3270184324445680     
   6.3505060034710459        6.2764726897126888        6.2764726897126888     
   6.3001455796261219        6.2263307171548030        6.2263307171548030     
   6.2501844900227690        6.1765892935115199        6.1765892935115199     
   6.2006195719883035        6.1272452227072511        6.1272452227072511     
   6.1514476874200099        6.0782953337174908        6.0782953337174908     
   6.6207380848212880        6.6247567887741923        6.6247567887741923     
   7.6497137209251305        7.6474215472998681        7.6474215472998681     
   8.5365617656654784        8.5281562421492279        8.5281562421492279     
   9.2990044788932877        9.2847291172491548        9.2847291172491548     
   9.9525678636228019        9.9326978198186033        9.9326978198186033     
   10.510853733386378        10.485684317248777        10.485684317248777     
   10.985778077345543        10.955615625315682        10.955615625315682     
   11.387779898004645        11.352934599421358        11.352934599421358     
   11.726004179216771        11.686784511819917        11.686784511819917     
   12.008462189077425        11.965170674798506        11.965170674798506     
   12.242171925334070        12.195101964374032        12.195101964374032     
   12.433281163146267        12.382714744073926        12.382714744073926     
   12.587175260320638        12.533381377523375        12.533381377523375     
   12.708571608179994        12.651805246372378        12.651805246372378     
   12.801602382331444        12.742103951756302        12.742103951756302     
   12.869887042677101        12.807882168783754        12.807882168783754     
   12.916595852474469        12.852295440799656        12.852295440799656     
   12.944505528956919        12.878106040151664        12.878106040151664     
   12.956048000213139        12.887731882068424        12.887731882068424     
   12.953353122284122        12.883289355563713        12.883289355563713     
   12.938286104652668        12.866630827844299        12.866630827844299     
   12.912480299620610        12.839377484623961        12.839377484623961     
   12.877365929869899        12.802948086369883        12.802948086369883     
   12.834195257363080        12.758584148375608        12.758584148375608     
   12.784064634410550        12.707371989393250        12.707371989393250     
   12.727933823124813        12.650262038250650        12.650262038250650     
   12.666642921639086        12.588085739450362        12.588085739450362     
   12.600927193551314        12.521570356340996        12.521570356340996     
   12.531430060330763        12.451351933318824        12.451351933318824     
   12.458714484249446        12.377986646002615        12.377986646002615     
   12.383272941211665        12.301960739853493        12.301960739853493     
   12.305536158157514        12.223699232780879        12.223699232780879     
   12.225880768078467        12.143573535445308        12.143573535445308     
   12.144636016725554        12.061908123853584        12.061908123853584     
   12.062089638481559        11.978986382103317        11.978986382103317     
   11.978493004316913        11.895055718477339        11.895055718477339     
   11.894065631999876        11.810332045254411        11.810332045254411     
   11.808999137561724        11.725003701364708        11.725003701364708     
   11.723460697231536        11.639234887178192        11.639234887178192     
   11.637596080481231        11.553168672097279        11.553168672097279     
   11.551532307309650        11.466929628080130        11.466929628080130     
   11.465379976313249        11.380626135614177        11.380626135614177     
   11.379235304324821        11.294352402874177        11.294352402874177     
   11.293181913349967        11.208190233733569        11.208190233733569     
   11.207292396105007        11.122210575861969        11.122210575861969     
   11.121629687582256        11.036474876257634        11.036474876257634     
   11.036248266671286        10.951036268162579        10.951036268162579     
   10.951195208888196        10.865940610329943        10.865940610329943     
   10.866511108657157        10.781227397005344        10.781227397005344     
   10.782230887303678        10.696930554700598        10.696930554700598     
   10.698384500917321        10.613079139838597        10.613079139838597     
   10.614997560487801        10.529697949597313        10.529697949597313     
   10.532091875181882        10.446808056747841        10.446808056747841     
   10.449685928282264        10.364427277938855        10.364427277938855     
   10.367795294130254        10.282570583704427        10.282570583704427     
   10.286433003380633        10.201250457442796        10.201250457442796     
   10.205609862971851        10.120477209712366        10.120477209712366     
   10.125334736421451        10.040259253402008        10.040259253402008     
   10.045614789361730        9.9606033446416493        9.9606033446416493     
   9.9664557046217883        9.8815147937139791        9.8815147937139791     
   9.8878618706286758        9.8029976496982556        9.8029976496982556     
   9.8098365464330382        9.7250548621131951        9.7250548621131951     
   9.7323820062551594        9.6476884224196322        9.6476884224196322     
   9.6554996660886339        9.5708994878879050        9.5708994878879050     
   9.5791901945845179        9.4946884900233819        9.4946884900233819     
   9.5034536101635130        9.4190552294707643        9.4190552294707643     
   9.4282893660624865        9.3439989590789931        9.3439989590789931     
   9.3536964248102006        9.2695184565993749        9.2695184565993749     
   9.2796733234420152        9.1956120883064312        9.1956120883064312     
   9.2062182306010332        9.1222778646706235        9.1222778646706235     
   9.1333289965310360        9.0495134890716891        9.0495134890716891     
   9.0610031968420106        8.9773164004182746        8.9773164004182746     
   8.9892381708199540        8.9056838104320608        8.9056838104320608     
   8.9180310549570585        8.8346127362600981        8.8346127362600981     
   8.8473788122946058        8.7641000289966655        8.7641000289966655     
   8.7772782580975690        8.6941423986236082        8.6941423986236082     
   8.7077260823155420        8.6247364358148246        8.6247364358148246     
   8.6387188692284180        8.5558786309951547        8.5558786309951547     
   8.5702531146257392        8.4875653909953783        8.4875653909953783     
   8.5023252408255772        8.4197930536025467        8.4197930536025467     
   8.4349316098007456        8.3525579002676427        8.3525579002676427     
   8.3680685346471204        8.2858561671999986        8.2858561671999986     
   8.3017322895996397        8.2196840550493508        8.2196840550493508     
   8.2359191187761898        8.1540377373514268        8.1540377373514268     
   8.1706252438071498        8.0889133678911200        8.0889133678911200     
   8.1058468704889410        8.0243070871180571        8.0243070871180571     
   8.0415801945826786        7.9602150277327377        7.9602150277327377     
   7.9778214068640940        7.8966333195465781        7.8966333195465781     
   7.9145666975177305        7.8335580937064409        7.8335580937064409     
   7.8518122599568256        7.7709854863629246        7.7709854863629246     
   7.7895542941403288        7.7089116418518318        7.7089116418518318     
   7.7277890094495305        7.6473327154495996        7.6473327154495996     
   7.6665126271791131        7.5862448757559280        7.5862448757559280     
   7.6057213826906205        7.5256443067501957        7.5256443067501957     
   7.5454115272703728        7.4655272095624738        7.4655272095624738     
   7.4855793297286999        7.4058898039948771        7.4058898039948771     
   7.4262210777727233        7.3467283298245114        7.3467283298245114     
   7.3673330791810043        7.2880390479154453        7.2880390479154453     
   7.3089116628047899        7.2298182411636533        7.2298182411636533     
   7.2509531794175848        7.1720622152959610        7.1720622152959610     
   7.1934540024320359        7.1147672995413460        7.1147672995413460     
   7.1364105285007966        7.0579298471907270        7.0579298471907270     
   7.0798191780159536        7.0015462360593022        7.0015462360593022     
   7.0236763955198027        6.9456128688638028        6.9456128688638028     
   6.9679786500381535        6.8901261735254478        6.8901261735254478     
   6.9127224353459837        6.8350826034080621        6.8350826034080621     
   6.8579042701740311        6.7804786374996437        6.7804786374996437     
   6.8035206983638332        6.7263107805446172        6.7263107805446172     
   6.7495682889778292        6.6725755631331349        6.6725755631331349     
   6.6960436363702742        6.6192695417529608        6.6192695417529608     
   6.6429433602240309        6.5663892988088151        6.5663892988088151     
   6.5902641055576732        6.5139314426134325        6.5139314426134325     
   6.5380025427067645        6.4618926073540432        6.4618926073540432     
   6.4861553672827181        6.4102694530375679        6.4102694530375679     
   6.4347193001122145        6.3590586654173418        6.3590586654173418     
   6.3836910871597645        6.3082569559039001        6.3082569559039001     
   6.3330674994357166        6.2578610614619814        6.2578610614619814     
   6.2828453328916929        6.2078677444956769        6.2078677444956769     
   6.2330214083052029        6.1582737927233939        6.1582737927233939     
   6.1835925711549633        6.1090760190440845        6.1090760190440845     
   6.1345556914882691        6.0602712613960392        6.0602712613960392     
   6.0859076637815743        6.0118563826093485        6.0118563826093485     
   6.0376454067953151        5.9638282702530123        5.9638282702530123     
   5.9897658634238748        5.9161838364775567        5.9161838364775567     
   5.9422660005414629        5.8689200178539016        5.8689200178539016     
   5.8951428088446036        5.8220337752091318        5.8220337752091318     
   5.8483933026918269        5.7755220934597400        5.7755220934597400     
   5.8020145199410900        5.7293819814428462        5.7293819814428462     
   5.7560035217853782        5.6836104717458218        5.6836104717458218     
   5.7103573925868938        5.6382046205346859        5.6382046205346859     
   5.6650732397101740        5.5931615073816365        5.5931615073816365     
   5.6201481933544493        5.5484782350919684        5.5484782350919684     
   5.5755794063854944        5.5041519295306474        5.5041519295306474     
   5.5313640541672164        5.4601797394487539        5.4601797394487539     
   5.4874993343931688        5.4165588363099983        5.4165588363099983     
   5.4439824669181780        5.3732864141174357        5.3732864141174357     
   5.4008106935902189        5.3303596892405780        5.3303596892405780     
   5.3579812780826899        5.2877759002429681        5.2877759002429681     
   5.3154915057271790        5.2455323077103762        5.2455323077103762     
   5.2733386833468403        5.2036261940796678        5.2036261940796678     
   5.2315201390904527        5.1620548634684473        5.1620548634684473     
   5.1900332222672390        5.1208156415055450        5.1208156415055450     
   5.1488753031825096        5.0799058751623871        5.0799058751623871     
   5.1080437729741739        5.0393229325853248        5.0393229325853248     
   5.0675360434501888        4.9990642029289383        4.9990642029289383     
   5.0273495469269536        4.9591270961903779        4.9591270961903779     
   4.9874817360687071        4.9195090430447479        4.9195090430447479     
   4.9479300837279494        4.8802074946815761        4.8802074946815761     
   4.9086920827868976        4.8412199226423800        4.8412199226423800     
   4.8697652460000178        4.8025438186593510        4.8025438186593510     
   4.8311471058376307        4.7641766944951707        4.7641766944951707     
   4.7928352143306068        4.7261160817839603        4.7261160817839603     
   4.7548271429161710        4.6883595318733908        4.6883595318733908     
   4.7171204822848072        4.6509046156679412        4.6509046156679412     
   4.6797128422282839        4.6137489234733131        4.6137489234733131     
   4.6426018514887968        4.5768900648420132        4.5768900648420132     
   4.6057851576092252        4.5403256684200981        4.5403256684200981     
   4.5692604267845169        4.5040533817950701        4.5040533817950701     
   4.5330253437141899        4.4680708713449473        4.4680708713449473     
   4.4970776114559472        4.4323758220884857        4.4323758220884857     
   4.4614149512804184        4.3969659375365504        4.3969659375365504     
   4.4260351025270008        4.3618389395446480        4.3618389395446480     
   4.3909358224608228        4.3269925681665971        4.3269925681665971     
   4.3561148861307970        4.2924245815093416        4.2924245815093416     
   4.3215700862287809        4.2581327555889015        4.2581327555889015     
   4.2872992329498354        4.2241148841874478        4.2241148841874478     
   4.2533001538535578        4.1903687787115063        4.1903687787115063     
   4.2195706937265083        4.1568922680512763        4.1568922680512763     
   4.1861087144457088        4.1236831984410509        4.1236831984410509     
   4.1529120948432032        4.0907394333207527        4.0907394333207527     
   4.1199787305716962        4.0580588531985535        4.0580588531985535     
   4.0873065339712262        4.0256393555145884        4.0256393555145884     
   4.0548934339369032        3.9934788545057462        3.9934788545057462     
   4.0227373757876776        3.9615752810715348        3.9615752810715348     
   3.9908363211361517        3.9299265826410128        3.9299265826410128     
   3.9591882477594065        3.8985307230407735        3.8985307230407735     
   3.9277911494708531        3.8673856823639827        3.8673856823639827     
   3.8966430359930984        3.8364894568404591        3.8364894568404591     
   3.8657419328318103        3.8058400587077843        3.8058400587077843     
   3.8350858811505799        3.7754355160834434        3.7754355160834434     
   3.8046729376467745        3.7452738728379833        3.7452738728379833     
   3.7745011744283730        3.7153531884691784        3.7153531884691784     
   3.7445686788917731        3.6856715379772043        3.6856715379772043     
   3.7148735536005661        3.6562270117408024        3.6562270117408024     
   3.6854139161652721        3.6270177153944370        3.6270177153944370     
   3.6561878991240278        3.5980417697064260        3.5980417697064260     
   3.6271936498242154        3.5692973104580479        3.5692973104580479     
   3.5984293303050352        3.5407824883236145        3.5407824883236145     
   3.5698931171810009        3.5124954687514971        3.5124954687514971     
   3.5415832015263629        3.4844344318461045        3.4844344318461045     
   3.5134977887604473        3.4565975722508031        3.4565975722508031     
   3.4856350985339013        3.4289830990317700        3.4289830990317700     
   3.4579933646158389        3.4015892355627759        3.4015892355627759     
   3.4305708347818853        3.3744142194108862        3.3744142194108862     
   3.4033657707031053        3.3474563022230748        3.3474563022230748     
   3.3763764478358134        3.3207137496137435        3.3207137496137435     
   3.3496011553122558        3.2941848410531418        3.2941848410531418     
   3.3230381958321620        3.2678678697566719        3.2678678697566719     
   3.2966858855551529        3.2417611425750872        3.2417611425750872     
   3.2705425539940021        3.2158629798855562        3.2158629798855562     
   3.2446065439087484        3.1901717154836073        3.1901717154836073     
   3.2188762112016391        3.1646856964759298        3.1646856964759298     
   3.1933499248129147        3.1394032831740333        3.1394032831740333     
   3.1680260666174149        3.1143228489887580        3.1143228489887580     
   3.1429030313220054        3.0894427803256228        3.0894427803256228     
   3.1179792263638189        3.0647614764810158        3.0647614764810158     
   3.0932530718093014        3.0402773495392106        3.0402773495392106     
   3.0687230002540646        3.0159888242702033        3.0159888242702033     
   3.0443874567235198        2.9918943380283691        2.9918943380283691     
   3.0202448985743144        2.9679923406519291        2.9679923406519291     
   2.9962937953965412        2.9442812943632135        2.9442812943632135     
   2.9725326289167251        2.9207596736697323        2.9207596736697323     
   2.9489598929015797        2.8974259652660250        2.8974259652660250     
   2.9255740930625254        2.8742786679363030        2.8742786679363030     
   2.9023737469609676        2.8513162924578652        2.8513162924578652     
   2.8793573839143232        2.8285373615052860        2.8285373615052860     
   2.8565235449027941        2.8059404095553706        2.8059404095553706     
   2.8338707824768794        2.7835239827928668        2.7835239827928668     
   2.8113976606656204        2.7612866390169315        2.7612866390169315     
   2.7891027548855738        2.7392269475483442        2.7392269475483442     
   2.7669846518505063        2.7173434891374635        2.7173434891374635     
   2.7450419494818079        2.6956348558729135        2.6956348558729135     
   2.7232732568196099        2.6740996510910087        2.6740996510910087     
   2.7016771939346151        2.6527364892858913        2.6527364892858913     
   2.6802523918406198        2.6315439960203979        2.6315439960203979     
   2.6589974924077366        2.6105208078376276        2.6105208078376276     
   2.6379111482762982        2.5896655721732258        2.5896655721732258     
   0.0000000000000000     
  0.20000000000000001     
  0.40000000000000002     
  0.60000000000000009     
  0.80000000000000004     
   1.0000000000000000     
   1.2000000000000000     
   1.3999999999999999     
   1.5999999999999999     
   1.7999999999999998     
   1.9999999999999998     
   2.1999999999999997     
   2.3999999999999999     
   2.6000000000000001     
   2.8000000000000003     
   3.0000000000000004     
   3.2000000000000006     
   3.4000000000000008     
   3.6000000000000010     
   3.8000000000000012     
   4.0000000000000009     
   4.2000000000000011     
   4.4000000000000012     
   4.6000000000000014     
   4.8000000000000016     
   5.0000000000000018     
   5.2000000000000020     
   5.4000000000000021     
   5.6000000000000023     
   5.8000000000000025     
   6.0000000000000027     
   6.2000000000000028     
   6.4000000000000030     
   6.6000000000000032     
   6.8000000000000034     
   7.0000000000000036     
   7.2000000000000037     
   7.4000000000000039     
   7.6000000000000041     
   7.8000000000000043     
   8.0000000000000036     
   8.2000000000000028     
   8.4000000000000021     
   8.6000000000000014     
   8.8000000000000007     
   9.0000000000000000     
   9.1999999999999993     
   9.3999999999999986     
   9.5999999999999979     
   9.7999999999999972     
   9.9999999999999964     
   10.199999999999996     
   10.399999999999995     
   10.599999999999994     
   10.799999999999994     
   10.999999999999993     
   11.199999999999992     
   11.399999999999991     
   11.599999999999991     
   11.799999999999990     
   11.999999999999989     
   12.199999999999989     
   12.399999999999988     
   12.599999999999987     
   12.799999999999986     
   12.999999999999986     
   13.199999999999985     
   13.399999999999984     
   13.599999999999984     
   13.799999999999983     
   13.999999999999982     
   14.199999999999982     
   14.399999999999981     
   14.599999999999980     
   14.799999999999979     
   14.999999999999979     
   15.199999999999978     
   15.399999999999977     
   15.599999999999977     
   15.799999999999976     
   15.999999999999975     
   16.199999999999974     
   16.399999999999974     
   16.599999999999973     
   16.799999999999972     
   16.999999999999972     
   17.199999999999971     
   17.399999999999970     
   17.599999999999969     
   17.799999999999969     
   17.999999999999968     
   18.199999999999967     
   18.399999999999967     
   18.599999999999966     
   18.799999999999965     
   18.999999999999964     
   19.199999999999964     
   19.399999999999963     
   19.599999999999962     
   19.799999999999962     
   19.999999999999961     
   20.199999999999960     
   20.399999999999959     
   20.599999999999959     
   20.799999999999958     
   20.999999999999957     
   21.199999999999957     
   21.399999999999956     
   21.599999999999955     
   21.799999999999955     
   21.999999999999954     
   22.199999999999953     
   22.399999999999952     
   22.599999999999952     
   22.799999999999951     
   22.999999999999950     
   23.199999999999950     
   23.399999999999949     
   23.599999999999948     
   23.799999999999947     
   23.999999999999947     
   24.199999999999946     
   24.399999999999945     
   24.599999999999945     
   24.799999999999944     
   24.999999999999943     
   25.199999999999942     
   25.399999999999942     
   25.599999999999941     
   25.799999999999940     
   25.999999999999940     
   26.199999999999939     
   26.399999999999938     
   26.599999999999937     
   26.799999999999937     
   26.999999999999936     
   27.199999999999935     
   27.399999999999935     
   27.599999999999934     
   27.799999999999933     
   27.999999999999932     
   28.199999999999932     
   28.399999999999931     
   28.599999999999930     
   28.799999999999930     
   28.999999999999929     
   29.199999999999928     
   29.399999999999928     
   29.599999999999927     
   29.799999999999926     
   29.999999999999925     
   30.199999999999925     
   30.399999999999924     
   30.599999999999923     
   30.799999999999923     
   30.999999999999922     
   31.199999999999921     
   31.399999999999920     
   31.599999999999920     
   31.799999999999919     
   31.999999999999918     
   32.199999999999918     
   32.399999999999920     
   32.599999999999923     
   32.799999999999926     
   32.999999999999929     
   33.199999999999932     
   33.399999999999935     
   33.599999999999937     
   33.799999999999940     
   33.999999999999943     
   34.199999999999946     
   34.399999999999949     
   34.599999999999952     
   34.799999999999955     
   34.999999999999957     
   35.199999999999960     
   35.399999999999963     
   35.599999999999966     
   35.799999999999969     
   35.999999999999972     
   36.199999999999974     
   36.399999999999977     
   36.599999999999980     
   36.799999999999983     
   36.999999999999986     
   37.199999999999989     
   37.399999999999991     
   37.599999999999994     
   37.799999999999997     
   38.000000000000000     
   38.200000000000003     
   38.400000000000006     
   38.600000000000009     
   38.800000000000011     
   39.000000000000014     
   39.200000000000017     
   39.400000000000020     
   39.600000000000023     
   39.800000000000026     
   40.000000000000028     
   40.200000000000031     
   40.400000000000034     
   40.600000000000037     
   40.800000000000040     
   41.000000000000043     
   41.200000000000045     
   41.400000000000048     
   41.600000000000051     
   41.800000000000054     
   42.000000000000057     
   42.200000000000060     
   42.400000000000063     
   42.600000000000065     
   42.800000000000068     
   43.000000000000071     
   43.200000000000074     
   43.400000000000077     
   43.600000000000080     
   43.800000000000082     
   44.000000000000085     
   44.200000000000088     
   44.400000000000091     
   44.600000000000094     
   44.800000000000097     
   45.000000000000099     
   45.200000000000102     
   45.400000000000105     
   45.600000000000108     
   45.800000000000111     
   46.000000000000114     
   46.200000000000117     
   46.400000000000119     
   46.600000000000122     
   46.800000000000125     
   47.000000000000128     
   47.200000000000131     
   47.400000000000134     
   47.600000000000136     
   47.800000000000139     
   48.000000000000142     
   48.200000000000145     
   48.400000000000148     
   48.600000000000151     
   48.800000000000153     
   49.000000000000156     
   49.200000000000159     
   49.400000000000162     
   49.600000000000165     
   49.800000000000168     
   50.000000000000171     
   50.200000000000173     
   50.400000000000176     
   50.600000000000179     
   50.800000000000182     
   51.000000000000185     
   51.200000000000188     
   51.400000000000190     
   51.600000000000193     
   51.800000000000196     
   52.000000000000199     
   52.200000000000202     
   52.400000000000205     
   52.600000000000207     
   52.800000000000210     
   53.000000000000213     
   53.200000000000216     
   53.400000000000219     
   53.600000000000222     
   53.800000000000225     
   54.000000000000227     
   54.200000000000230     
   54.400000000000233     
   54.600000000000236     
   54.800000000000239     
   55.000000000000242     
   55.200000000000244     
   55.400000000000247     
   55.600000000000250     
   55.800000000000253     
   56.000000000000256     
   56.200000000000259     
   56.400000000000261     
   56.600000000000264     
   56.800000000000267     
   57.000000000000270     
   57.200000000000273     
   57.400000000000276     
   57.600000000000279     
   57.800000000000281     
   58.000000000000284     
   58.200000000000287     
   58.400000000000290     
   58.600000000000293     
   58.800000000000296     
   59.000000000000298     
   59.200000000000301     
   59.400000000000304     
   59.600000000000307     
   59.800000000000310     
   60.000000000000313     
   60.200000000000315     
   60.400000000000318     
   60.600000000000321     
   60.800000000000324     
   61.000000000000327     
   61.200000000000330     
   61.400000000000333     
   61.600000000000335     
   61.800000000000338     
   62.000000000000341     
   62.200000000000344     
   62.400000000000347     
   62.600000000000350     
   62.800000000000352     
   63.000000000000355     
   63.200000000000358     
   63.400000000000361     
   63.600000000000364     
   63.800000000000367     
   64.000000000000369     
   64.200000000000372     
   64.400000000000375     
   64.600000000000378     
   64.800000000000381     
   65.000000000000384     
   65.200000000000387     
   65.400000000000389     
   65.600000000000392     
   65.800000000000395     
   66.000000000000398     
   66.200000000000401     
   66.400000000000404     
   66.600000000000406     
   66.800000000000409     
   67.000000000000412     
   67.200000000000415     
   67.400000000000418     
   67.600000000000421     
   67.800000000000423     
   68.000000000000426     
   68.200000000000429     
   68.400000000000432     
   68.600000000000435     
   68.800000000000438     
   69.000000000000441     
   69.200000000000443     
   69.400000000000446     
   69.600000000000449     
   69.800000000000452     
   70.000000000000455     
   70.200000000000458     
   70.400000000000460     
   70.600000000000463     
   70.800000000000466     
   71.000000000000469     
   71.200000000000472     
   71.400000000000475     
   71.600000000000477     
   71.800000000000480     
   72.000000000000483     
   72.200000000000486     
   72.400000000000489     
   72.600000000000492     
   72.800000000000495     
   73.000000000000497     
   73.200000000000500     
   73.400000000000503     
   73.600000000000506     
   73.800000000000509     
   74.000000000000512     
   74.200000000000514     
   74.400000000000517     
   74.600000000000520     
   74.800000000000523     
   75.000000000000526     
   75.200000000000529     
   75.400000000000531     
   75.600000000000534     
   75.800000000000537     
   76.000000000000540     
   76.200000000000543     
   76.400000000000546     
   76.600000000000549     
   76.800000000000551     
   77.000000000000554     
   77.200000000000557     
   77.400000000000560     
   77.600000000000563     
   77.800000000000566     
   78.000000000000568     
   78.200000000000571     
   78.400000000000574     
   78.600000000000577     
   78.800000000000580     
   79.000000000000583     
   79.200000000000585     
   79.400000000000588     
   79.600000000000591     
   79.800000000000594     
   80.000000000000597     
   80.200000000000600     
   80.400000000000603     
   80.600000000000605     
   80.800000000000608     
   81.000000000000611     
   81.200000000000614     
   81.400000000000617     
   81.600000000000620     
   81.800000000000622     
   82.000000000000625     
   82.200000000000628     
   82.400000000000631     
   82.600000000000634     
   82.800000000000637     
   83.000000000000639     
   83.200000000000642     
   83.400000000000645     
   83.600000000000648     
   83.800000000000651     
   84.000000000000654     
   84.200000000000657     
   84.400000000000659     
   84.600000000000662     
   84.800000000000665     
   85.000000000000668     
   85.200000000000671     
   85.400000000000674     
   85.600000000000676     
   85.800000000000679     
   86.000000000000682     
   86.200000000000685     
   86.400000000000688     
   86.600000000000691     
   86.800000000000693     
   87.000000000000696     
   87.200000000000699     
   87.400000000000702     
   87.600000000000705     
   87.800000000000708     
   88.000000000000711     
   88.200000000000713     
   88.400000000000716     
   88.600000000000719     
   88.800000000000722     
   89.000000000000725     
   89.200000000000728     
   89.400000000000730     
   89.600000000000733     
   89.800000000000736     
   90.000000000000739     
   90.200000000000742     
   90.400000000000745     
   90.600000000000747     
   90.800000000000750     
   91.000000000000753     
   91.200000000000756     
   91.400000000000759     
   91.600000000000762     
   91.800000000000765     
   92.000000000000767     
   92.200000000000770     
   92.400000000000773     
   92.600000000000776     
   92.800000000000779     
   93.000000000000782     
   93.200000000000784     
   93.400000000000787     
   93.600000000000790     
   93.800000000000793     
   94.000000000000796     
   94.200000000000799     
   94.400000000000801     
   94.600000000000804     
   94.800000000000807     
   95.000000000000810     
   95.200000000000813     
   95.400000000000816     
   95.600000000000819     
   95.800000000000821     
   96.000000000000824     
   96.200000000000827     
   96.400000000000830     
   96.600000000000833     
   96.800000000000836     
   97.000000000000838     
   97.200000000000841     
   97.400000000000844     
   97.600000000000847     
   97.800000000000850     
   98.000000000000853     
   98.200000000000855     
   98.400000000000858     
   98.600000000000861     
   98.800000000000864     
   99.000000000000867     
   99.200000000000870     
   99.400000000000873     
   99.600000000000875     
   99.800000000000878     
   100.00000000000088     
   100.20000000000088     
   100.40000000000089     
   100.60000000000089     
   100.80000000000089     
   101.00000000000090     
   101.20000000000090     
   101.40000000000090     
   101.60000000000090     
   101.80000000000091     
   102.00000000000091     
   102.20000000000091     
   102.40000000000092     
   102.60000000000092     
   102.80000000000092     
   103.00000000000092     
   103.20000000000093     
   103.40000000000093     
   103.60000000000093     
   103.80000000000094     
   104.00000000000094     
   104.20000000000094     
   104.40000000000094     
   104.60000000000095     
   104.80000000000095     
   105.00000000000095     
   105.20000000000095     
   105.40000000000096     
   105.60000000000096     
   105.80000000000096     
   106.00000000000097     
   106.20000000000097     
   106.40000000000097     
   106.60000000000097     
   106.80000000000098     
   107.00000000000098     
   107.20000000000098     
   107.40000000000099     
   107.60000000000099     
   107.80000000000099     
   108.00000000000099     
   108.20000000000100     
   108.40000000000100     
   108.60000000000100     
   108.80000000000101     
   109.00000000000101     
   109.20000000000101     
   109.40000000000101     
   109.60000000000102     
   109.80000000000102     
   110.00000000000102     
   110.20000000000103     
   110.40000000000103     
   110.60000000000103     
   110.80000000000103     
   111.00000000000104     
   111.20000000000104     
   111.40000000000104     
   111.60000000000105     
   111.80000000000105     
   112.00000000000105     
   112.20000000000105     
   112.40000000000106     
   112.60000000000106     
   112.80000000000106     
   113.00000000000107     
   113.20000000000107     
   113.40000000000107     
   113.60000000000107     
   113.80000000000108     
   114.00000000000108     
   114.20000000000108     
   114.40000000000109     
   114.60000000000109     
   114.80000000000109     
   115.00000000000109     
   115.20000000000110     
   115.40000000000110     
   115.60000000000110     
   115.80000000000111     
   116.00000000000111     
   116.20000000000111     
   116.40000000000111     
   116.60000000000112     
   116.80000000000112     
   117.00000000000112     
   117.20000000000113     
   117.40000000000113     
   117.60000000000113     
   117.80000000000113     
   118.00000000000114     
   118.20000000000114     
   118.40000000000114     
   118.60000000000115     
   118.80000000000115     
   119.00000000000115     
   119.20000000000115     
   119.40000000000116     
   119.60000000000116     
   119.80000000000116     
   120.00000000000117     
   120.20000000000117     
   120.40000000000117     
   120.60000000000117     
   120.80000000000118     
   121.00000000000118     
   121.20000000000118     
   121.40000000000119     
   121.60000000000119     
   121.80000000000119     
   122.00000000000119     
   122.20000000000120     
   122.40000000000120     
   122.60000000000120     
   122.80000000000121     
   123.00000000000121     
   123.20000000000121     
   123.40000000000121     
   123.60000000000122     
   123.80000000000122     
   124.00000000000122     
   124.20000000000122     
   124.40000000000123     
   124.60000000000123     
   124.80000000000123     
   125.00000000000124     
   125.20000000000124     
   125.40000000000124     
   125.60000000000124     
   125.80000000000125     
   126.00000000000125     
   126.20000000000125     
   126.40000000000126     
   126.60000000000126     
   126.80000000000126     
   127.00000000000126     
   127.20000000000127     
   127.40000000000127     
   127.60000000000127     
   127.80000000000128     
   128.00000000000128     
   128.20000000000127     
   128.40000000000126     
   128.60000000000124     
   128.80000000000123     
   129.00000000000122     
   129.20000000000121     
   129.40000000000120     
   129.60000000000119     
   129.80000000000118     
   130.00000000000117     
   130.20000000000115     
   130.40000000000114     
   130.60000000000113     
   130.80000000000112     
   131.00000000000111     
   131.20000000000110     
   131.40000000000109     
   131.60000000000107     
   131.80000000000106     
   132.00000000000105     
   132.20000000000104     
   132.40000000000103     
   132.60000000000102     
   132.80000000000101     
   133.00000000000099     
   133.20000000000098     
   133.40000000000097     
   133.60000000000096     
   133.80000000000095     
   134.00000000000094     
   134.20000000000093     
   134.40000000000092     
   134.60000000000090     
   134.80000000000089     
   135.00000000000088     
   135.20000000000087     
   135.40000000000086     
   135.60000000000085     
   135.80000000000084     
   136.00000000000082     
   136.20000000000081     
   136.40000000000080     
   136.60000000000079     
   136.80000000000078     
   137.00000000000077     
   137.20000000000076     
   137.40000000000074     
   137.60000000000073     
   137.80000000000072     
   138.00000000000071     
   138.20000000000070     
   138.40000000000069     
   138.60000000000068     
   138.80000000000067     
   139.00000000000065     
   139.20000000000064     
   139.40000000000063     
   139.60000000000062     
   139.80000000000061     
   140.00000000000060     
   140.20000000000059     
   140.40000000000057     
   140.60000000000056     
   140.80000000000055     
   141.00000000000054     
   141.20000000000053     
   141.40000000000052     
   141.60000000000051     
   141.80000000000049     
   142.00000000000048     
   142.20000000000047     
   142.40000000000046     
   142.60000000000045     
   142.80000000000044     
   143.00000000000043     
   143.20000000000041     
   143.40000000000040     
   143.60000000000039     
   143.80000000000038     
   144.00000000000037     
   144.20000000000036     
   144.40000000000035     
   144.60000000000034     
   144.80000000000032     
   145.00000000000031     
   145.20000000000030     
   145.40000000000029     
   145.60000000000028     
   145.80000000000027     
   146.00000000000026     
   146.20000000000024     
   146.40000000000023     
   146.60000000000022     
   146.80000000000021     
   147.00000000000020     
   147.20000000000019     
   147.40000000000018     
   147.60000000000016     
   147.80000000000015     
   148.00000000000014     
   148.20000000000013     
   148.40000000000012     
   148.60000000000011     
   148.80000000000010     
   149.00000000000009     
   149.20000000000007     
   149.40000000000006     
   149.60000000000005     
   149.80000000000004     
   150.00000000000003     
   150.20000000000002     
   150.40000000000001     
   150.59999999999999     
   150.79999999999998     
   150.99999999999997     
   151.19999999999996     
   151.39999999999995     
   151.59999999999994     
   151.79999999999993     
   151.99999999999991     
   152.19999999999990     
   152.39999999999989     
   152.59999999999988     
   152.79999999999987     
   152.99999999999986     
   153.19999999999985     
   153.39999999999984     
   153.59999999999982     
   153.79999999999981     
   153.99999999999980     
   154.19999999999979     
   154.39999999999978     
   154.59999999999977     
   154.79999999999976     
   154.99999999999974     
   155.19999999999973     
   155.39999999999972     
   155.59999999999971     
   155.79999999999970     
   155.99999999999969     
   156.19999999999968     
   156.39999999999966     
   156.59999999999965     
   156.79999999999964     
   156.99999999999963     
   157.19999999999962     
   157.39999999999961     
   157.59999999999960     
   157.79999999999959     
   157.99999999999957     
   158.19999999999956     
   158.39999999999955     
   158.59999999999954     
   158.79999999999953     
   158.99999999999952     
   159.19999999999951     
   159.39999999999949     
   159.59999999999948     
   159.79999999999947     
   159.99999999999946     
   160.19999999999945     
   160.39999999999944     
   160.59999999999943     
   160.79999999999941     
   160.99999999999940     
   161.19999999999939     
   161.39999999999938     
   161.59999999999937     
   161.79999999999936     
   161.99999999999935     
   162.19999999999933     
   162.39999999999932     
   162.59999999999931     
   162.79999999999930     
   162.99999999999929     
   163.19999999999928     
   163.39999999999927     
   163.59999999999926     
   163.79999999999924     
   163.99999999999923     
   164.19999999999922     
   164.39999999999921     
   164.59999999999920     
   164.79999999999919     
   164.99999999999918     
   165.19999999999916     
   165.39999999999915     
   165.59999999999914     
   165.79999999999913     
   165.99999999999912     
   166.19999999999911     
   166.39999999999910     
   166.59999999999908     
   166.79999999999907     
   166.99999999999906     
   167.19999999999905     
   167.39999999999904     
   167.59999999999903     
   167.79999999999902     
   6.7681531437319959        6.6924201228060349        6.6924201228060349     
   6.4962524308955123        6.4216034976395600        6.4216034976395600     
   6.2501844900230701        6.1765892935118147        6.1765892935118147     
   12.942488713165934        12.876290694675127        12.876290694675127     
   12.233922917437836        12.151660406108464        12.151660406108464     
   10.951195208888649        10.865940610330396        10.865940610330396     
   6.8089395968234605        6.7317080404183685        6.7317080404183685     
  0.66122921072044971        3.9808984732104667E-002   64.620379556849883        2.5130147923677972     
  0.66400000000000048        4.0105000000000002E-002   64.649999999999949        2.5000000000000013     
  0.66400000000000048        4.0105000000000002E-002   64.649999999999949        2.5000000000000013     
