  icycle     fobj1          gamma          res     grid points (start and end)
    1     -12.077384       4.545455      0.20000     20011    1
    2     -11.457554       3.787879      0.20000         9    1
    3     -10.301327       2.705628      0.20000         9    1
    4      -8.323117       1.503126      0.20000         9    1
    5      -5.933191       1.503126      0.20000         9    1
    6      -5.933191       1.503126      0.10000         9    1
    7      -5.925420       1.503126      0.05000         9    1
    8      -5.925420       1.252605      0.05000         9    1
    9      -5.743323       1.252605      0.05000         9    1
   10      -5.743323       1.252605      0.02500         9    1
   11      -5.743323       1.252605      0.01250         9    1
   12      -5.743323       1.252605      0.00625         9    1
   13      -5.743309       1.252605      0.00313         9    1
   14      -5.743302       1.268263      0.00156         9    1
   15      -5.742390       1.268263      0.00156         9    1
   16      -5.742069       1.268263      0.00078         9    1
   17      -5.741887       1.268263      0.00078         9    1
   18      -5.741726       1.268263      0.00078         9    1
   19      -5.741587       1.268263      0.00078         9    1
   20      -5.741468       1.268263      0.00078         9    1
   21      -5.741371       1.268263      0.00078         9    1
   22      -5.741330       1.268263      0.00039         9    1
   23      -5.741312       1.268263      0.00020         9    1
 res set to .2  checkbig=   1.0000000000000000E+030
   24      -5.741312       1.268263      0.20000         9    1
   25      -5.741312       1.268263      0.10000         9    1
   26      -5.741312       1.268263      0.05000         9    1
   27      -5.741312       1.268263      0.02500         9    1
   28      -5.741312       1.268263      0.01250         9    1
   29      -5.741312       1.268263      0.00625         9    1
   30      -5.741196       1.268263      0.00313         9    1
   31      -5.741087       1.268263      0.00313         9    1
   32      -5.741082       1.268263      0.00313         9    1
   33      -5.741000       1.268263      0.00156         9    1
   34      -5.740954       1.268263      0.00078         9    1
   35      -5.740190       1.268263      0.00039         9    1
   36      -5.739918       1.268263      0.00039         9    1
   37      -5.739874       1.268263      0.00039         9    1
   38      -5.739843       1.268263      0.00020         9    1
 res set to .2  checkbig=   1.4693054057142163E-003
