  SUBJECT NO.     1

 COL. 1. = PREDICTION TIMES
 COL. 2. = PRED. VALUES FOR OUTPUT EQ. 1, BASED ON POSTERIOR MEANS
 COL. 3. = PRED. VALUES FOR OUTPUT EQ. 1, BASED ON POSTERIOR MEDIANS
 COL. 4. = PRED. VALUES FOR OUTPUT EQ. 1, BASED ON POSTERIOR MODES
 EACH ADDITIONAL OUTPUT EQ. HAS 3 COLUMNS OF PREDICTED VALUES
 BASED, IN ORDER, ON THE POSTERIOR MEANS, MEDIANS, AND MODES: 
-------------------------------------------------------------
      0.0000            0.0000            0.0000            0.0000    
     0.20000            0.0000            0.0000            0.0000    
     0.40000            0.0000            0.0000            0.0000    
     0.60000            0.0000            0.0000            0.0000    
     0.80000            0.0000            0.0000            0.0000    
      1.0000            0.0000            0.0000            0.0000    
      1.2000            0.0000            0.0000            0.0000    
      1.4000            0.0000            0.0000            0.0000    
      1.6000            0.0000            0.0000            0.0000    
      1.8000            0.0000            0.0000            0.0000    
      2.0000            0.0000            0.0000            0.0000    
      2.2000            0.0000            0.0000            0.0000    
      2.4000            0.0000            0.0000            0.0000    
      2.6000           0.51807           0.59502           0.59502    
      2.8000            1.5954            1.6659            1.6659    
      3.0000            2.5303            2.5944            2.5944    
      3.2000            3.3404            3.3984            3.3984    
      3.4000            4.0412            4.0933            4.0933    
      3.6000            4.6464            4.6930            4.6930    
      3.8000            5.1678            5.2092            5.2092    
      4.0000            5.6159            5.6524            5.6524    
      4.2000            5.9999            6.0318            6.0318    
      4.4000            6.3278            6.3554            6.3554    
      4.6000            6.6065            6.6301            6.6301    
      4.8000            6.8423            6.8622            6.8622    
      5.0000            7.0406            7.0570            7.0570    
      5.2000            7.2060            7.2191            7.2191    
      5.4000            7.3426            7.3528            7.3528    
      5.6000            7.4542            7.4617            7.4617    
      5.8000            7.5439            7.5488            7.5488    
      6.0000            7.6144            7.6170            7.6170    
      6.2000            7.6682            7.6686            7.6686    
      6.4000            7.7074            7.7059            7.7059    
      6.6000            7.7340            7.7306            7.7306    
      6.8000            7.7494            7.7444            7.7444    
      7.0000            7.7553            7.7486            7.7486    
      7.2000            7.7527            7.7447            7.7447    
      7.4000            7.7429            7.7335            7.7335    
      7.6000            7.7267            7.7161            7.7161    
      7.8000            7.7051            7.6934            7.6934    
      8.0000            7.6787            7.6660            7.6660    
      8.2000            7.6483            7.6345            7.6345    
      8.4000            7.6143            7.5996            7.5996    
      8.6000            7.5772            7.5618            7.5618    
      8.8000            7.5376            7.5214            7.5214    
      9.0000            7.4958            7.4788            7.4788    
      9.2000            7.4520            7.4344            7.4344    
      9.4000            7.4067            7.3885            7.3885    
      9.6000            7.3600            7.3412            7.3412    
      9.8000            7.3122            7.2929            7.2929    
      10.000            7.2635            7.2436            7.2436    
      10.200            7.2140            7.1937            7.1937    
      10.400            7.1639            7.1431            7.1431    
      10.600            7.1133            7.0921            7.0921    
      10.800            7.0624            7.0408            7.0408    
      11.000            7.0111            6.9892            6.9892    
      11.200            6.9597            6.9374            6.9374    
      11.400            6.9082            6.8855            6.8855    
      11.600            6.8566            6.8336            6.8336    
      11.800            6.8051            6.7818            6.7818    
      12.000            6.7536            6.7300            6.7300    
      12.200            6.7022            6.6783            6.6783    
      12.400            6.6509            6.6268            6.6268    
      12.600            6.5998            6.5755            6.5755    
      12.800            6.5489            6.5243            6.5243    
      13.000            6.4983            6.4735            6.4735    
      13.200            6.4479            6.4228            6.4228    
      13.400            6.3977            6.3724            6.3724    
      13.600            6.3478            6.3224            6.3224    
      13.800            6.2982            6.2726            6.2726    
      14.000            6.2489            6.2231            6.2231    
      14.200            6.2000            6.1739            6.1739    
      14.400            6.1513            6.1251            6.1251    
      14.600            6.1030            6.0766            6.0766    
      14.800            6.0550            6.0284            6.0284    
      15.000            6.0073            5.9806            5.9806    
      15.200            5.9599            5.9331            5.9331    
      15.400            5.9129            5.8859            5.8859    
      15.600            5.8663            5.8391            5.8391    
      15.800            5.8200            5.7927            5.7927    
      16.000            5.7740            5.7466            5.7466    
      16.200            5.7283            5.7008            5.7008    
      16.400            5.6830            5.6554            5.6554    
      16.600            5.6381            5.6103            5.6103    
      16.800            5.5935            5.5656            5.5656    
      17.000            5.5492            5.5212            5.5212    
      17.200            5.5053            5.4772            5.4772    
      17.400            5.4617            5.4335            5.4335    
      17.600            5.4185            5.3902            5.3902    
      17.800            5.3755            5.3471            5.3471    
      18.000            5.3330            5.3045            5.3045    
      18.200            5.2907            5.2621            5.2621    
      18.400            5.2488            5.2201            5.2201    
      18.600            5.2072            5.1785            5.1785    
      18.800            5.1659            5.1371            5.1371    
      19.000            5.1250            5.0961            5.0961    
      19.200            5.0844            5.0554            5.0554    
      19.400            5.0441            5.0150            5.0150    
      19.600            5.0041            4.9750            4.9750    
      19.800            4.9644            4.9353            4.9353    
      20.000            4.9251            4.8958            4.8958    
      20.200            4.8860            4.8567            4.8567    
      20.400            4.8473            4.8179            4.8179    
      20.600            4.8088            4.7795            4.7795    
      20.800            4.7707            4.7413            4.7413    
      21.000            4.7329            4.7034            4.7034    
      21.200            4.6954            4.6658            4.6658    
      21.400            4.6581            4.6286            4.6286    
      21.600            4.6212            4.5916            4.5916    
      21.800            4.5845            4.5549            4.5549    
      22.000            4.5482            4.5185            4.5185    
      22.200            4.5121            4.4824            4.4824    
      22.400            4.4763            4.4466            4.4466    
      22.600            4.4409            4.4111            4.4111    
      22.800            4.4056            4.3759            4.3759    
      23.000            4.3707            4.3409            4.3409    
      23.200            4.3360            4.3062            4.3062    
      23.400            4.3017            4.2718            4.2718    
      23.600            4.2675            4.2377            4.2377    
      23.800            4.2337            4.2039            4.2039    
      24.000            4.2001            4.1703            4.1703    
      24.200            4.1668            4.1370            4.1370    
      24.400            4.1338            4.1039            4.1039    
      24.600            4.1010            4.0711            4.0711    
      24.800            4.0685            4.0386            4.0386    
      25.000            4.0362            4.0063            4.0063    
      25.200            4.0042            3.9743            3.9743    
      25.400            3.9725            3.9426            3.9426    
      25.600            3.9410            3.9111            3.9111    
      25.800            3.9097            3.8798            3.8798    
      26.000            3.8787            3.8488            3.8488    
      26.200            3.8479            3.8181            3.8181    
      26.400            3.8174            3.7876            3.7876    
      26.600            4.3052            4.3524            4.3524    
      26.800            5.3526            5.3932            5.3932    
      27.000            6.2576            6.2919            6.2919    
      27.200            7.0381            7.0664            7.0664    
      27.400            7.7096            7.7321            7.7321    
      27.600            8.2857            8.3026            8.3026    
      27.800            8.7783            8.7900            8.7900    
      28.000            9.1978            9.2046            9.2046    
      28.200            9.5534            9.5556            9.5556    
      28.400            9.8531            9.8510            9.8510    
      28.600            10.104            10.098            10.098    
      28.800            10.312            10.302            10.302    
      29.000            10.483            10.470            10.470    
      29.200            10.621            10.604            10.604    
      29.400            10.730            10.711            10.711    
      29.600            10.815            10.793            10.793    
      29.800            10.878            10.854            10.854    
      30.000            10.922            10.895            10.895    
      30.200            10.950            10.921            10.921    
      30.400            10.963            10.932            10.932    
      30.600            10.964            10.931            10.931    
      30.800            10.953            10.919            10.919    
      31.000            10.934            10.898            10.898    
      31.200            10.906            10.869            10.869    
      31.400            10.871            10.833            10.833    
      31.600            10.830            10.791            10.791    
      31.800            10.784            10.743            10.743    
      32.000            10.733            10.692            10.692    
      32.200            10.679            10.636            10.636    
      32.400            10.621            10.577            10.577    
      32.600            10.560            10.516            10.516    
      32.800            10.496            10.452            10.452    
      33.000            10.431            10.386            10.386    
      33.200            10.364            10.318            10.318    
      33.400            10.296            10.249            10.249    
      33.600            10.226            10.179            10.179    
      33.800            10.156            10.108            10.108    
      34.000            10.084            10.036            10.036    
      34.200            10.012            9.9639            9.9639    
      34.400            9.9402            9.8912            9.8912    
      34.600            9.8676            9.8182            9.8182    
      34.800            9.7948            9.7451            9.7451    
      35.000            9.7219            9.6719            9.6719    
      35.200            9.6489            9.5987            9.5987    
      35.400            9.5761            9.5256            9.5256    
      35.600            9.5034            9.4526            9.4526    
      35.800            9.4308            9.3798            9.3798    
      36.000            9.3585            9.3072            9.3072    
      36.200            9.2864            9.2350            9.2350    
      36.400            9.2147            9.1630            9.1630    
      36.600            9.1433            9.0914            9.0914    
      36.800            9.0722            9.0202            9.0202    
      37.000            9.0016            8.9494            8.9494    
      37.200            8.9313            8.8790            8.8790    
      37.400            8.8614            8.8090            8.8090    
      37.600            8.7920            8.7394            8.7394    
      37.800            8.7230            8.6703            8.6703    
      38.000            8.6545            8.6017            8.6017    
      38.200            8.5865            8.5335            8.5335    
      38.400            8.5189            8.4659            8.4659    
      38.600            8.4518            8.3986            8.3986    
      38.800            8.3851            8.3319            8.3319    
      39.000            8.3190            8.2657            8.2657    
      39.200            8.2533            8.1999            8.1999    
      39.400            8.1881            8.1347            8.1347    
      39.600            8.1234            8.0699            8.0699    
      39.800            8.0592            8.0056            8.0056    
      40.000            7.9955            7.9418            7.9418    
      40.200            7.9322            7.8785            7.8785    
      40.400            7.8694            7.8157            7.8157    
      40.600            7.8071            7.7534            7.7534    
      40.800            7.7453            7.6916            7.6916    
      41.000            7.6840            7.6302            7.6302    
      41.200            7.6231            7.5693            7.5693    
      41.400            7.5628            7.5089            7.5089    
      41.600            7.5029            7.4490            7.4490    
      41.800            7.4434            7.3895            7.3895    
      42.000            7.3844            7.3305            7.3305    
      42.200            7.3259            7.2720            7.2720    
      42.400            7.2678            7.2140            7.2140    
      42.600            7.2102            7.1564            7.1564    
      42.800            7.1531            7.0992            7.0992    
      43.000            7.0964            7.0425            7.0425    
      43.200            7.0401            6.9863            6.9863    
      43.400            6.9843            6.9305            6.9305    
      43.600            6.9290            6.8751            6.8751    
      43.800            6.8740            6.8202            6.8202    
      44.000            6.8195            6.7657            6.7657    
      44.200            6.7654            6.7117            6.7117    
      44.400            6.7118            6.6581            6.6581    
      44.600            6.6586            6.6049            6.6049    
      44.800            6.6058            6.5521            6.5521    
      45.000            6.5534            6.4998            6.4998    
      45.200            6.5015            6.4479            6.4479    
      45.400            6.4499            6.3964            6.3964    
      45.600            6.3988            6.3453            6.3453    
      45.800            6.3480            6.2946            6.2946    
      46.000            6.2977            6.2443            6.2443    
      46.200            6.2477            6.1944            6.1944    
      46.400            6.1982            6.1449            6.1449    
      46.600            6.1490            6.0959            6.0959    
      46.800            6.1003            6.0472            6.0472    
      47.000            6.0519            5.9988            5.9988    
      47.200            6.0039            5.9509            5.9509    
      47.400            5.9563            5.9034            5.9034    
      47.600            5.9091            5.8562            5.8562    
      47.800            5.8622            5.8094            5.8094    
      48.000            5.8157            5.7630            5.7630    
      48.200            5.7696            5.7170            5.7170    
      48.400            5.7239            5.6713            5.6713    
      48.600            5.6785            5.6260            5.6260    
      48.800            5.6334            5.5811            5.5811    
      49.000            5.5888            5.5365            5.5365    
      49.200            5.5444            5.4923            5.4923    
      49.400            5.5005            5.4484            5.4484    
      49.600            5.4569            5.4048            5.4048    
      49.800            5.4136            5.3617            5.3617    
      50.000            5.3706            5.3188            5.3188    
      50.200            5.3281            5.2763            5.2763    
      50.400            5.2858            5.2342            5.2342    
      50.600            5.7620            5.7874            5.7874    
      50.800            6.7977            6.8168            6.8168    
      51.000            7.6914            7.7041            7.7041    
      51.200            8.4605            8.4673            8.4673    
      51.400            9.1207            9.1218            9.1218    
      51.600            9.6856            9.6812            9.6812    
      51.800            10.167            10.158            10.158    
      52.000            10.576            10.561            10.561    
      52.200            10.920            10.901            10.901    
      52.400            11.209            11.186            11.186    
      52.600            11.449            11.422            11.422    
      52.800            11.647            11.616            11.616    
      53.000            11.807            11.773            11.773    
      53.200            11.934            11.897            11.897    
      53.400            12.033            11.994            11.994    
      53.600            12.108            12.065            12.065    
      53.800            12.161            12.116            12.116    
      54.000            12.194            12.147            12.147    
      54.200            12.212            12.163            12.163    
      54.400            12.215            12.164            12.164    
      54.600            12.206            12.153            12.153    
      54.800            12.186            12.132            12.132    
      55.000            12.157            12.101            12.101    
      55.200            12.119            12.062            12.062    
      55.400            12.075            12.017            12.017    
      55.600            12.024            11.965            11.965    
      55.800            11.968            11.908            11.908    
      56.000            11.908            11.847            11.847    
      56.200            11.844            11.782            11.782    
      56.400            11.777            11.714            11.714    
      56.600            11.707            11.644            11.644    
      56.800            11.635            11.571            11.571    
      57.000            11.560            11.496            11.496    
      57.200            11.484            11.419            11.419    
      57.400            11.407            11.341            11.341    
      57.600            11.329            11.263            11.263    
      57.800            11.249            11.183            11.183    
      58.000            11.169            11.103            11.103    
      58.200            11.089            11.022            11.022    
      58.400            11.008            10.941            10.941    
      58.600            10.927            10.859            10.859    
      58.800            10.846            10.778            10.778    
      59.000            10.765            10.696            10.696    
      59.200            10.683            10.615            10.615    
      59.400            10.602            10.534            10.534    
      59.600            10.521            10.453            10.453    
      59.800            10.441            10.372            10.372    
      60.000            10.360            10.292            10.292    
      60.200            10.280            10.211            10.211    
      60.400            10.201            10.132            10.132    
      60.600            10.122            10.052            10.052    
      60.800            10.043            9.9735            9.9735    
      61.000            9.9644            9.8950            9.8950    
      61.200            9.8865            9.8170            9.8170    
      61.400            9.8091            9.7396            9.7396    
      61.600            9.7322            9.6626            9.6626    
      61.800            9.6558            9.5861            9.5861    
      62.000            9.5798            9.5102            9.5102    
      62.200            9.5044            9.4347            9.4347    
      62.400            9.4296            9.3599            9.3599    
      62.600            9.3552            9.2855            9.2855    
      62.800            9.2814            9.2117            9.2117    
      63.000            9.2082            9.1384            9.1384    
      63.200            9.1355            9.0657            9.0657    
      63.400            9.0633            8.9935            8.9935    
      63.600            8.9916            8.9219            8.9219    
      63.800            8.9205            8.8508            8.8508    
      64.000            8.8500            8.7803            8.7803    
      64.200            8.7799            8.7103            8.7103    
      64.400            8.7104            8.6408            8.6408    
      64.600            8.6415            8.5719            8.5719    
      64.800            8.5730            8.5035            8.5035    
      65.000            8.5052            8.4357            8.4357    
      65.200            8.4378            8.3684            8.3684    
      65.400            8.3709            8.3016            8.3016    
      65.600            8.3046            8.2353            8.2353    
      65.800            8.2388            8.1696            8.1696    
      66.000            8.1735            8.1044            8.1044    
      66.200            8.1087            8.0396            8.0396    
      66.400            8.0445            7.9755            7.9755    
      66.600            7.9807            7.9118            7.9118    
      66.800            7.9175            7.8486            7.8486    
      67.000            7.8547            7.7859            7.7859    
      67.200            7.7924            7.7237            7.7237    
      67.400            7.7306            7.6620            7.6620    
      67.600            7.6694            7.6008            7.6008    
      67.800            7.6086            7.5401            7.5401    
      68.000            7.5482            7.4799            7.4799    
      68.200            7.4884            7.4202            7.4202    
      68.400            7.4290            7.3609            7.3609    
      68.600            7.3701            7.3021            7.3021    
      68.800            7.3117            7.2438            7.2438    
      69.000            7.2537            7.1859            7.1859    
      69.200            7.1962            7.1285            7.1285    
      69.400            7.1391            7.0716            7.0716    
      69.600            7.0825            7.0151            7.0151    
      69.800            7.0263            6.9590            6.9590    
      70.000            6.9706            6.9034            6.9034    
      70.200            6.9153            6.8483            6.8483    
      70.400            6.8605            6.7936            6.7936    
      70.600            6.8061            6.7393            6.7393    
      70.800            6.7521            6.6855            6.6855    
      71.000            6.6986            6.6321            6.6321    
      71.200            6.6455            6.5791            6.5791    
      71.400            6.5928            6.5265            6.5265    
      71.600            6.5405            6.4744            6.4744    
      71.800            6.4886            6.4227            6.4227    
      72.000            6.4372            6.3713            6.3713    
      72.200            6.3861            6.3205            6.3205    
      72.400            6.3355            6.2700            6.2700    
      72.600            6.2852            6.2199            6.2199    
      72.800            6.2354            6.1702            6.1702    
      73.000            6.1859            6.1209            6.1209    
      73.200            6.1369            6.0720            6.0720    
      73.400            6.0882            6.0235            6.0235    
      73.600            6.0399            5.9754            5.9754    
      73.800            5.9920            5.9276            5.9276    
      74.000            5.9445            5.8803            5.8803    
      74.200            5.8974            5.8333            5.8333    
      74.400            5.8506            5.7867            5.7867    
      74.600            6.3223            6.3355            6.3355    
      74.800            7.3536            7.3605            7.3605    
      75.000            8.2428            8.2435            8.2435    
      75.200            9.0076            9.0023            9.0023    
      75.400            9.6635            9.6526            9.6526    
      75.600            10.224            10.208            10.208    
      75.800            10.701            10.680            10.680    
      76.000            11.106            11.079            11.079    
      76.200            11.446            11.415            11.415    
      76.400            11.731            11.696            11.696    
      76.600            11.967            11.928            11.928    
      76.800            12.160            12.118            12.118    
      77.000            12.316            12.271            12.271    
      77.200            12.439            12.391            12.391    
      77.400            12.535            12.484            12.484    
      77.600            12.605            12.551            12.551    
      77.800            12.654            12.598            12.598    
      78.000            12.684            12.626            12.626    
      78.200            12.697            12.637            12.637    
      78.400            12.697            12.635            12.635    
      78.600            12.684            12.620            12.620    
      78.800            12.660            12.595            12.595    
      79.000            12.627            12.560            12.560    
      79.200            12.586            12.518            12.518    
      79.400            12.538            12.469            12.469    
      79.600            12.483            12.414            12.414    
      79.800            12.424            12.353            12.353    
      80.000            12.360            12.289            12.289    
      80.200            12.293            12.220            12.220    
      80.400            12.222            12.149            12.149    
      80.600            12.148            12.075            12.075    
      80.800            12.072            11.998            11.998    
      81.000            11.995            11.920            11.920    
      81.200            11.915            11.840            11.840    
      81.400            11.834            11.759            11.759    
      81.600            11.753            11.677            11.677    
      81.800            11.670            11.594            11.594    
      82.000            11.587            11.510            11.510    
      82.200            11.503            11.426            11.426    
      82.400            11.419            11.342            11.342    
      82.600            11.334            11.257            11.257    
      82.800            11.250            11.172            11.172    
      83.000            11.166            11.088            11.088    
      83.200            11.081            11.003            11.003    
      83.400            10.997            10.919            10.919    
      83.600            10.913            10.835            10.835    
      83.800            10.829            10.751            10.751    
      84.000            10.746            10.668            10.668    
      84.200            10.663            10.584            10.584    
      84.400            10.580            10.502            10.502    
      84.600            10.498            10.419            10.419    
      84.800            10.416            10.338            10.338    
      85.000            10.335            10.256            10.256    
      85.200            10.254            10.175            10.175    
      85.400            10.174            10.095            10.095    
      85.600            10.094            10.015            10.015    
      85.800            10.015            9.9359            9.9359    
      86.000            9.9358            9.8571            9.8571    
      86.200            9.8575            9.7789            9.7789    
      86.400            9.7799            9.7013            9.7013    
      86.600            9.7028            9.6242            9.6242    
      86.800            9.6262            9.5477            9.5477    
      87.000            9.5502            9.4718            9.4718    
      87.200            9.4748            9.3964            9.3964    
      87.400            9.3999            9.3216            9.3216    
      87.600            9.3256            9.2473            9.2473    
      87.800            9.2518            9.1736            9.1736    
      88.000            9.1786            9.1005            9.1005    
      88.200            9.1060            9.0279            9.0279    
      88.400            9.0339            8.9560            8.9560    
      88.600            8.9624            8.8845            8.8845    
      88.800            8.8914            8.8136            8.8136    
      89.000            8.8210            8.7433            8.7433    
      89.200            8.7511            8.6735            8.6735    
      89.400            8.6818            8.6043            8.6043    
      89.600            8.6130            8.5356            8.5356    
      89.800            8.5448            8.4675            8.4675    
      90.000            8.4771            8.3999            8.3999    
      90.200            8.4099            8.3328            8.3328    
      90.400            8.3432            8.2663            8.2663    
      90.600            8.2771            8.2003            8.2003    
      90.800            8.2115            8.1348            8.1348    
      91.000            8.1464            8.0698            8.0698    
      91.200            8.0818            8.0054            8.0054    
      91.400            8.0177            7.9414            7.9414    
      91.600            7.9542            7.8780            7.8780    
      91.800            7.8911            7.8151            7.8151    
      92.000            7.8285            7.7527            7.7527    
      92.200            7.7665            7.6907            7.6907    
      92.400            7.7049            7.6293            7.6293    
      92.600            7.6438            7.5684            7.5684    
      92.800            7.5832            7.5079            7.5079    
      93.000            7.5230            7.4479            7.4479    
      93.200            7.4634            7.3884            7.3884    
      93.400            7.4042            7.3294            7.3294    
      93.600            7.3455            7.2709            7.2709    
      93.800            7.2873            7.2128            7.2128    
      94.000            7.2295            7.1552            7.1552    
      94.200            7.1721            7.0980            7.0980    
      94.400            7.1153            7.0413            7.0413    
      94.600            7.0588            6.9851            6.9851    
      94.800            7.0029            6.9293            6.9293    
      95.000            6.9473            6.8739            6.8739    
      95.200            6.8922            6.8190            6.8190    
      95.400            6.8376            6.7645            6.7645    
      95.600            6.7834            6.7105            6.7105    
      95.800            6.7296            6.6569            6.6569    
      96.000            6.6762            6.6037            6.6037    
      96.200            6.6233            6.5509            6.5509    
      96.400            6.5707            6.4986            6.4986    
      96.600            6.5186            6.4467            6.4467    
      96.800            6.4669            6.3952            6.3952    
      97.000            6.4157            6.3441            6.3441    
      97.200            6.3648            6.2934            6.2934    
      97.400            6.3143            6.2431            6.2431    
      97.600            6.2642            6.1933            6.1933    
      97.800            6.2146            6.1438            6.1438    
      98.000            6.1653            6.0947            6.0947    
      98.200            6.1164            6.0460            6.0460    
      98.400            6.0679            5.9977            5.9977    
      98.600            6.5378            6.5448            6.5448    
      98.800            7.5675            7.5681            7.5681    
      99.000            8.4550            8.4495            8.4495    
      99.200            9.2181            9.2067            9.2067    
      99.400            9.8723            9.8553            9.8553    
      99.600            10.431            10.409            10.409    
      99.800            10.907            10.879            10.879    
      100.00            11.309            11.277            11.277    
      100.20            11.648            11.612            11.612    
      100.40            11.931            11.891            11.891    
      100.60            12.166            12.121            12.121    
      100.80            12.357            12.310            12.310    
      101.00            12.512            12.461            12.461    
      101.20            12.634            12.580            12.580    
      101.40            12.727            12.671            12.671    
      101.60            12.796            12.737            12.737    
      101.80            12.844            12.782            12.782    
      102.00            12.872            12.808            12.808    
      102.20            12.884            12.819            12.819    
      102.40            12.882            12.815            12.815    
      102.60            12.868            12.799            12.799    
      102.80            12.842            12.772            12.772    
      103.00            12.808            12.736            12.736    
      103.20            12.765            12.692            12.692    
      103.40            12.716            12.641            12.641    
      103.60            12.660            12.585            12.585    
      103.80            12.599            12.523            12.523    
      104.00            12.534            12.457            12.457    
      104.20            12.465            12.387            12.387    
      104.40            12.393            12.315            12.315    
      104.60            12.318            12.239            12.239    
      104.80            12.241            12.161            12.161    
      105.00            12.162            12.082            12.082    
      105.20            12.081            12.001            12.001    
      105.40            11.999            11.918            11.918    
      105.60            11.916            11.835            11.835    
      105.80            11.832            11.750            11.750    
      106.00            11.747            11.666            11.666    
      106.20            11.662            11.580            11.580    
      106.40            11.577            11.495            11.495    
      106.60            11.491            11.409            11.409    
      106.80            11.406            11.323            11.323    
      107.00            11.320            11.237            11.237    
      107.20            11.234            11.152            11.152    
      107.40            11.149            11.066            11.066    
      107.60            11.064            10.981            10.981    
      107.80            10.979            10.896            10.896    
      108.00            10.894            10.811            10.811    
      108.20            10.810            10.727            10.727    
      108.40            10.726            10.643            10.643    
      108.60            10.643            10.560            10.560    
      108.80            10.560            10.477            10.477    
      109.00            10.477            10.394            10.394    
      109.20            10.395            10.312            10.312    
      109.40            10.314            10.231            10.231    
      109.60            10.233            10.150            10.150    
      109.80            10.153            10.069            10.069    
      110.00            10.073            9.9896            9.9896    
      110.20            9.9934            9.9104            9.9104    
      110.40            9.9146            9.8317            9.8317    
      110.60            9.8364            9.7536            9.7536    
      110.80            9.7588            9.6760            9.6760    
      111.00            9.6818            9.5991            9.5991    
      111.20            9.6053            9.5227            9.5227    
      111.40            9.5294            9.4468            9.4468    
      111.60            9.4540            9.3716            9.3716    
      111.80            9.3793            9.2969            9.2969    
      112.00            9.3051            9.2228            9.2228    
      112.20            9.2314            9.1493            9.1493    
      112.40            9.1584            9.0763            9.0763    
      112.60            9.0858            9.0039            9.0039    
      112.80            9.0139            8.9321            8.9321    
      113.00            8.9425            8.8608            8.8608    
      113.20            8.8717            8.7901            8.7901    
      113.40            8.8014            8.7199            8.7199    
      113.60            8.7316            8.6503            8.6503    
      113.80            8.6625            8.5813            8.5813    
      114.00            8.5938            8.5128            8.5128    
      114.20            8.5257            8.4448            8.4448    
      114.40            8.4581            8.3774            8.3774    
      114.60            8.3911            8.3105            8.3105    
      114.80            8.3246            8.2441            8.2441    
      115.00            8.2586            8.1783            8.1783    
      115.20            8.1931            8.1130            8.1130    
      115.40            8.1282            8.0482            8.0482    
      115.60            8.0637            7.9839            7.9839    
      115.80            7.9998            7.9201            7.9201    
      116.00            7.9363            7.8568            7.8568    
      116.20            7.8734            7.7941            7.7941    
      116.40            7.8110            7.7318            7.7318    
      116.60            7.7491            7.6701            7.6701    
      116.80            7.6876            7.6088            7.6088    
      117.00            7.6267            7.5480            7.5480    
      117.20            7.5662            7.4877            7.4877    
      117.40            7.5062            7.4279            7.4279    
      117.60            7.4467            7.3686            7.3686    
      117.80            7.3876            7.3097            7.3097    
      118.00            7.3290            7.2513            7.2513    
      118.20            7.2709            7.1934            7.1934    
      118.40            7.2133            7.1359            7.1359    
      118.60            7.1561            7.0789            7.0789    
      118.80            7.0993            7.0224            7.0224    
      119.00            7.0430            6.9663            6.9663    
      119.20            6.9872            6.9106            6.9106    
      119.40            6.9318            6.8554            6.8554    
      119.60            6.8768            6.8006            6.8006    
      119.80            6.8223            6.7463            6.7463    
      120.00            6.7682            6.6924            6.6924    
      120.20            6.7145            6.6390            6.6390    
      120.40            6.6612            6.5859            6.5859    
      120.60            6.6084            6.5333            6.5333    
      120.80            6.5560            6.4811            6.4811    
      121.00            6.5040            6.4293            6.4293    
      121.20            6.4524            6.3780            6.3780    
      121.40            6.4013            6.3270            6.3270    
      121.60            6.3505            6.2765            6.2765    
      121.80            6.3001            6.2263            6.2263    
      122.00            6.2502            6.1766            6.1766    
      122.20            6.2006            6.1272            6.1272    
      122.40            6.1514            6.0783            6.0783    
      122.60            6.6207            6.6248            6.6248    
      122.80            7.6497            7.6474            7.6474    
      123.00            8.5366            8.5282            8.5282    
      123.20            9.2990            9.2847            9.2847    
      123.40            9.9526            9.9327            9.9327    
      123.60            10.511            10.486            10.486    
      123.80            10.986            10.956            10.956    
      124.00            11.388            11.353            11.353    
      124.20            11.726            11.687            11.687    
      124.40            12.008            11.965            11.965    
      124.60            12.242            12.195            12.195    
      124.80            12.433            12.383            12.383    
      125.00            12.587            12.533            12.533    
      125.20            12.709            12.652            12.652    
      125.40            12.802            12.742            12.742    
      125.60            12.870            12.808            12.808    
      125.80            12.917            12.852            12.852    
      126.00            12.945            12.878            12.878    
      126.20            12.956            12.888            12.888    
      126.40            12.953            12.883            12.883    
      126.60            12.938            12.867            12.867    
      126.80            12.912            12.839            12.839    
      127.00            12.877            12.803            12.803    
      127.20            12.834            12.759            12.759    
      127.40            12.784            12.707            12.707    
      127.60            12.728            12.650            12.650    
      127.80            12.667            12.588            12.588    
      128.00            12.601            12.522            12.522    
      128.20            12.531            12.451            12.451    
      128.40            12.459            12.378            12.378    
      128.60            12.383            12.302            12.302    
      128.80            12.306            12.224            12.224    
      129.00            12.226            12.144            12.144    
      129.20            12.145            12.062            12.062    
      129.40            12.062            11.979            11.979    
      129.60            11.978            11.895            11.895    
      129.80            11.894            11.810            11.810    
      130.00            11.809            11.725            11.725    
      130.20            11.723            11.639            11.639    
      130.40            11.638            11.553            11.553    
      130.60            11.552            11.467            11.467    
      130.80            11.465            11.381            11.381    
      131.00            11.379            11.294            11.294    
      131.20            11.293            11.208            11.208    
      131.40            11.207            11.122            11.122    
      131.60            11.122            11.036            11.036    
      131.80            11.036            10.951            10.951    
      132.00            10.951            10.866            10.866    
      132.20            10.867            10.781            10.781    
      132.40            10.782            10.697            10.697    
      132.60            10.698            10.613            10.613    
      132.80            10.615            10.530            10.530    
      133.00            10.532            10.447            10.447    
      133.20            10.450            10.364            10.364    
      133.40            10.368            10.283            10.283    
      133.60            10.286            10.201            10.201    
      133.80            10.206            10.120            10.120    
      134.00            10.125            10.040            10.040    
      134.20            10.046            9.9606            9.9606    
      134.40            9.9665            9.8815            9.8815    
      134.60            9.8879            9.8030            9.8030    
      134.80            9.8098            9.7251            9.7251    
      135.00            9.7324            9.6477            9.6477    
      135.20            9.6555            9.5709            9.5709    
      135.40            9.5792            9.4947            9.4947    
      135.60            9.5035            9.4191            9.4191    
      135.80            9.4283            9.3440            9.3440    
      136.00            9.3537            9.2695            9.2695    
      136.20            9.2797            9.1956            9.1956    
      136.40            9.2062            9.1223            9.1223    
      136.60            9.1333            9.0495            9.0495    
      136.80            9.0610            8.9773            8.9773    
      137.00            8.9892            8.9057            8.9057    
      137.20            8.9180            8.8346            8.8346    
      137.40            8.8474            8.7641            8.7641    
      137.60            8.7773            8.6941            8.6941    
      137.80            8.7077            8.6247            8.6247    
      138.00            8.6387            8.5559            8.5559    
      138.20            8.5703            8.4876            8.4876    
      138.40            8.5023            8.4198            8.4198    
      138.60            8.4349            8.3526            8.3526    
      138.80            8.3681            8.2859            8.2859    
      139.00            8.3017            8.2197            8.2197    
      139.20            8.2359            8.1540            8.1540    
      139.40            8.1706            8.0889            8.0889    
      139.60            8.1058            8.0243            8.0243    
      139.80            8.0416            7.9602            7.9602    
      140.00            7.9778            7.8966            7.8966    
      140.20            7.9146            7.8336            7.8336    
      140.40            7.8518            7.7710            7.7710    
      140.60            7.7896            7.7089            7.7089    
      140.80            7.7278            7.6473            7.6473    
      141.00            7.6665            7.5862            7.5862    
      141.20            7.6057            7.5256            7.5256    
      141.40            7.5454            7.4655            7.4655    
      141.60            7.4856            7.4059            7.4059    
      141.80            7.4262            7.3467            7.3467    
      142.00            7.3673            7.2880            7.2880    
      142.20            7.3089            7.2298            7.2298    
      142.40            7.2510            7.1721            7.1721    
      142.60            7.1935            7.1148            7.1148    
      142.80            7.1364            7.0579            7.0579    
      143.00            7.0798            7.0015            7.0015    
      143.20            7.0237            6.9456            6.9456    
      143.40            6.9680            6.8901            6.8901    
      143.60            6.9127            6.8351            6.8351    
      143.80            6.8579            6.7805            6.7805    
      144.00            6.8035            6.7263            6.7263    
      144.20            6.7496            6.6726            6.6726    
      144.40            6.6960            6.6193            6.6193    
      144.60            6.6429            6.5664            6.5664    
      144.80            6.5903            6.5139            6.5139    
      145.00            6.5380            6.4619            6.4619    
      145.20            6.4862            6.4103            6.4103    
      145.40            6.4347            6.3591            6.3591    
      145.60            6.3837            6.3083            6.3083    
      145.80            6.3331            6.2579            6.2579    
      146.00            6.2828            6.2079            6.2079    
      146.20            6.2330            6.1583            6.1583    
      146.40            6.1836            6.1091            6.1091    
      146.60            6.1346            6.0603            6.0603    
      146.80            6.0859            6.0119            6.0119    
      147.00            6.0376            5.9638            5.9638    
      147.20            5.9898            5.9162            5.9162    
      147.40            5.9423            5.8689            5.8689    
      147.60            5.8951            5.8220            5.8220    
      147.80            5.8484            5.7755            5.7755    
      148.00            5.8020            5.7294            5.7294    
      148.20            5.7560            5.6836            5.6836    
      148.40            5.7104            5.6382            5.6382    
      148.60            5.6651            5.5932            5.5932    
      148.80            5.6201            5.5485            5.5485    
      149.00            5.5756            5.5042            5.5042    
      149.20            5.5314            5.4602            5.4602    
      149.40            5.4875            5.4166            5.4166    
      149.60            5.4440            5.3733            5.3733    
      149.80            5.4008            5.3304            5.3304    
      150.00            5.3580            5.2878            5.2878    
      150.20            5.3155            5.2455            5.2455    
      150.40            5.2733            5.2036            5.2036    
      150.60            5.2315            5.1621            5.1621    
      150.80            5.1900            5.1208            5.1208    
      151.00            5.1489            5.0799            5.0799    
      151.20            5.1080            5.0393            5.0393    
      151.40            5.0675            4.9991            4.9991    
      151.60            5.0273            4.9591            4.9591    
      151.80            4.9875            4.9195            4.9195    
      152.00            4.9479            4.8802            4.8802    
      152.20            4.9087            4.8412            4.8412    
      152.40            4.8698            4.8025            4.8025    
      152.60            4.8311            4.7642            4.7642    
      152.80            4.7928            4.7261            4.7261    
      153.00            4.7548            4.6884            4.6884    
      153.20            4.7171            4.6509            4.6509    
      153.40            4.6797            4.6137            4.6137    
      153.60            4.6426            4.5769            4.5769    
      153.80            4.6058            4.5403            4.5403    
      154.00            4.5693            4.5041            4.5041    
      154.20            4.5330            4.4681            4.4681    
      154.40            4.4971            4.4324            4.4324    
      154.60            4.4614            4.3970            4.3970    
      154.80            4.4260            4.3618            4.3618    
      155.00            4.3909            4.3270            4.3270    
      155.20            4.3561            4.2924            4.2924    
      155.40            4.3216            4.2581            4.2581    
      155.60            4.2873            4.2241            4.2241    
      155.80            4.2533            4.1904            4.1904    
      156.00            4.2196            4.1569            4.1569    
      156.20            4.1861            4.1237            4.1237    
      156.40            4.1529            4.0907            4.0907    
      156.60            4.1200            4.0581            4.0581    
      156.80            4.0873            4.0256            4.0256    
      157.00            4.0549            3.9935            3.9935    
      157.20            4.0227            3.9616            3.9616    
      157.40            3.9908            3.9299            3.9299    
      157.60            3.9592            3.8985            3.8985    
      157.80            3.9278            3.8674            3.8674    
      158.00            3.8966            3.8365            3.8365    
      158.20            3.8657            3.8058            3.8058    
      158.40            3.8351            3.7754            3.7754    
      158.60            3.8047            3.7453            3.7453    
      158.80            3.7745            3.7154            3.7154    
      159.00            3.7446            3.6857            3.6857    
      159.20            3.7149            3.6562            3.6562    
      159.40            3.6854            3.6270            3.6270    
      159.60            3.6562            3.5980            3.5980    
      159.80            3.6272            3.5693            3.5693    
      160.00            3.5984            3.5408            3.5408    
      160.20            3.5699            3.5125            3.5125    
      160.40            3.5416            3.4844            3.4844    
      160.60            3.5135            3.4566            3.4566    
      160.80            3.4856            3.4290            3.4290    
      161.00            3.4580            3.4016            3.4016    
      161.20            3.4306            3.3744            3.3744    
      161.40            3.4034            3.3475            3.3475    
      161.60            3.3764            3.3207            3.3207    
      161.80            3.3496            3.2942            3.2942    
      162.00            3.3230            3.2679            3.2679    
      162.20            3.2967            3.2418            3.2418    
      162.40            3.2705            3.2159            3.2159    
      162.60            3.2446            3.1902            3.1902    
      162.80            3.2189            3.1647            3.1647    
      163.00            3.1933            3.1394            3.1394    
      163.20            3.1680            3.1143            3.1143    
      163.40            3.1429            3.0894            3.0894    
      163.60            3.1180            3.0648            3.0648    
      163.80            3.0933            3.0403            3.0403    
      164.00            3.0687            3.0160            3.0160    
      164.20            3.0444            2.9919            2.9919    
      164.40            3.0202            2.9680            2.9680    
      164.60            2.9963            2.9443            2.9443    
      164.80            2.9725            2.9208            2.9208    
      165.00            2.9490            2.8974            2.8974    
      165.20            2.9256            2.8743            2.8743    
      165.40            2.9024            2.8513            2.8513    
      165.60            2.8794            2.8285            2.8285    
      165.80            2.8565            2.8059            2.8059    
      166.00            2.8339            2.7835            2.7835    
      166.20            2.8114            2.7613            2.7613    
      166.40            2.7891            2.7392            2.7392    
      166.60            2.7670            2.7173            2.7173    
      166.80            2.7450            2.6956            2.6956    
      167.00            2.7233            2.6741            2.6741    
      167.20            2.7017            2.6527            2.6527    
      167.40            2.6803            2.6315            2.6315    
      167.60            2.6590            2.6105            2.6105    
      167.80            2.6379            2.5897            2.5897    


  SUBJECT NO.     1 ...  OUTPUT EQUATION NO.  1

     TIMES                   OBSERVED VALUES          PREDICTED VALUES, BASED ON POSTERIOR MEANS; THEN MEDIANS; THEN MODES
--------------------------------------------------------------------------------------------------------------------------
      120.00            6.1900            6.7682            6.6924            6.6924    
      121.03            6.3300            6.4963            6.4216            6.4216    
      122.00            6.2400            6.2502            6.1766            6.1766    
      125.98            13.030            12.942            12.876            12.876    
      128.98            11.860            12.234            12.152            12.152    
      132.00            11.450            10.951            10.866            10.866    
      143.98            7.8300            6.8089            6.7317            6.7317    


