  icycle     fobj1          gamma          res     grid points (start and end)
    1      -9.392148       4.545455      0.20000     20011    1
    2      -9.002632       3.787879      0.20000         8    1
    3      -8.370997       2.705628      0.20000         8    1
    4      -7.804608       2.705628      0.20000         8    1
    5      -7.804608       2.705628      0.10000         9    1
    6      -7.804608       2.705628      0.05000         9    1
    7      -7.804608       2.705628      0.02500         9    1
    8      -7.799367       2.705628      0.01250         9    1
    9      -7.795630       2.705628      0.01250         9    1
   10      -7.794739       2.672225      0.01250         9    1
   11      -7.791477       2.672225      0.01250         9    1
   12      -7.787756       2.672225      0.01250         9    1
   13      -7.786935       2.672225      0.01250         9    1
   14      -7.786935       2.672225      0.01250         9    1
   15      -7.785059       2.672225      0.00625         9    1
   16      -7.784252       2.672225      0.00625         9    1
   17      -7.784162       2.672225      0.00625         9    1
   18      -7.782058       2.672225      0.00313         9    1
   19      -7.780903       2.672225      0.00313         9    1
   20      -7.779050       2.672225      0.00313         9    1
   21      -7.778200       2.672225      0.00313         9    1
   22      -7.777793       2.672225      0.00313         9    1
   23      -7.777565       2.672225      0.00313         9    1
   24      -7.776988       2.672225      0.00313         9    1
   25      -7.776551       2.672225      0.00313         9    1
   26      -7.776293       2.672225      0.00313         9    1
   27      -7.776010       2.672225      0.00313         9    1
   28      -7.775537       2.672225      0.00313         9    1
   29      -7.775244       2.672225      0.00313         9    1
   30      -7.774951       2.672225      0.00313         9    1
   31      -7.771049       2.672225      0.00313         9    1
   32      -7.770197       2.672225      0.00313         9    1
   33      -7.770197       2.672225      0.00313         9    1
   34      -7.770197       2.672225      0.00156         9    1
   35      -7.769791       2.672225      0.00078         9    1
   36      -7.769225       2.672225      0.00078         9    1
   37      -7.768988       2.672225      0.00078         9    1
   38      -7.768374       2.672225      0.00078         9    1
   39      -7.768229       2.672225      0.00078         9    1
   40      -7.768099       2.672225      0.00078         9    1
   41      -7.768001       2.672225      0.00078         9    1
   42      -7.767843       2.672225      0.00039         9    1
   43      -7.767570       2.672225      0.00039         9    1
   44      -7.767400       2.672225      0.00039         9    1
   45      -7.767170       2.672225      0.00039         9    1
   46      -7.766987       2.672225      0.00039         9    1
   47      -7.766802       2.672225      0.00039         9    1
   48      -7.766606       2.672225      0.00039         9    1
   49      -7.766465       2.672225      0.00039         9    1
   50      -7.766256       2.672225      0.00039         9    1
   51      -7.766139       2.672225      0.00039         9    1
   52      -7.766041       2.672225      0.00039         9    1
   53      -7.765964       2.672225      0.00020         9    1
 res set to .2  checkbig=   1.0000000000000000E+030
   54      -7.765964       2.672225      0.20000         8    1
   55      -7.765964       2.672225      0.10000         9    1
   56      -7.765964       2.672225      0.05000         9    1
   57      -7.765964       2.672225      0.02500         9    1
   58      -7.765964       2.672225      0.01250         9    1
   59      -7.765964       2.672225      0.00625         9    1
   60      -7.765692       2.672225      0.00313         9    1
   61      -7.765692       2.672225      0.00313         9    1
   62      -7.765370       2.672225      0.00156         9    1
   63      -7.764030       2.672225      0.00156         9    1
   64      -7.763487       2.672225      0.00156         9    1
   65      -7.762883       2.672225      0.00156         9    1
   66      -7.762105       2.672225      0.00156         9    1
   67      -7.761332       2.672225      0.00156         9    1
   68      -7.760871       2.672225      0.00156         9    1
   69      -7.760730       2.672225      0.00156         9    1
   70      -7.760730       2.672225      0.00156         9    1
   71      -7.760403       2.672225      0.00078         9    1
   72      -7.759900       2.672225      0.00078         9    1
   73      -7.759510       2.672225      0.00078         9    1
   74      -7.759200       2.672225      0.00078         9    1
   75      -7.758745       2.672225      0.00078         9    1
   76      -7.758519       2.672225      0.00078         9    1
   77      -7.758374       2.672225      0.00078         9    1
   78      -7.758281       2.672225      0.00078         9    1
   79      -7.757835       2.672225      0.00039         9    1
   80      -7.757630       2.672225      0.00039         9    1
   81      -7.757462       2.672225      0.00039         9    1
   82      -7.757307       2.672225      0.00039         9    1
   83      -7.757123       2.672225      0.00039         9    1
   84      -7.756998       2.672225      0.00039         9    1
   85      -7.756893       2.672225      0.00039         9    1
   86      -7.756799       2.672225      0.00039         9    1
   87      -7.756649       2.672225      0.00020         9    1
   88      -7.756559       2.672225      0.00020         9    1
 res set to .2  checkbig=   9.4042324039067537E-003
