  SUBJECT NO.     1

 COL. 1. = PREDICTION TIMES
 COL. 2. = PRED. VALUES FOR OUTPUT EQ. 1, BASED ON POSTERIOR MEANS
 COL. 3. = PRED. VALUES FOR OUTPUT EQ. 1, BASED ON POSTERIOR MEDIANS
 COL. 4. = PRED. VALUES FOR OUTPUT EQ. 1, BASED ON POSTERIOR MODES
 EACH ADDITIONAL OUTPUT EQ. HAS 3 COLUMNS OF PREDICTED VALUES
 BASED, IN ORDER, ON THE POSTERIOR MEANS, MEDIANS, AND MODES: 
-------------------------------------------------------------
      0.0000            0.0000            0.0000            0.0000    
     0.20000            0.0000            0.0000            0.0000    
     0.40000            0.0000            0.0000            0.0000    
     0.60000            0.0000            0.0000            0.0000    
     0.80000            0.0000            0.0000            0.0000    
      1.0000            0.0000            0.0000            0.0000    
      1.2000            0.0000            0.0000            0.0000    
      1.4000            0.0000            0.0000            0.0000    
      1.6000            0.0000            0.0000            0.0000    
      1.8000           0.21935           0.28144           0.28144    
      2.0000            1.1077            1.1736            1.1736    
      2.2000            1.9295            1.9985            1.9985    
      2.4000            2.6891            2.7603            2.7603    
      2.6000            3.3903            3.4632            3.4632    
      2.8000            4.0368            4.1108            4.1108    
      3.0000            4.6321            4.7066            4.7066    
      3.2000            5.1794            5.2541            5.2541    
      3.4000            5.6818            5.7562            5.7562    
      3.6000            6.1422            6.2160            6.2160    
      3.8000            6.5632            6.6361            6.6361    
      4.0000            6.9474            7.0192            7.0192    
      4.2000            7.2971            7.3675            7.3675    
      4.4000            7.6146            7.6835            7.6835    
      4.6000            7.9020            7.9692            7.9692    
      4.8000            8.1613            8.2267            8.2267    
      5.0000            8.3942            8.4577            8.4577    
      5.2000            8.6026            8.6641            8.6641    
      5.4000            8.7880            8.8475            8.8475    
      5.6000            8.9520            9.0095            9.0095    
      5.8000            9.0960            9.1514            9.1514    
      6.0000            9.2214            9.2747            9.2747    
      6.2000            9.3294            9.3806            9.3806    
      6.4000            9.4212            9.4703            9.4703    
      6.6000            9.4980            9.5450            9.5450    
      6.8000            9.5607            9.6057            9.6057    
      7.0000            9.6104            9.6534            9.6534    
      7.2000            9.6479            9.6889            9.6889    
      7.4000            9.6741            9.7133            9.7133    
      7.6000            9.6899            9.7272            9.7272    
      7.8000            9.6960            9.7315            9.7315    
      8.0000            9.6931            9.7269            9.7269    
      8.2000            9.6818            9.7139            9.7139    
      8.4000            9.6629            9.6934            9.6934    
      8.6000            9.6368            9.6657            9.6657    
      8.8000            9.6041            9.6316            9.6316    
      9.0000            9.5654            9.5915            9.5915    
      9.2000            9.5211            9.5458            9.5458    
      9.4000            9.4717            9.4951            9.4951    
      9.6000            9.4176            9.4397            9.4397    
      9.8000            9.3591            9.3801            9.3801    
      10.000            9.2967            9.3166            9.3166    
      10.200            9.2307            9.2496            9.2496    
      10.400            9.1615            9.1793            9.1793    
      10.600            9.0892            9.1061            9.1061    
      10.800            9.0143            9.0303            9.0303    
      11.000            8.9370            8.9521            8.9521    
      11.200            8.8574            8.8718            8.8718    
      11.400            8.7760            8.7896            8.7896    
      11.600            8.6928            8.7058            8.7058    
      11.800            8.6080            8.6204            8.6204    
      12.000            8.5219            8.5337            8.5337    
      12.200            8.4347            8.4459            8.4459    
      12.400            8.3464            8.3572            8.3572    
      12.600            8.2573            8.2676            8.2676    
      12.800            8.1675            8.1774            8.1774    
      13.000            8.0771            8.0866            8.0866    
      13.200            7.9863            7.9954            7.9954    
      13.400            7.8950            7.9039            7.9039    
      13.600            7.8036            7.8121            7.8121    
      13.800            7.7120            7.7203            7.7203    
      14.000            7.6204            7.6284            7.6284    
      14.200            7.5288            7.5366            7.5366    
      14.400            7.4373            7.4450            7.4450    
      14.600            7.3460            7.3535            7.3535    
      14.800            7.2550            7.2624            7.2624    
      15.000            7.1643            7.1715            7.1715    
      15.200            7.0739            7.0811            7.0811    
      15.400            6.9840            6.9911            6.9911    
      15.600            6.8945            6.9016            6.9016    
      15.800            6.8056            6.8126            6.8126    
      16.000            6.7172            6.7242            6.7242    
      16.200            6.6294            6.6364            6.6364    
      16.400            6.5422            6.5492            6.5492    
      16.600            6.4557            6.4628            6.4628    
      16.800            6.3699            6.3770            6.3770    
      17.000            6.2848            6.2919            6.2919    
      17.200            6.2004            6.2076            6.2076    
      17.400            6.1168            6.1240            6.1240    
      17.600            6.0339            6.0412            6.0412    
      17.800            5.9518            5.9592            5.9592    
      18.000            5.8706            5.8780            5.8780    
      18.200            5.7901            5.7977            5.7977    
      18.400            5.7105            5.7181            5.7181    
      18.600            5.6317            5.6394            5.6394    
      18.800            5.5537            5.5616            5.5616    
      19.000            5.4766            5.4846            5.4846    
      19.200            5.4004            5.4085            5.4085    
      19.400            5.3250            5.3332            5.3332    
      19.600            5.2505            5.2588            5.2588    
      19.800            5.1768            5.1853            5.1853    
      20.000            5.1040            5.1126            5.1126    
      20.200            5.0321            5.0408            5.0408    
      20.400            4.9610            4.9698            4.9698    
      20.600            4.8908            4.8998            4.8998    
      20.800            4.8215            4.8305            4.8305    
      21.000            4.7530            4.7622            4.7622    
      21.200            4.6854            4.6947            4.6947    
      21.400            4.6186            4.6280            4.6280    
      21.600            4.5527            4.5622            4.5622    
      21.800            4.4877            4.4973            4.4973    
      22.000            4.4234            4.4332            4.4332    
      22.200            4.3600            4.3699            4.3699    
      22.400            4.2975            4.3074            4.3074    
      22.600            4.2357            4.2458            4.2458    
      22.800            4.1748            4.1850            4.1850    
      23.000            4.1147            4.1250            4.1250    
      23.200            4.0554            4.0658            4.0658    
      23.400            3.9968            4.0074            4.0074    
      23.600            3.9391            3.9497            3.9497    
      23.800            3.8822            3.8929            3.8929    
      24.000            3.8260            3.8368            3.8368    
      24.200            3.7706            3.7815            3.7815    
      24.400            3.7160            3.7270            3.7270    
      24.600            3.6621            3.6732            3.6732    
      24.800            3.6089            3.6201            3.6201    
      25.000            3.5565            3.5678            3.5678    
      25.200            3.5048            3.5162            3.5162    
      25.400            3.4539            3.4653            3.4653    
      25.600            3.4036            3.4151            3.4151    
      25.800            3.5734            3.6471            3.6471    
      26.000            4.4129            4.4904            4.4904    
      26.200            5.1865            5.2672            5.2672    
      26.400            5.8986            5.9816            5.9816    
      26.600            6.5530            6.6377            6.6377    
      26.800            7.1533            7.2392            7.2392    
      27.000            7.7031            7.7896            7.7896    
      27.200            8.2056            8.2923            8.2923    
      27.400            8.6638            8.7503            8.7503    
      27.600            9.0806            9.1665            9.1665    
      27.800            9.4586            9.5437            9.5437    
      28.000            9.8005            9.8844            9.8844    
      28.200            10.108            10.191            10.191    
      28.400            10.385            10.466            10.466    
      28.600            10.632            10.711            10.711    
      28.800            10.851            10.929            10.929    
      29.000            11.045            11.120            11.120    
      29.200            11.214            11.288            11.288    
      29.400            11.361            11.433            11.433    
      29.600            11.487            11.557            11.557    
      29.800            11.594            11.662            11.662    
      30.000            11.683            11.749            11.749    
      30.200            11.755            11.819            11.819    
      30.400            11.811            11.873            11.873    
      30.600            11.853            11.912            11.912    
      30.800            11.881            11.938            11.938    
      31.000            11.897            11.952            11.952    
      31.200            11.901            11.954            11.954    
      31.400            11.894            11.945            11.945    
      31.600            11.877            11.927            11.927    
      31.800            11.851            11.899            11.899    
      32.000            11.816            11.863            11.863    
      32.200            11.774            11.818            11.818    
      32.400            11.724            11.767            11.767    
      32.600            11.668            11.709            11.709    
      32.800            11.605            11.645            11.645    
      33.000            11.537            11.576            11.576    
      33.200            11.464            11.501            11.501    
      33.400            11.386            11.422            11.422    
      33.600            11.304            11.338            11.338    
      33.800            11.218            11.251            11.251    
      34.000            11.128            11.160            11.160    
      34.200            11.035            11.066            11.066    
      34.400            10.939            10.969            10.969    
      34.600            10.841            10.870            10.870    
      34.800            10.740            10.768            10.768    
      35.000            10.637            10.664            10.664    
      35.200            10.533            10.559            10.559    
      35.400            10.427            10.452            10.452    
      35.600            10.319            10.344            10.344    
      35.800            10.211            10.235            10.235    
      36.000            10.101            10.124            10.124    
      36.200            9.9904            10.013            10.013    
      36.400            9.8793            9.9017            9.9017    
      36.600            9.7676            9.7895            9.7895    
      36.800            9.6556            9.6770            9.6770    
      37.000            9.5433            9.5642            9.5642    
      37.200            9.4308            9.4514            9.4514    
      37.400            9.3184            9.3386            9.3386    
      37.600            9.2060            9.2259            9.2259    
      37.800            9.0938            9.1133            9.1133    
      38.000            8.9818            9.0011            9.0011    
      38.200            8.8702            8.8892            8.8892    
      38.400            8.7590            8.7778            8.7778    
      38.600            8.6482            8.6668            8.6668    
      38.800            8.5380            8.5564            8.5564    
      39.000            8.4284            8.4466            8.4466    
      39.200            8.3194            8.3375            8.3375    
      39.400            8.2112            8.2291            8.2291    
      39.600            8.1036            8.1215            8.1215    
      39.800            7.9969            8.0147            8.0147    
      40.000            7.8910            7.9087            7.9087    
      40.200            7.7859            7.8035            7.8035    
      40.400            7.6817            7.6993            7.6993    
      40.600            7.5784            7.5959            7.5959    
      40.800            7.4761            7.4936            7.4936    
      41.000            7.3747            7.3921            7.3921    
      41.200            7.2742            7.2917            7.2917    
      41.400            7.1748            7.1923            7.1923    
      41.600            7.0764            7.0938            7.0938    
      41.800            6.9789            6.9964            6.9964    
      42.000            6.8826            6.9001            6.9001    
      42.200            6.7872            6.8047            6.8047    
      42.400            6.6929            6.7105            6.7105    
      42.600            6.5996            6.6172            6.6172    
      42.800            6.5074            6.5251            6.5251    
      43.000            6.4163            6.4340            6.4340    
      43.200            6.3262            6.3439            6.3439    
      43.400            6.2372            6.2550            6.2550    
      43.600            6.1492            6.1671            6.1671    
      43.800            6.0623            6.0802            6.0802    
      44.000            5.9765            5.9944            5.9944    
      44.200            5.8917            5.9097            5.9097    
      44.400            5.8080            5.8261            5.8261    
      44.600            5.7253            5.7434            5.7434    
      44.800            5.6437            5.6619            5.6619    
      45.000            5.5631            5.5814            5.5814    
      45.200            5.4836            5.5019            5.5019    
      45.400            5.4051            5.4234            5.4234    
      45.600            5.3276            5.3460            5.3460    
      45.800            5.2511            5.2695            5.2695    
      46.000            5.1756            5.1941            5.1941    
      46.200            5.1011            5.1197            5.1197    
      46.400            5.0277            5.0462            5.0462    
      46.600            4.9552            4.9738            4.9738    
      46.800            4.8836            4.9023            4.9023    
      47.000            4.8131            4.8318            4.8318    
      47.200            4.7435            4.7622            4.7622    
      47.400            4.6748            4.6936            4.6936    
      47.600            4.6071            4.6260            4.6260    
      47.800            4.5404            4.5592            4.5592    
      48.000            4.4745            4.4934            4.4934    
      48.200            4.4095            4.4285            4.4285    
      48.400            4.3455            4.3644            4.3644    
      48.600            4.2823            4.3013            4.3013    
      48.800            4.2200            4.2390            4.2390    
      49.000            4.1586            4.1776            4.1776    
      49.200            4.0981            4.1171            4.1171    
      49.400            4.0384            4.0574            4.0574    
      49.600            3.9795            3.9986            3.9986    
      49.800            4.1408            4.2220            4.2220    
      50.000            4.9719            5.0569            5.0569    
      50.200            5.7374            5.8254            5.8254    
      50.400            6.4413            6.5317            6.5317    
      50.600            7.0877            7.1797            7.1797    
      50.800            7.6802            7.7733            7.7733    
      51.000            8.2222            8.3159            8.3159    
      51.200            8.7171            8.8108            8.8108    
      51.400            9.1677            9.2612            9.2612    
      51.600            9.5771            9.6699            9.6699    
      51.800            9.9478            10.040            10.040    
      52.000            10.282            10.373            10.373    
      52.200            10.583            10.673            10.673    
      52.400            10.853            10.941            10.941    
      52.600            11.093            11.179            11.179    
      52.800            11.305            11.389            11.389    
      53.000            11.492            11.574            11.574    
      53.200            11.655            11.735            11.735    
      53.400            11.796            11.874            11.874    
      53.600            11.916            11.992            11.992    
      53.800            12.016            12.090            12.090    
      54.000            12.099            12.170            12.170    
      54.200            12.164            12.234            12.234    
      54.400            12.215            12.282            12.282    
      54.600            12.250            12.316            12.316    
      54.800            12.273            12.336            12.336    
      55.000            12.283            12.344            12.344    
      55.200            12.281            12.340            12.340    
      55.400            12.268            12.326            12.326    
      55.600            12.246            12.301            12.301    
      55.800            12.215            12.268            12.268    
      56.000            12.175            12.226            12.226    
      56.200            12.127            12.177            12.177    
      56.400            12.072            12.120            12.120    
      56.600            12.011            12.057            12.057    
      56.800            11.943            11.988            11.988    
      57.000            11.870            11.914            11.914    
      57.200            11.792            11.834            11.834    
      57.400            11.709            11.750            11.750    
      57.600            11.622            11.661            11.661    
      57.800            11.531            11.569            11.569    
      58.000            11.437            11.474            11.474    
      58.200            11.339            11.375            11.375    
      58.400            11.239            11.274            11.274    
      58.600            11.136            11.170            11.170    
      58.800            11.031            11.064            11.064    
      59.000            10.924            10.956            10.956    
      59.200            10.815            10.847            10.847    
      59.400            10.705            10.735            10.735    
      59.600            10.593            10.623            10.623    
      59.800            10.481            10.510            10.510    
      60.000            10.367            10.395            10.395    
      60.200            10.253            10.280            10.280    
      60.400            10.138            10.165            10.165    
      60.600            10.022            10.049            10.049    
      60.800            9.9065            9.9324            9.9324    
      61.000            9.7905            9.8159            9.8159    
      61.200            9.6744            9.6994            9.6994    
      61.400            9.5584            9.5829            9.5829    
      61.600            9.4425            9.4666            9.4666    
      61.800            9.3268            9.3506            9.3506    
      62.000            9.2114            9.2349            9.2349    
      62.200            9.0964            9.1195            9.1195    
      62.400            8.9818            9.0047            9.0047    
      62.600            8.8678            8.8904            8.8904    
      62.800            8.7543            8.7768            8.7768    
      63.000            8.6415            8.6638            8.6638    
      63.200            8.5294            8.5515            8.5515    
      63.400            8.4181            8.4400            8.4400    
      63.600            8.3075            8.3292            8.3292    
      63.800            8.1978            8.2194            8.2194    
      64.000            8.0889            8.1104            8.1104    
      64.200            7.9809            8.0023            8.0023    
      64.400            7.8738            7.8951            7.8951    
      64.600            7.7677            7.7889            7.7889    
      64.800            7.6626            7.6837            7.6837    
      65.000            7.5584            7.5795            7.5795    
      65.200            7.4553            7.4763            7.4763    
      65.400            7.3532            7.3742            7.3742    
      65.600            7.2521            7.2731            7.2731    
      65.800            7.1521            7.1731            7.1731    
      66.000            7.0532            7.0741            7.0741    
      66.200            6.9553            6.9762            6.9762    
      66.400            6.8585            6.8794            6.8794    
      66.600            6.7628            6.7837            6.7837    
      66.800            6.6682            6.6891            6.6891    
      67.000            6.5747            6.5956            6.5956    
      67.200            6.4823            6.5032            6.5032    
      67.400            6.3910            6.4119            6.4119    
      67.600            6.3008            6.3217            6.3217    
      67.800            6.2116            6.2326            6.2326    
      68.000            6.1236            6.1446            6.1446    
      68.200            6.0367            6.0577            6.0577    
      68.400            5.9508            5.9719            5.9719    
      68.600            5.8660            5.8871            5.8871    
      68.800            5.7823            5.8034            5.8034    
      69.000            5.6997            5.7208            5.7208    
      69.200            5.6182            5.6393            5.6393    
      69.400            5.5377            5.5588            5.5588    
      69.600            5.4582            5.4794            5.4794    
      69.800            5.3798            5.4010            5.4010    
      70.000            5.3024            5.3237            5.3237    
      70.200            5.2261            5.2473            5.2473    
      70.400            5.1508            5.1720            5.1720    
      70.600            5.0765            5.0978            5.0978    
      70.800            5.0032            5.0245            5.0245    
      71.000            4.9308            4.9522            4.9522    
      71.200            4.8595            4.8808            4.8808    
      71.400            4.7891            4.8105            4.8105    
      71.600            4.7198            4.7411            4.7411    
      71.800            4.6513            4.6727            4.6727    
      72.000            4.5838            4.6052            4.6052    
      72.200            4.5173            4.5386            4.5386    
      72.400            4.4516            4.4730            4.4730    
      72.600            4.3869            4.4082            4.4082    
      72.800            4.3231            4.3444            4.3444    
      73.000            4.2601            4.2815            4.2815    
      73.200            4.1981            4.2194            4.2194    
      73.400            4.1369            4.1582            4.1582    
      73.600            4.0766            4.0979            4.0979    
      73.800            4.2365            4.3199            4.3199    
      74.000            5.0662            5.1534            5.1534    
      74.200            5.8302            5.9205            5.9205    
      74.400            6.5328            6.6253            6.6253    
      74.600            7.1779            7.2720            7.2720    
      74.800            7.7690            7.8642            7.8642    
      75.000            8.3098            8.4055            8.4055    
      75.200            8.8033            8.8991            8.8991    
      75.400            9.2527            9.3482            9.3482    
      75.600            9.6608            9.7556            9.7556    
      75.800            10.030            10.124            10.124    
      76.000            10.364            10.456            10.456    
      76.200            10.663            10.755            10.755    
      76.400            10.932            11.021            11.021    
      76.600            11.170            11.258            11.258    
      76.800            11.382            11.468            11.468    
      77.000            11.568            11.652            11.652    
      77.200            11.729            11.811            11.811    
      77.400            11.869            11.949            11.949    
      77.600            11.988            12.066            12.066    
      77.800            12.087            12.163            12.163    
      78.000            12.169            12.242            12.242    
      78.200            12.233            12.305            12.305    
      78.400            12.283            12.352            12.352    
      78.600            12.317            12.385            12.385    
      78.800            12.339            12.404            12.404    
      79.000            12.348            12.411            12.411    
      79.200            12.345            12.406            12.406    
      79.400            12.332            12.390            12.390    
      79.600            12.308            12.365            12.365    
      79.800            12.276            12.331            12.331    
      80.000            12.235            12.288            12.288    
      80.200            12.186            12.238            12.238    
      80.400            12.131            12.181            12.181    
      80.600            12.068            12.117            12.117    
      80.800            12.000            12.047            12.047    
      81.000            11.926            11.971            11.971    
      81.200            11.847            11.891            11.891    
      81.400            11.763            11.806            11.806    
      81.600            11.676            11.717            11.717    
      81.800            11.584            11.624            11.624    
      82.000            11.489            11.527            11.527    
      82.200            11.391            11.428            11.428    
      82.400            11.290            11.326            11.326    
      82.600            11.186            11.221            11.221    
      82.800            11.080            11.114            11.114    
      83.000            10.972            11.006            11.006    
      83.200            10.863            10.895            10.895    
      83.400            10.752            10.784            10.784    
      83.600            10.640            10.671            10.671    
      83.800            10.526            10.556            10.556    
      84.000            10.412            10.441            10.441    
      84.200            10.297            10.326            10.326    
      84.400            10.181            10.209            10.209    
      84.600            10.065            10.093            10.093    
      84.800            9.9488            9.9759            9.9759    
      85.000            9.8322            9.8588            9.8588    
      85.200            9.7155            9.7416            9.7416    
      85.400            9.5988            9.6245            9.6245    
      85.600            9.4823            9.5076            9.5076    
      85.800            9.3660            9.3910            9.3910    
      86.000            9.2501            9.2747            9.2747    
      86.200            9.1345            9.1588            9.1588    
      86.400            9.0194            9.0434            9.0434    
      86.600            8.9048            8.9285            8.9285    
      86.800            8.7908            8.8143            8.8143    
      87.000            8.6775            8.7007            8.7007    
      87.200            8.5648            8.5879            8.5879    
      87.400            8.4530            8.4759            8.4759    
      87.600            8.3419            8.3646            8.3646    
      87.800            8.2316            8.2542            8.2542    
      88.000            8.1222            8.1447            8.1447    
      88.200            8.0138            8.0361            8.0361    
      88.400            7.9062            7.9285            7.9285    
      88.600            7.7996            7.8218            7.8218    
      88.800            7.6940            7.7161            7.7161    
      89.000            7.5894            7.6114            7.6114    
      89.200            7.4858            7.5078            7.5078    
      89.400            7.3833            7.4052            7.4052    
      89.600            7.2817            7.3036            7.3036    
      89.800            7.1813            7.2031            7.2031    
      90.000            7.0819            7.1037            7.1037    
      90.200            6.9836            7.0054            7.0054    
      90.400            6.8864            6.9082            6.9082    
      90.600            6.7903            6.8121            6.8121    
      90.800            6.6953            6.7171            6.7171    
      91.000            6.6014            6.6232            6.6232    
      91.200            6.5086            6.5304            6.5304    
      91.400            6.4169            6.4387            6.4387    
      91.600            6.3263            6.3481            6.3481    
      91.800            6.2368            6.2586            6.2586    
      92.000            6.1484            6.1702            6.1702    
      92.200            6.0611            6.0829            6.0829    
      92.400            5.9749            5.9967            5.9967    
      92.600            5.8898            5.9116            5.9116    
      92.800            5.8057            5.8275            5.8275    
      93.000            5.7227            5.7446            5.7446    
      93.200            5.6408            5.6627            5.6627    
      93.400            5.5600            5.5819            5.5819    
      93.600            5.4802            5.5021            5.5021    
      93.800            5.4015            5.4234            5.4234    
      94.000            5.3238            5.3457            5.3457    
      94.200            5.2472            5.2691            5.2691    
      94.400            5.1715            5.1935            5.1935    
      94.600            5.0969            5.1189            5.1189    
      94.800            5.0233            5.0453            5.0453    
      95.000            4.9507            4.9726            4.9726    
      95.200            4.8791            4.9010            4.9010    
      95.400            4.8084            4.8304            4.8304    
      95.600            4.7387            4.7607            4.7607    
      95.800            4.6700            4.6920            4.6920    
      96.000            4.6022            4.6242            4.6242    
      96.200            4.5354            4.5574            4.5574    
      96.400            4.4695            4.4915            4.4915    
      96.600            4.4045            4.4265            4.4265    
      96.800            4.3404            4.3624            4.3624    
      97.000            4.2773            4.2992            4.2992    
      97.200            4.2150            4.2368            4.2368    
      97.400            4.1535            4.1754            4.1754    
      97.600            4.0930            4.1148            4.1148    
      97.800            4.2526            4.3365            4.3365    
      98.000            5.0821            5.1698            5.1698    
      98.200            5.8459            5.9366            5.9366    
      98.400            6.5483            6.6413            6.6413    
      98.600            7.1931            7.2877            7.2877    
      98.800            7.7840            7.8797            7.8797    
      99.000            8.3245            8.4207            8.4207    
      99.200            8.8178            8.9141            8.9141    
      99.400            9.2670            9.3630            9.3630    
      99.600            9.6749            9.7702            9.7702    
      99.800            10.044            10.139            10.139    
      100.00            10.377            10.471            10.471    
      100.20            10.677            10.769            10.769    
      100.40            10.945            11.035            11.035    
      100.60            11.184            11.272            11.272    
      100.80            11.395            11.481            11.481    
      101.00            11.580            11.665            11.665    
      101.20            11.742            11.824            11.824    
      101.40            11.881            11.962            11.962    
      101.60            12.000            12.078            12.078    
      101.80            12.099            12.175            12.175    
      102.00            12.180            12.255            12.255    
      102.20            12.245            12.317            12.317    
      102.40            12.294            12.364            12.364    
      102.60            12.329            12.396            12.396    
      102.80            12.350            12.415            12.415    
      103.00            12.359            12.422            12.422    
      103.20            12.356            12.417            12.417    
      103.40            12.342            12.402            12.402    
      103.60            12.319            12.376            12.376    
      103.80            12.286            12.342            12.342    
      104.00            12.245            12.299            12.299    
      104.20            12.196            12.248            12.248    
      104.40            12.141            12.191            12.191    
      104.60            12.078            12.127            12.127    
      104.80            12.010            12.057            12.057    
      105.00            11.935            11.981            11.981    
      105.20            11.856            11.900            11.900    
      105.40            11.773            11.815            11.815    
      105.60            11.685            11.726            11.726    
      105.80            11.593            11.633            11.633    
      106.00            11.498            11.536            11.536    
      106.20            11.399            11.437            11.437    
      106.40            11.298            11.335            11.335    
      106.60            11.194            11.230            11.230    
      106.80            11.088            11.123            11.123    
      107.00            10.981            11.014            11.014    
      107.20            10.871            10.904            10.904    
      107.40            10.760            10.792            10.792    
      107.60            10.648            10.679            10.679    
      107.80            10.534            10.564            10.564    
      108.00            10.420            10.449            10.449    
      108.20            10.304            10.333            10.333    
      108.40            10.189            10.217            10.217    
      108.60            10.072            10.100            10.100    
      108.80            9.9559            9.9833            9.9833    
      109.00            9.8392            9.8661            9.8661    
      109.20            9.7224            9.7488            9.7488    
      109.40            9.6057            9.6316            9.6316    
      109.60            9.4890            9.5146            9.5146    
      109.80            9.3727            9.3978            9.3978    
      110.00            9.2566            9.2814            9.2814    
      110.20            9.1409            9.1654            9.1654    
      110.40            9.0257            9.0499            9.0499    
      110.60            8.9110            8.9350            8.9350    
      110.80            8.7969            8.8207            8.8207    
      111.00            8.6835            8.7070            8.7070    
      111.20            8.5708            8.5941            8.5941    
      111.40            8.4588            8.4820            8.4820    
      111.60            8.3477            8.3706            8.3706    
      111.80            8.2373            8.2602            8.2602    
      112.00            8.1279            8.1506            8.1506    
      112.20            8.0193            8.0419            8.0419    
      112.40            7.9117            7.9341            7.9341    
      112.60            7.8050            7.8274            7.8274    
      112.80            7.6993            7.7216            7.7216    
      113.00            7.5946            7.6168            7.6168    
      113.20            7.4910            7.5131            7.5131    
      113.40            7.3883            7.4104            7.4104    
      113.60            7.2867            7.3088            7.3088    
      113.80            7.1862            7.2083            7.2083    
      114.00            7.0868            7.1088            7.1088    
      114.20            6.9884            7.0104            7.0104    
      114.40            6.8912            6.9131            6.9131    
      114.60            6.7950            6.8169            6.8169    
      114.80            6.6999            6.7218            6.7218    
      115.00            6.6059            6.6279            6.6279    
      115.20            6.5130            6.5350            6.5350    
      115.40            6.4213            6.4432            6.4432    
      115.60            6.3306            6.3525            6.3525    
      115.80            6.2410            6.2630            6.2630    
      116.00            6.1526            6.1745            6.1745    
      116.20            6.0652            6.0872            6.0872    
      116.40            5.9789            6.0009            6.0009    
      116.60            5.8938            5.9157            5.9157    
      116.80            5.8096            5.8316            5.8316    
      117.00            5.7266            5.7486            5.7486    
      117.20            5.6447            5.6667            5.6667    
      117.40            5.5638            5.5858            5.5858    
      117.60            5.4839            5.5060            5.5060    
      117.80            5.4052            5.4272            5.4272    
      118.00            5.3274            5.3495            5.3495    
      118.20            5.2507            5.2728            5.2728    
      118.40            5.1750            5.1971            5.1971    
      118.60            5.1004            5.1225            5.1225    
      118.80            5.0267            5.0488            5.0488    
      119.00            4.9540            4.9761            4.9761    
      119.20            4.8824            4.9045            4.9045    
      119.40            4.8117            4.8338            4.8338    
      119.60            4.7419            4.7640            4.7640    
      119.80            4.6732            4.6953            4.6953    
      120.00            4.6054            4.6274            4.6274    
      120.20            4.5385            4.5606            4.5606    
      120.40            4.4725            4.4946            4.4946    
      120.60            4.4075            4.4296            4.4296    
      120.80            4.3434            4.3654            4.3654    
      121.00            4.2801            4.3022            4.3022    
      121.20            4.2178            4.2398            4.2398    
      121.40            4.1563            4.1783            4.1783    
      121.60            4.0957            4.1177            4.1177    
      121.80            4.2553            4.3394            4.3394    
      122.00            5.0848            5.1726            5.1726    
      122.20            5.8485            5.9394            5.9394    
      122.40            6.5509            6.6440            6.6440    
      122.60            7.1956            7.2904            7.2904    
      122.80            7.7865            7.8823            7.8823    
      123.00            8.3270            8.4233            8.4233    
      123.20            8.8203            8.9167            8.9167    
      123.40            9.2694            9.3655            9.3655    
      123.60            9.6773            9.7727            9.7727    
      123.80            10.047            10.141            10.141    
      124.00            10.380            10.473            10.473    
      124.20            10.679            10.771            10.771    
      124.40            10.947            11.037            11.037    
      124.60            11.186            11.274            11.274    
      124.80            11.397            11.484            11.484    
      125.00            11.582            11.667            11.667    
      125.20            11.744            11.827            11.827    
      125.40            11.883            11.964            11.964    
      125.60            12.002            12.080            12.080    
      125.80            12.101            12.177            12.177    
      126.00            12.182            12.257            12.257    
      126.20            12.247            12.319            12.319    
      126.40            12.296            12.366            12.366    
      126.60            12.331            12.398            12.398    
      126.80            12.352            12.417            12.417    
      127.00            12.360            12.424            12.424    
      127.20            12.357            12.419            12.419    
      127.40            12.344            12.403            12.403    
      127.60            12.321            12.378            12.378    
      127.80            12.288            12.344            12.344    
      128.00            12.247            12.301            12.301    
      128.20            12.198            12.250            12.250    
      128.40            12.142            12.193            12.193    
      128.60            12.080            12.128            12.128    
      128.80            12.011            12.058            12.058    
      129.00            11.937            11.983            11.983    
      129.20            11.858            11.902            11.902    
      129.40            11.774            11.817            11.817    
      129.60            11.686            11.727            11.727    
      129.80            11.594            11.634            11.634    
      130.00            11.499            11.538            11.538    
      130.20            11.401            11.438            11.438    
      130.40            11.299            11.336            11.336    
      130.60            11.196            11.231            11.231    
      130.80            11.090            11.125            11.125    
      131.00            10.982            11.016            11.016    
      131.20            10.872            10.905            10.905    
      131.40            10.761            10.793            10.793    
      131.60            10.649            10.680            10.680    
      131.80            10.535            10.566            10.566    
      132.00            10.421            10.451            10.451    
      132.20            10.306            10.335            10.335    
      132.40            10.190            10.218            10.218    
      132.60            10.074            10.102            10.102    
      132.80            9.9571            9.9845            9.9845    
      133.00            9.8404            9.8673            9.8673    
      133.20            9.7236            9.7500            9.7500    
      133.40            9.6068            9.6328            9.6328    
      133.60            9.4902            9.5158            9.5158    
      133.80            9.3738            9.3990            9.3990    
      134.00            9.2577            9.2826            9.2826    
      134.20            9.1420            9.1666            9.1666    
      134.40            9.0268            9.0511            9.0511    
      134.60            8.9121            8.9361            8.9361    
      134.80            8.7980            8.8218            8.8218    
      135.00            8.6845            8.7081            8.7081    
      135.20            8.5718            8.5952            8.5952    
      135.40            8.4598            8.4830            8.4830    
      135.60            8.3486            8.3717            8.3717    
      135.80            8.2383            8.2612            8.2612    
      136.00            8.1288            8.1515            8.1515    
      136.20            8.0202            8.0429            8.0429    
      136.40            7.9126            7.9351            7.9351    
      136.60            7.8059            7.8283            7.8283    
      136.80            7.7002            7.7225            7.7225    
      137.00            7.5955            7.6178            7.6178    
      137.20            7.4918            7.5140            7.5140    
      137.40            7.3892            7.4113            7.4113    
      137.60            7.2876            7.3097            7.3097    
      137.80            7.1871            7.2091            7.2091    
      138.00            7.0876            7.1096            7.1096    
      138.20            6.9892            7.0112            7.0112    
      138.40            6.8919            6.9139            6.9139    
      138.60            6.7958            6.8177            6.8177    
      138.80            6.7007            6.7226            6.7226    
      139.00            6.6067            6.6286            6.6286    
      139.20            6.5138            6.5358            6.5358    
      139.40            6.4220            6.4440            6.4440    
      139.60            6.3313            6.3533            6.3533    
      139.80            6.2418            6.2637            6.2637    
      140.00            6.1533            6.1753            6.1753    
      140.20            6.0659            6.0879            6.0879    
      140.40            5.9796            6.0016            6.0016    
      140.60            5.8944            5.9164            5.9164    
      140.80            5.8103            5.8323            5.8323    
      141.00            5.7273            5.7493            5.7493    
      141.20            5.6453            5.6674            5.6674    
      141.40            5.5644            5.5865            5.5865    
      141.60            5.4846            5.5066            5.5066    
      141.80            5.4058            5.4279            5.4279    
      142.00            5.3280            5.3501            5.3501    
      142.20            5.2513            5.2734            5.2734    
      142.40            5.1756            5.1977            5.1977    
      142.60            5.1009            5.1231            5.1231    
      142.80            5.0273            5.0494            5.0494    
      143.00            4.9546            4.9767            4.9767    
      143.20            4.8829            4.9051            4.9051    
      143.40            4.8122            4.8343            4.8343    
      143.60            4.7425            4.7646            4.7646    
      143.80            4.6737            4.6958            4.6958    
      144.00            4.6059            4.6280            4.6280    
      144.20            4.5390            4.5611            4.5611    
      144.40            4.4730            4.4951            4.4951    
      144.60            4.4080            4.4301            4.4301    
      144.80            4.3439            4.3659            4.3659    
      145.00            4.2806            4.3027            4.3027    
      145.20            4.2183            4.2403            4.2403    
      145.40            4.1568            4.1788            4.1788    
      145.60            4.0962            4.1182            4.1182    
      145.80            4.0365            4.0584            4.0584    
      146.00            3.9775            3.9995            3.9995    
      146.20            3.9195            3.9414            3.9414    
      146.40            3.8622            3.8841            3.8841    
      146.60            3.8058            3.8276            3.8276    
      146.80            3.7502            3.7720            3.7720    
      147.00            3.6954            3.7171            3.7171    
      147.20            3.6413            3.6630            3.6630    
      147.40            3.5880            3.6097            3.6097    
      147.60            3.5355            3.5571            3.5571    
      147.80            3.4838            3.5053            3.5053    
      148.00            3.4328            3.4543            3.4543    
      148.20            3.3825            3.4039            3.4039    
      148.40            3.3329            3.3543            3.3543    
      148.60            3.2841            3.3054            3.3054    
      148.80            3.2359            3.2572            3.2572    
      149.00            3.1885            3.2097            3.2097    
      149.20            3.1417            3.1629            3.1629    
      149.40            3.0957            3.1168            3.1168    
      149.60            3.0503            3.0713            3.0713    
      149.80            3.0055            3.0264            3.0264    
      150.00            2.9614            2.9823            2.9823    
      150.20            2.9179            2.9387            2.9387    
      150.40            2.8751            2.8958            2.8958    
      150.60            2.8329            2.8535            2.8535    
      150.80            2.7913            2.8119            2.8119    
      151.00            2.7503            2.7708            2.7708    
      151.20            2.7099            2.7303            2.7303    
      151.40            2.6701            2.6904            2.6904    
      151.60            2.6309            2.6511            2.6511    
      151.80            2.5922            2.6124            2.6124    
      152.00            2.5541            2.5742            2.5742    
      152.20            2.5166            2.5366            2.5366    
      152.40            2.4796            2.4995            2.4995    
      152.60            2.4432            2.4629            2.4629    
      152.80            2.4073            2.4269            2.4269    
      153.00            2.3719            2.3914            2.3914    
      153.20            2.3370            2.3565            2.3565    
      153.40            2.3026            2.3220            2.3220    
      153.60            2.2688            2.2881            2.2881    
      153.80            2.2354            2.2546            2.2546    
      154.00            2.2025            2.2216            2.2216    
      154.20            2.1701            2.1891            2.1891    
      154.40            2.1382            2.1571            2.1571    
      154.60            2.1068            2.1255            2.1255    
      154.80            2.0758            2.0944            2.0944    
      155.00            2.0453            2.0638            2.0638    
      155.20            2.0152            2.0336            2.0336    
      155.40            1.9855            2.0039            2.0039    
      155.60            1.9563            1.9745            1.9745    
      155.80            1.9275            1.9456            1.9456    
      156.00            1.8992            1.9172            1.9172    
      156.20            1.8712            1.8891            1.8891    
      156.40            1.8437            1.8615            1.8615    
      156.60            1.8165            1.8342            1.8342    
      156.80            1.7898            1.8074            1.8074    
      157.00            1.7635            1.7809            1.7809    
      157.20            1.7375            1.7549            1.7549    
      157.40            1.7120            1.7292            1.7292    
      157.60            1.6868            1.7039            1.7039    
      157.80            1.6619            1.6789            1.6789    
      158.00            1.6375            1.6543            1.6543    
      158.20            1.6134            1.6301            1.6301    
      158.40            1.5896            1.6063            1.6063    
      158.60            1.5662            1.5828            1.5828    
      158.80            1.5432            1.5596            1.5596    
      159.00            1.5204            1.5368            1.5368    
      159.20            1.4981            1.5143            1.5143    
      159.40            1.4760            1.4921            1.4921    
      159.60            1.4543            1.4702            1.4702    
      159.80            1.4329            1.4487            1.4487    
      160.00            1.4118            1.4275            1.4275    
      160.20            1.3910            1.4066            1.4066    
      160.40            1.3705            1.3860            1.3860    
      160.60            1.3503            1.3657            1.3657    
      160.80            1.3305            1.3457            1.3457    
      161.00            1.3109            1.3260            1.3260    
      161.20            1.2916            1.3066            1.3066    
      161.40            1.2726            1.2875            1.2875    
      161.60            1.2538            1.2686            1.2686    
      161.80            1.2354            1.2501            1.2501    
      162.00            1.2172            1.2318            1.2318    
      162.20            1.1993            1.2137            1.2137    
      162.40            1.1816            1.1959            1.1959    
      162.60            1.1642            1.1784            1.1784    
      162.80            1.1471            1.1612            1.1612    
      163.00            1.1302            1.1442            1.1442    
      163.20            1.1135            1.1274            1.1274    
      163.40            1.0971            1.1109            1.1109    
      163.60            1.0810            1.0946            1.0946    
      163.80            1.0651            1.0786            1.0786    
      164.00            1.0494            1.0628            1.0628    
      164.20            1.0339            1.0473            1.0473    
      164.40            1.0187            1.0319            1.0319    
      164.60            1.0037            1.0168            1.0168    
      164.80           0.98892            1.0019            1.0019    
      165.00           0.97436           0.98725           0.98725    
      165.20           0.96001           0.97280           0.97280    
      165.40           0.94587           0.95855           0.95855    
      165.60           0.93194           0.94452           0.94452    
      165.80           0.91822           0.93068           0.93068    
      166.00           0.90470           0.91706           0.91706    
      166.20           0.89138           0.90363           0.90363    
      166.40           0.87825           0.89039           0.89039    
      166.60           0.86532           0.87736           0.87736    
      166.80           0.85258           0.86451           0.86451    
      167.00           0.84002           0.85185           0.85185    
      167.20           0.82765           0.83937           0.83937    
      167.40           0.81546           0.82708           0.82708    
      167.60           0.80345           0.81497           0.81497    


  SUBJECT NO.     1 ...  OUTPUT EQUATION NO.  1

     TIMES                   OBSERVED VALUES          PREDICTED VALUES, BASED ON POSTERIOR MEANS; THEN MEDIANS; THEN MODES
--------------------------------------------------------------------------------------------------------------------------
      120.00            4.7100            4.6054            4.6274            4.6274    
      120.77            4.5000            4.3529            4.3750            4.3750    
      121.75            3.3500            4.0508            4.1202            4.1202    
      125.67            12.350            12.039            12.116            12.116    
      128.67            11.560            12.056            12.104            12.104    
      143.67            6.4500            4.7183            4.7404            4.7404    


