  icycle     fobj1          gamma          res     grid points (start and end)
    1      -9.155948       4.545455      0.20000     20011    1
    2      -8.606344       3.787879      0.20000         6    1
    3      -7.646176       2.705628      0.20000         7    1
    4      -6.283943       2.705628      0.20000         7    1
    5      -6.267866       1.932591      0.10000         7    1
    6      -5.843550       1.932591      0.10000         7    1
    7      -5.843421       1.932591      0.05000         7    1
    8      -5.843421       1.932591      0.05000         7    1
    9      -5.839789       2.125850      0.02500         8    1
   10      -5.823389       2.125850      0.02500         8    1
   11      -5.804041       2.125850      0.01250         9    1
   12      -5.790038       2.024619      0.01250         8    1
   13      -5.718462       2.024619      0.01250         8    1
   14      -5.585314       2.024619      0.01250         8    1
   15      -5.581359       1.975238      0.01250         7    1
   16      -5.575953       1.975238      0.01250         7    1
   17      -5.575406       1.975238      0.01250         7    1
   18      -5.575406       1.975238      0.01250         7    1
   19      -5.533137       1.975238      0.00625         8    1
   20      -5.532398       1.975238      0.00625         7    1
   21      -5.532126       1.975238      0.00625         7    1
   22      -5.532126       1.975238      0.00625         7    1
   23      -5.515754       1.955682      0.00313         9    1
   24      -5.508722       1.955682      0.00313         8    1
   25      -5.507604       1.955682      0.00313         7    1
   26      -5.507171       1.955682      0.00313         7    1
   27      -5.506855       1.955682      0.00313         7    1
   28      -5.506657       1.955682      0.00313         7    1
   29      -5.506578       1.955682      0.00313         7    1
   30      -5.493853       1.955682      0.00156         9    1
   31      -5.490464       1.955682      0.00156         8    1
   32      -5.489312       1.955682      0.00156         7    1
   33      -5.489296       1.955682      0.00156         7    1
   34      -5.487667       1.955682      0.00078         8    1
   35      -5.487042       1.955682      0.00078         7    1
   36      -5.487002       1.955682      0.00078         7    1
   37      -5.486985       1.955682      0.00039         7    1
   38      -5.485624       1.955682      0.00020         9    1
   39      -5.485232       1.955682      0.00020         8    1
   40      -5.485198       1.955682      0.00020         7    1
 res set to .2  checkbig=   1.0000000000000000E+030
   41      -5.485198       1.955682      0.20000         6    1
   42      -5.485198       1.955682      0.10000         7    1
   43      -5.485198       1.955682      0.05000         7    1
   44      -5.485198       1.955682      0.02500         7    1
   45      -5.485198       1.955682      0.01250         7    1
   46      -5.485198       1.955682      0.00625         7    1
   47      -5.485138       1.955682      0.00313         7    1
   48      -5.485138       1.955682      0.00156         7    1
   49      -5.485138       1.955682      0.00078         7    1
   50      -5.485138       1.955682      0.00039         7    1
   51      -5.485138       1.955682      0.00020         7    1
 res set to .2  checkbig=   5.9355028049878911E-005
