  SUBJECT NO.     1

 COL. 1. = PREDICTION TIMES
 COL. 2. = PRED. VALUES FOR OUTPUT EQ. 1, BASED ON POSTERIOR MEANS
 COL. 3. = PRED. VALUES FOR OUTPUT EQ. 1, BASED ON POSTERIOR MEDIANS
 COL. 4. = PRED. VALUES FOR OUTPUT EQ. 1, BASED ON POSTERIOR MODES
 EACH ADDITIONAL OUTPUT EQ. HAS 3 COLUMNS OF PREDICTED VALUES
 BASED, IN ORDER, ON THE POSTERIOR MEANS, MEDIANS, AND MODES: 
-------------------------------------------------------------
      0.0000            0.0000            0.0000            0.0000    
     0.20000           0.69686           0.63304           0.63304    
     0.40000            1.2910            1.2376            1.2376    
     0.60000            1.7965            1.7521            1.7521    
     0.80000            2.2258            2.1894            2.1894    
      1.0000            2.5896            2.5601            2.5601    
      1.2000            2.8971            2.8736            2.8736    
      1.4000            3.1563            3.1381            3.1381    
      1.6000            3.3740            3.3602            3.3602    
      1.8000            3.5560            3.5461            3.5461    
      2.0000            3.7073            3.7008            3.7008    
      2.2000            3.8323            3.8287            3.8287    
      2.4000            3.9348            3.9336            3.9336    
      2.6000            4.0178            4.0187            4.0187    
      2.8000            4.0842            4.0869            4.0869    
      3.0000            4.1364            4.1405            4.1405    
      3.2000            4.1763            4.1816            4.1816    
      3.4000            4.2057            4.2121            4.2121    
      3.6000            4.2262            4.2334            4.2334    
      3.8000            4.2390            4.2469            4.2469    
      4.0000            4.2452            4.2536            4.2536    
      4.2000            4.2458            4.2546            4.2546    
      4.4000            4.2416            4.2507            4.2507    
      4.6000            4.2333            4.2427            4.2427    
      4.8000            4.2216            4.2311            4.2311    
      5.0000            4.2069            4.2164            4.2164    
      5.2000            4.1898            4.1993            4.1993    
      5.4000            4.1705            4.1799            4.1799    
      5.6000            4.1494            4.1587            4.1587    
      5.8000            4.1268            4.1360            4.1360    
      6.0000            4.1030            4.1120            4.1120    
      6.2000            4.0781            4.0869            4.0869    
      6.4000            4.0524            4.0610            4.0610    
      6.6000            4.0260            4.0343            4.0343    
      6.8000            3.9990            4.0070            4.0070    
      7.0000            3.9715            3.9793            3.9793    
      7.2000            3.9437            3.9511            3.9511    
      7.4000            3.9156            3.9227            3.9227    
      7.6000            3.8872            3.8941            3.8941    
      7.8000            3.8588            3.8653            3.8653    
      8.0000            3.8302            3.8364            3.8364    
      8.2000            3.8016            3.8075            3.8075    
      8.4000            3.7730            3.7786            3.7786    
      8.6000            3.7445            3.7497            3.7497    
      8.8000            3.7159            3.7208            3.7208    
      9.0000            3.6875            3.6921            3.6921    
      9.2000            3.6591            3.6634            3.6634    
      9.4000            3.6309            3.6348            3.6348    
      9.6000            3.6028            3.6064            3.6064    
      9.8000            3.5748            3.5781            3.5781    
      10.000            3.5470            3.5499            3.5499    
      10.200            3.5193            3.5220            3.5220    
      10.400            3.4918            3.4942            3.4942    
      10.600            3.4645            3.4665            3.4665    
      10.800            3.4374            3.4391            3.4391    
      11.000            3.4104            3.4118            3.4118    
      11.200            3.3836            3.3847            3.3847    
      11.400            3.3570            3.3579            3.3579    
      11.600            3.3306            3.3312            3.3312    
      11.800            3.3044            3.3047            3.3047    
      12.000            3.2784            3.2784            3.2784    
      12.200            3.2526            3.2523            3.2523    
      12.400            3.2269            3.2264            3.2264    
      12.600            3.2015            3.2006            3.2006    
      12.800            3.1763            3.1751            3.1751    
      13.000            3.1512            3.1498            3.1498    
      13.200            3.1263            3.1247            3.1247    
      13.400            3.1017            3.0998            3.0998    
      13.600            3.0772            3.0750            3.0750    
      13.800            3.0529            3.0505            3.0505    
      14.000            3.0288            3.0261            3.0261    
      14.200            3.0049            3.0020            3.0020    
      14.400            2.9811            2.9780            2.9780    
      14.600            2.9576            2.9542            2.9542    
      14.800            2.9342            2.9306            2.9306    
      15.000            2.9110            2.9072            2.9072    
      15.200            2.8880            2.8840            2.8840    
      15.400            2.8652            2.8610            2.8610    
      15.600            2.8426            2.8381            2.8381    
      15.800            2.8201            2.8155            2.8155    
      16.000            2.7979            2.7930            2.7930    
      16.200            2.7757            2.7707            2.7707    
      16.400            2.7538            2.7485            2.7485    
      16.600            2.7321            2.7266            2.7266    
      16.800            2.7105            2.7048            2.7048    
      17.000            2.6890            2.6832            2.6832    
      17.200            2.6678            2.6618            2.6618    
      17.400            2.6467            2.6405            2.6405    
      17.600            2.6258            2.6194            2.6194    
      17.800            2.6051            2.5985            2.5985    
      18.000            2.5845            2.5777            2.5777    
      18.200            2.5640            2.5571            2.5571    
      18.400            2.5438            2.5367            2.5367    
      18.600            2.5237            2.5164            2.5164    
      18.800            2.5037            2.4963            2.4963    
      19.000            2.4839            2.4764            2.4764    
      19.200            2.4643            2.4566            2.4566    
      19.400            2.4448            2.4370            2.4370    
      19.600            2.4255            2.4175            2.4175    
      19.800            2.4064            2.3982            2.3982    
      20.000            2.3873            2.3791            2.3791    
      20.200            2.3685            2.3600            2.3600    
      20.400            2.3498            2.3412            2.3412    
      20.600            2.3312            2.3225            2.3225    
      20.800            2.3128            2.3039            2.3039    
      21.000            2.2945            2.2855            2.2855    
      21.200            2.2764            2.2673            2.2673    
      21.400            2.2584            2.2492            2.2492    
      21.600            2.2405            2.2312            2.2312    
      21.800            2.2228            2.2134            2.2134    
      22.000            2.2052            2.1957            2.1957    
      22.200            2.1878            2.1781            2.1781    
      22.400            2.1705            2.1607            2.1607    
      22.600            2.1534            2.1435            2.1435    
      22.800            2.1364            2.1264            2.1264    
      23.000            2.1195            2.1094            2.1094    
      23.200            2.1027            2.0925            2.0925    
      23.400            2.0861            2.0758            2.0758    
      23.600            2.0696            2.0592            2.0592    
      23.800            2.0533            2.0428            2.0428    
      24.000            2.0370            2.0264            2.0264    
      24.200            2.7178            2.6433            2.6433    
      24.400            3.2960            3.2318            3.2318    
      24.600            3.7856            3.7304            3.7304    
      24.800            4.1992            4.1518            4.1518    
      25.000            4.5474            4.5069            4.5069    
      25.200            4.8395            4.8049            4.8049    
      25.400            5.0833            5.0539            5.0539    
      25.600            5.2858            5.2607            5.2607    
      25.800            5.4526            5.4314            5.4314    
      26.000            5.5890            5.5710            5.5710    
      26.200            5.6991            5.6840            5.6840    
      26.400            5.7868            5.7741            5.7741    
      26.600            5.8552            5.8445            5.8445    
      26.800            5.9071            5.8981            5.8981    
      27.000            5.9448            5.9372            5.9372    
      27.200            5.9705            5.9640            5.9640    
      27.400            5.9857            5.9802            5.9802    
      27.600            5.9921            5.9874            5.9874    
      27.800            5.9909            5.9869            5.9869    
      28.000            5.9833            5.9797            5.9797    
      28.200            5.9702            5.9669            5.9669    
      28.400            5.9524            5.9494            5.9494    
      28.600            5.9306            5.9277            5.9277    
      28.800            5.9055            5.9027            5.9027    
      29.000            5.8775            5.8747            5.8747    
      29.200            5.8471            5.8442            5.8442    
      29.400            5.8147            5.8118            5.8118    
      29.600            5.7806            5.7775            5.7775    
      29.800            5.7452            5.7419            5.7419    
      30.000            5.7086            5.7051            5.7051    
      30.200            5.6710            5.6673            5.6673    
      30.400            5.6327            5.6287            5.6287    
      30.600            5.5938            5.5895            5.5895    
      30.800            5.5544            5.5498            5.5498    
      31.000            5.5146            5.5097            5.5097    
      31.200            5.4746            5.4693            5.4693    
      31.400            5.4344            5.4288            5.4288    
      31.600            5.3941            5.3881            5.3881    
      31.800            5.3537            5.3474            5.3474    
      32.000            5.3133            5.3067            5.3067    
      32.200            5.2730            5.2660            5.2660    
      32.400            5.2328            5.2255            5.2255    
      32.600            5.1927            5.1850            5.1850    
      32.800            5.1527            5.1447            5.1447    
      33.000            5.1129            5.1045            5.1045    
      33.200            5.0733            5.0646            5.0646    
      33.400            5.0339            5.0248            5.0248    
      33.600            4.9947            4.9853            4.9853    
      33.800            4.9557            4.9459            4.9459    
      34.000            4.9170            4.9069            4.9069    
      34.200            4.8785            4.8681            4.8681    
      34.400            4.8402            4.8295            4.8295    
      34.600            4.8023            4.7912            4.7912    
      34.800            4.7645            4.7532            4.7532    
      35.000            4.7271            4.7154            4.7154    
      35.200            4.6899            4.6779            4.6779    
      35.400            4.6530            4.6407            4.6407    
      35.600            4.6164            4.6038            4.6038    
      35.800            4.5800            4.5671            4.5671    
      36.000            4.5439            4.5307            4.5307    
      36.200            4.5081            4.4946            4.4946    
      36.400            4.4725            4.4588            4.4588    
      36.600            4.4372            4.4232            4.4232    
      36.800            4.4022            4.3879            4.3879    
      37.000            4.3675            4.3529            4.3529    
      37.200            4.3330            4.3182            4.3182    
      37.400            4.2988            4.2837            4.2837    
      37.600            4.2648            4.2495            4.2495    
      37.800            4.2311            4.2156            4.2156    
      38.000            4.1977            4.1820            4.1820    
      38.200            4.1646            4.1486            4.1486    
      38.400            4.1317            4.1154            4.1154    
      38.600            4.0990            4.0826            4.0826    
      38.800            4.0667            4.0500            4.0500    
      39.000            4.0345            4.0176            4.0176    
      39.200            4.0027            3.9855            3.9855    
      39.400            3.9710            3.9537            3.9537    
      39.600            3.9397            3.9221            3.9221    
      39.800            3.9085            3.8908            3.8908    
      40.000            3.8776            3.8597            3.8597    
      40.200            3.8470            3.8289            3.8289    
      40.400            3.8166            3.7983            3.7983    
      40.600            3.7864            3.7680            3.7680    
      40.800            3.7565            3.7379            3.7379    
      41.000            3.7268            3.7080            3.7080    
      41.200            3.6974            3.6784            3.6784    
      41.400            3.6682            3.6490            3.6490    
      41.600            3.6392            3.6199            3.6199    
      41.800            3.6104            3.5909            3.5909    
      42.000            3.5819            3.5622            3.5622    
      42.200            3.5536            3.5338            3.5338    
      42.400            3.5255            3.5056            3.5056    
      42.600            3.4976            3.4776            3.4776    
      42.800            3.4700            3.4498            3.4498    
      43.000            3.4426            3.4222            3.4222    
      43.200            3.4154            3.3949            3.3949    
      43.400            3.3884            3.3678            3.3678    
      43.600            3.3616            3.3408            3.3408    
      43.800            3.3350            3.3142            3.3142    
      44.000            3.3087            3.2877            3.2877    
      44.200            3.2825            3.2614            3.2614    
      44.400            3.2566            3.2354            3.2354    
      44.600            3.2309            3.2095            3.2095    
      44.800            3.2053            3.1839            3.1839    
      45.000            3.1800            3.1584            3.1584    
      45.200            3.1549            3.1332            3.1332    
      45.400            3.1299            3.1082            3.1082    
      45.600            3.1052            3.0833            3.0833    
      45.800            3.0807            3.0587            3.0587    
      46.000            3.0563            3.0343            3.0343    
      46.200            3.0322            3.0100            3.0100    
      46.400            3.0082            2.9860            2.9860    
      46.600            2.9844            2.9621            2.9621    
      46.800            2.9608            2.9385            2.9385    
      47.000            2.9374            2.9150            2.9150    
      47.200            2.9142            2.8917            2.8917    
      47.400            2.8912            2.8686            2.8686    
      47.600            2.8684            2.8457            2.8457    
      47.800            2.8457            2.8230            2.8230    
      48.000            2.8232            2.8004            2.8004    
      48.200            3.4978            3.4111            3.4111    
      48.400            4.0697            3.9934            3.9934    
      48.600            4.5533            4.4860            4.4860    
      48.800            4.9608            4.9013            4.9013    
      49.000            5.3030            5.2504            5.2504    
      49.200            5.5891            5.5425            5.5425    
      49.400            5.8270            5.7856            5.7856    
      49.600            6.0236            5.9866            5.9866    
      49.800            6.1846            6.1515            6.1515    
      50.000            6.3152            6.2853            6.2853    
      50.200            6.4196            6.3926            6.3926    
      50.400            6.5016            6.4770            6.4770    
      50.600            6.5643            6.5418            6.5418    
      50.800            6.6106            6.5898            6.5898    
      51.000            6.6428            6.6234            6.6234    
      51.200            6.6629            6.6448            6.6448    
      51.400            6.6727            6.6555            6.6555    
      51.600            6.6736            6.6573            6.6573    
      51.800            6.6671            6.6514            6.6514    
      52.000            6.6541            6.6389            6.6389    
      52.200            6.6357            6.6209            6.6209    
      52.400            6.6126            6.5981            6.5981    
      52.600            6.5856            6.5713            6.5713    
      52.800            6.5553            6.5411            6.5411    
      53.000            6.5222            6.5080            6.5080    
      53.200            6.4867            6.4725            6.4725    
      53.400            6.4493            6.4350            6.4350    
      53.600            6.4102            6.3958            6.3958    
      53.800            6.3697            6.3552            6.3552    
      54.000            6.3282            6.3135            6.3135    
      54.200            6.2857            6.2708            6.2708    
      54.400            6.2426            6.2274            6.2274    
      54.600            6.1988            6.1834            6.1834    
      54.800            6.1546            6.1390            6.1390    
      55.000            6.1101            6.0942            6.0942    
      55.200            6.0654            6.0492            6.0492    
      55.400            6.0205            6.0040            6.0040    
      55.600            5.9756            5.9588            5.9588    
      55.800            5.9306            5.9135            5.9135    
      56.000            5.8857            5.8682            5.8682    
      56.200            5.8409            5.8231            5.8231    
      56.400            5.7961            5.7781            5.7781    
      56.600            5.7516            5.7332            5.7332    
      56.800            5.7072            5.6885            5.6885    
      57.000            5.6630            5.6440            5.6440    
      57.200            5.6190            5.5997            5.5997    
      57.400            5.5753            5.5557            5.5557    
      57.600            5.5318            5.5119            5.5119    
      57.800            5.4886            5.4684            5.4684    
      58.000            5.4457            5.4251            5.4251    
      58.200            5.4030            5.3822            5.3822    
      58.400            5.3606            5.3395            5.3395    
      58.600            5.3185            5.2971            5.2971    
      58.800            5.2767            5.2551            5.2551    
      59.000            5.2352            5.2133            5.2133    
      59.200            5.1940            5.1718            5.1718    
      59.400            5.1531            5.1307            5.1307    
      59.600            5.1126            5.0898            5.0898    
      59.800            5.0723            5.0493            5.0493    
      60.000            5.0323            5.0090            5.0090    
      60.200            4.9926            4.9691            4.9691    
      60.400            4.9532            4.9295            4.9295    
      60.600            4.9141            4.8902            4.8902    
      60.800            4.8753            4.8511            4.8511    
      61.000            4.8368            4.8124            4.8124    
      61.200            4.7987            4.7740            4.7740    
      61.400            4.7608            4.7359            4.7359    
      61.600            4.7232            4.6981            4.6981    
      61.800            4.6859            4.6606            4.6606    
      62.000            4.6489            4.6234            4.6234    
      62.200            4.6121            4.5865            4.5865    
      62.400            4.5757            4.5499            4.5499    
      62.600            4.5396            4.5135            4.5135    
      62.800            4.5037            4.4775            4.4775    
      63.000            4.4681            4.4417            4.4417    
      63.200            4.4328            4.4062            4.4062    
      63.400            4.3978            4.3710            4.3710    
      63.600            4.3630            4.3361            4.3361    
      63.800            4.3286            4.3015            4.3015    
      64.000            4.2944            4.2671            4.2671    
      64.200            4.2604            4.2331            4.2331    
      64.400            4.2268            4.1992            4.1992    
      64.600            4.1934            4.1657            4.1657    
      64.800            4.1602            4.1324            4.1324    
      65.000            4.1274            4.0994            4.0994    
      65.200            4.0947            4.0667            4.0667    
      65.400            4.0624            4.0342            4.0342    
      65.600            4.0303            4.0019            4.0019    
      65.800            3.9984            3.9700            3.9700    
      66.000            3.9668            3.9383            3.9383    
      66.200            3.9355            3.9068            3.9068    
      66.400            3.9044            3.8756            3.8756    
      66.600            3.8735            3.8446            3.8446    
      66.800            3.8429            3.8139            3.8139    
      67.000            3.8126            3.7834            3.7834    
      67.200            3.7824            3.7532            3.7532    
      67.400            3.7525            3.7232            3.7232    
      67.600            3.7229            3.6935            3.6935    
      67.800            3.6935            3.6640            3.6640    
      68.000            3.6643            3.6347            3.6347    
      68.200            3.6353            3.6057            3.6057    
      68.400            3.6066            3.5769            3.5769    
      68.600            3.5781            3.5483            3.5483    
      68.800            3.5498            3.5200            3.5200    
      69.000            3.5218            3.4918            3.4918    
      69.200            3.4939            3.4639            3.4639    
      69.400            3.4663            3.4363            3.4363    
      69.600            3.4389            3.4088            3.4088    
      69.800            3.4117            3.3816            3.3816    
      70.000            3.3848            3.3546            3.3546    
      70.200            3.3580            3.3278            3.3278    
      70.400            3.3315            3.3012            3.3012    
      70.600            3.3052            3.2748            3.2748    
      70.800            3.2790            3.2486            3.2486    
      71.000            3.2531            3.2227            3.2227    
      71.200            3.2274            3.1969            3.1969    
      71.400            3.2019            3.1714            3.1714    
      71.600            3.1766            3.1461            3.1461    
      71.800            3.1515            3.1209            3.1209    
      72.000            3.1266            3.0960            3.0960    
      72.200            3.7988            3.7043            3.7043    
      72.400            4.3684            4.2843            4.2843    
      72.600            4.8495            4.7745            4.7745    
      72.800            5.2547            5.1876            5.1876    
      73.000            5.5946            5.5344            5.5344    
      73.200            5.8784            5.8242            5.8242    
      73.400            6.1140            6.0650            6.0650    
      73.600            6.3083            6.2638            6.2638    
      73.800            6.4671            6.4265            6.4265    
      74.000            6.5954            6.5582            6.5582    
      74.200            6.6976            6.6632            6.6632    
      74.400            6.7774            6.7455            6.7455    
      74.600            6.8380            6.8081            6.8081    
      74.800            6.8821            6.8540            6.8540    
      75.000            6.9122            6.8855            6.8855    
      75.200            6.9301            6.9048            6.9048    
      75.400            6.9378            6.9135            6.9135    
      75.600            6.9367            6.9132            6.9132    
      75.800            6.9280            6.9052            6.9052    
      76.000            6.9130            6.8907            6.8907    
      76.200            6.8925            6.8707            6.8707    
      76.400            6.8674            6.8459            6.8459    
      76.600            6.8384            6.8171            6.8171    
      76.800            6.8061            6.7849            6.7849    
      77.000            6.7710            6.7499            6.7499    
      77.200            6.7336            6.7125            6.7125    
      77.400            6.6942            6.6730            6.6730    
      77.600            6.6531            6.6319            6.6319    
      77.800            6.6108            6.5895            6.5895    
      78.000            6.5673            6.5459            6.5459    
      78.200            6.5230            6.5013            6.5013    
      78.400            6.4779            6.4561            6.4561    
      78.600            6.4323            6.4103            6.4103    
      78.800            6.3863            6.3640            6.3640    
      79.000            6.3400            6.3174            6.3174    
      79.200            6.2934            6.2706            6.2706    
      79.400            6.2468            6.2237            6.2237    
      79.600            6.2000            6.1767            6.1767    
      79.800            6.1533            6.1297            6.1297    
      80.000            6.1066            6.0827            6.0827    
      80.200            6.0600            6.0359            6.0359    
      80.400            6.0136            5.9891            5.9891    
      80.600            5.9673            5.9426            5.9426    
      80.800            5.9212            5.8962            5.8962    
      81.000            5.8753            5.8500            5.8500    
      81.200            5.8297            5.8041            5.8041    
      81.400            5.7843            5.7584            5.7584    
      81.600            5.7391            5.7130            5.7130    
      81.800            5.6943            5.6679            5.6679    
      82.000            5.6497            5.6231            5.6231    
      82.200            5.6054            5.5785            5.5785    
      82.400            5.5615            5.5343            5.5343    
      82.600            5.5178            5.4904            5.4904    
      82.800            5.4744            5.4468            5.4468    
      83.000            5.4314            5.4035            5.4035    
      83.200            5.3886            5.3605            5.3605    
      83.400            5.3462            5.3178            5.3178    
      83.600            5.3041            5.2754            5.2754    
      83.800            5.2622            5.2334            5.2334    
      84.000            5.2208            5.1917            5.1917    
      84.200            5.1796            5.1503            5.1503    
      84.400            5.1387            5.1092            5.1092    
      84.600            5.0982            5.0685            5.0685    
      84.800            5.0579            5.0281            5.0281    
      85.000            5.0180            4.9879            4.9879    
      85.200            4.9784            4.9481            4.9481    
      85.400            4.9391            4.9086            4.9086    
      85.600            4.9001            4.8694            4.8694    
      85.800            4.8614            4.8306            4.8306    
      86.000            4.8230            4.7920            4.7920    
      86.200            4.7849            4.7537            4.7537    
      86.400            4.7471            4.7158            4.7158    
      86.600            4.7096            4.6781            4.6781    
      86.800            4.6724            4.6408            4.6408    
      87.000            4.6355            4.6037            4.6037    
      87.200            4.5988            4.5669            4.5669    
      87.400            4.5625            4.5304            4.5304    
      87.600            4.5264            4.4943            4.4943    
      87.800            4.4907            4.4584            4.4584    
      88.000            4.4552            4.4227            4.4227    
      88.200            4.4200            4.3874            4.3874    
      88.400            4.3851            4.3524            4.3524    
      88.600            4.3504            4.3176            4.3176    
      88.800            4.3160            4.2831            4.2831    
      89.000            4.2819            4.2489            4.2489    
      89.200            4.2481            4.2150            4.2150    
      89.400            4.2145            4.1813            4.1813    
      89.600            4.1812            4.1479            4.1479    
      89.800            4.1482            4.1147            4.1147    
      90.000            4.1154            4.0819            4.0819    
      90.200            4.0829            4.0493            4.0493    
      90.400            4.0506            4.0169            4.0169    
      90.600            4.0186            3.9848            3.9848    
      90.800            3.9868            3.9530            3.9530    
      91.000            3.9553            3.9214            3.9214    
      91.200            3.9241            3.8901            3.8901    
      91.400            3.8931            3.8590            3.8590    
      91.600            3.8623            3.8282            3.8282    
      91.800            3.8318            3.7976            3.7976    
      92.000            3.8015            3.7673            3.7673    
      92.200            3.7715            3.7372            3.7372    
      92.400            3.7417            3.7073            3.7073    
      92.600            3.7121            3.6777            3.6777    
      92.800            3.6827            3.6483            3.6483    
      93.000            3.6536            3.6192            3.6192    
      93.200            3.6248            3.5902            3.5902    
      93.400            3.5961            3.5616            3.5616    
      93.600            3.5677            3.5331            3.5331    
      93.800            3.5395            3.5049            3.5049    
      94.000            3.5115            3.4769            3.4769    
      94.200            3.4838            3.4491            3.4491    
      94.400            3.4563            3.4216            3.4216    
      94.600            3.4289            3.3942            3.3942    
      94.800            3.4018            3.3671            3.3671    
      95.000            3.3750            3.3402            3.3402    
      95.200            3.3483            3.3135            3.3135    
      95.400            3.3218            3.2871            3.2871    
      95.600            3.2956            3.2608            3.2608    
      95.800            3.2695            3.2347            3.2347    
      96.000            3.2437            3.2089            3.2089    
      96.200            3.9149            3.8163            3.8163    
      96.400            4.4836            4.3954            4.3954    
      96.600            4.9639            4.8847            4.8847    
      96.800            5.3681            5.2969            5.2969    
      97.000            5.7071            5.6428            5.6428    
      97.200            5.9900            5.9318            5.9318    
      97.400            6.2248            6.1717            6.1717    
      97.600            6.4182            6.3697            6.3697    
      97.800            6.5761            6.5315            6.5315    
      98.000            6.7036            6.6623            6.6623    
      98.200            6.8049            6.7666            6.7666    
      98.400            6.8839            6.8480            6.8480    
      98.600            6.9436            6.9098            6.9098    
      98.800            6.9869            6.9549            6.9549    
      99.000            7.0161            6.9856            6.9856    
      99.200            7.0333            7.0041            7.0041    
      99.400            7.0401            7.0120            7.0120    
      99.600            7.0382            7.0109            7.0109    
      99.800            7.0287            7.0022            7.0022    
      100.00            7.0129            6.9869            6.9869    
      100.20            6.9916            6.9661            6.9661    
      100.40            6.9658            6.9405            6.9405    
      100.60            6.9360            6.9110            6.9110    
      100.80            6.9029            6.8781            6.8781    
      101.00            6.8670            6.8423            6.8423    
      101.20            6.8288            6.8041            6.8041    
      101.40            6.7887            6.7640            6.7640    
      101.60            6.7469            6.7221            6.7221    
      101.80            6.7038            6.6789            6.6789    
      102.00            6.6596            6.6346            6.6346    
      102.20            6.6146            6.5894            6.5894    
      102.40            6.5688            6.5434            6.5434    
      102.60            6.5225            6.4969            6.4969    
      102.80            6.4757            6.4500            6.4500    
      103.00            6.4287            6.4027            6.4027    
      103.20            6.3814            6.3552            6.3552    
      103.40            6.3341            6.3076            6.3076    
      103.60            6.2866            6.2599            6.2599    
      103.80            6.2392            6.2122            6.2122    
      104.00            6.1919            6.1646            6.1646    
      104.20            6.1446            6.1171            6.1171    
      104.40            6.0975            6.0697            6.0697    
      104.60            6.0505            6.0225            6.0225    
      104.80            6.0038            5.9755            5.9755    
      105.00            5.9572            5.9287            5.9287    
      105.20            5.9110            5.8822            5.8822    
      105.40            5.8649            5.8359            5.8359    
      105.60            5.8192            5.7899            5.7899    
      105.80            5.7737            5.7441            5.7441    
      106.00            5.7285            5.6987            5.6987    
      106.20            5.6836            5.6535            5.6535    
      106.40            5.6390            5.6087            5.6087    
      106.60            5.5947            5.5642            5.5642    
      106.80            5.5507            5.5200            5.5200    
      107.00            5.5070            5.4761            5.4761    
      107.20            5.4637            5.4325            5.4325    
      107.40            5.4207            5.3893            5.3893    
      107.60            5.3780            5.3463            5.3463    
      107.80            5.3356            5.3038            5.3038    
      108.00            5.2935            5.2615            5.2615    
      108.20            5.2517            5.2195            5.2195    
      108.40            5.2103            5.1779            5.1779    
      108.60            5.1692            5.1366            5.1366    
      108.80            5.1284            5.0956            5.0956    
      109.00            5.0879            5.0550            5.0550    
      109.20            5.0477            5.0146            5.0146    
      109.40            5.0079            4.9746            4.9746    
      109.60            4.9683            4.9349            4.9349    
      109.80            4.9291            4.8955            4.8955    
      110.00            4.8902            4.8564            4.8564    
      110.20            4.8515            4.8176            4.8176    
      110.40            4.8132            4.7791            4.7791    
      110.60            4.7752            4.7410            4.7410    
      110.80            4.7375            4.7031            4.7031    
      111.00            4.7000            4.6656            4.6656    
      111.20            4.6629            4.6283            4.6283    
      111.40            4.6261            4.5913            4.5913    
      111.60            4.5895            4.5546            4.5546    
      111.80            4.5532            4.5183            4.5183    
      112.00            4.5173            4.4822            4.4822    
      112.20            4.4816            4.4464            4.4464    
      112.40            4.4462            4.4109            4.4109    
      112.60            4.4110            4.3756            4.3756    
      112.80            4.3762            4.3407            4.3407    
      113.00            4.3416            4.3060            4.3060    
      113.20            4.3073            4.2716            4.2716    
      113.40            4.2732            4.2375            4.2375    
      113.60            4.2395            4.2036            4.2036    
      113.80            4.2060            4.1700            4.1700    
      114.00            4.1727            4.1367            4.1367    
      114.20            4.1398            4.1037            4.1037    
      114.40            4.1070            4.0709            4.0709    
      114.60            4.0746            4.0384            4.0384    
      114.80            4.0424            4.0061            4.0061    
      115.00            4.0104            3.9741            3.9741    
      115.20            3.9787            3.9424            3.9424    
      115.40            3.9473            3.9109            3.9109    
      115.60            3.9161            3.8796            3.8796    
      115.80            3.8852            3.8486            3.8486    
      116.00            3.8545            3.8179            3.8179    
      116.20            3.8240            3.7874            3.7874    
      116.40            3.7938            3.7571            3.7571    
      116.60            3.7638            3.7271            3.7271    
      116.80            3.7341            3.6973            3.6973    
      117.00            3.7045            3.6678            3.6678    
      117.20            3.6753            3.6385            3.6385    
      117.40            3.6462            3.6094            3.6094    
      117.60            3.6174            3.5806            3.5806    
      117.80            3.5888            3.5520            3.5520    
      118.00            3.5605            3.5236            3.5236    
      118.20            3.5323            3.4955            3.4955    
      118.40            3.5044            3.4675            3.4675    
      118.60            3.4767            3.4398            3.4398    
      118.80            3.4492            3.4124            3.4124    
      119.00            3.4220            3.3851            3.3851    
      119.20            3.3949            3.3580            3.3580    
      119.40            3.3681            3.3312            3.3312    
      119.60            3.3415            3.3046            3.3046    
      119.80            3.3151            3.2782            3.2782    
      120.00            3.2889            3.2520            3.2520    
      120.20            3.9598            3.8591            3.8591    
      120.40            4.5281            4.4378            4.4378    
      120.60            5.0080            4.9268            4.9268    
      120.80            5.4119            5.3387            5.3387    
      121.00            5.7506            5.6843            5.6843    
      121.20            6.0331            5.9729            5.9729    
      121.40            6.2675            6.2125            6.2125    
      121.60            6.4606            6.4101            6.4101    
      121.80            6.6182            6.5716            6.5716    
      122.00            6.7454            6.7021            6.7021    
      122.20            6.8464            6.8061            6.8061    
      122.40            6.9250            6.8872            6.8872    
      122.60            6.9844            6.9487            6.9487    
      122.80            7.0273            6.9935            6.9935    
      123.00            7.0562            7.0239            7.0239    
      123.20            7.0731            7.0420            7.0420    
      123.40            7.0796            7.0496            7.0496    
      123.60            7.0774            7.0482            7.0482    
      123.80            7.0676            7.0392            7.0392    
      124.00            7.0515            7.0236            7.0236    
      124.20            7.0299            7.0025            7.0025    
      124.40            7.0037            6.9767            6.9767    
      124.60            6.9736            6.9468            6.9468    
      124.80            6.9402            6.9136            6.9136    
      125.00            6.9041            6.8776            6.8776    
      125.20            6.8656            6.8391            6.8391    
      125.40            6.8251            6.7987            6.7987    
      125.60            6.7831            6.7566            6.7566    
      125.80            6.7397            6.7131            6.7131    
      126.00            6.6952            6.6685            6.6685    
      126.20            6.6499            6.6230            6.6230    
      126.40            6.6038            6.5768            6.5768    
      126.60            6.5572            6.5300            6.5300    
      126.80            6.5102            6.4828            6.4828    
      127.00            6.4629            6.4353            6.4353    
      127.20            6.4154            6.3875            6.3875    
      127.40            6.3678            6.3396            6.3396    
      127.60            6.3201            6.2917            6.2917    
      127.80            6.2724            6.2438            6.2438    
      128.00            6.2248            6.1959            6.1959    
      128.20            6.1772            6.1481            6.1481    
      128.40            6.1299            6.1005            6.1005    
      128.60            6.0827            6.0531            6.0531    
      128.80            6.0357            6.0058            6.0058    
      129.00            5.9889            5.9588            5.9588    
      129.20            5.9423            5.9120            5.9120    
      129.40            5.8960            5.8654            5.8654    
      129.60            5.8500            5.8192            5.8192    
      129.80            5.8043            5.7732            5.7732    
      130.00            5.7589            5.7275            5.7275    
      130.20            5.7137            5.6822            5.6822    
      130.40            5.6689            5.6371            5.6371    
      130.60            5.6244            5.5924            5.5924    
      130.80            5.5801            5.5479            5.5479    
      131.00            5.5363            5.5038            5.5038    
      131.20            5.4927            5.4600            5.4600    
      131.40            5.4494            5.4166            5.4166    
      131.60            5.4065            5.3734            5.3734    
      131.80            5.3639            5.3306            5.3306    
      132.00            5.3216            5.2881            5.2881    
      132.20            5.2796            5.2460            5.2460    
      132.40            5.2379            5.2041            5.2041    
      132.60            5.1966            5.1626            5.1626    
      132.80            5.1556            5.1214            5.1214    
      133.00            5.1149            5.0806            5.0806    
      133.20            5.0745            5.0400            5.0400    
      133.40            5.0344            4.9998            4.9998    
      133.60            4.9947            4.9599            4.9599    
      133.80            4.9552            4.9203            4.9203    
      134.00            4.9161            4.8810            4.8810    
      134.20            4.8773            4.8420            4.8420    
      134.40            4.8387            4.8033            4.8033    
      134.60            4.8005            4.7650            4.7650    
      134.80            4.7626            4.7269            4.7269    
      135.00            4.7250            4.6892            4.6892    
      135.20            4.6876            4.6517            4.6517    
      135.40            4.6506            4.6146            4.6146    
      135.60            4.6138            4.5777            4.5777    
      135.80            4.5774            4.5411            4.5411    
      136.00            4.5412            4.5049            4.5049    
      136.20            4.5053            4.4689            4.4689    
      136.40            4.4697            4.4332            4.4332    
      136.60            4.4344            4.3978            4.3978    
      136.80            4.3994            4.3626            4.3626    
      137.00            4.3646            4.3278            4.3278    
      137.20            4.3301            4.2932            4.2932    
      137.40            4.2959            4.2589            4.2589    
      137.60            4.2620            4.2249            4.2249    
      137.80            4.2283            4.1912            4.1912    
      138.00            4.1949            4.1577            4.1577    
      138.20            4.1617            4.1245            4.1245    
      138.40            4.1288            4.0915            4.0915    
      138.60            4.0962            4.0588            4.0588    
      138.80            4.0638            4.0264            4.0264    
      139.00            4.0317            3.9942            3.9942    
      139.20            3.9998            3.9623            3.9623    
      139.40            3.9682            3.9307            3.9307    
      139.60            3.9369            3.8993            3.8993    
      139.80            3.9058            3.8681            3.8681    
      140.00            3.8749            3.8372            3.8372    
      140.20            3.8443            3.8066            3.8066    
      140.40            3.8139            3.7761            3.7761    
      140.60            3.7838            3.7460            3.7460    
      140.80            3.7539            3.7161            3.7161    
      141.00            3.7242            3.6864            3.6864    
      141.20            3.6948            3.6569            3.6569    
      141.40            3.6656            3.6277            3.6277    
      141.60            3.6366            3.5987            3.5987    
      141.80            3.6079            3.5700            3.5700    
      142.00            3.5793            3.5415            3.5415    
      142.20            3.5511            3.5132            3.5132    
      142.40            3.5230            3.4851            3.4851    
      142.60            3.4952            3.4573            3.4573    
      142.80            3.4675            3.4296            3.4296    
      143.00            3.4401            3.4022            3.4022    
      143.20            3.4129            3.3751            3.3751    
      143.40            3.3860            3.3481            3.3481    
      143.60            3.3592            3.3213            3.3213    
      143.80            3.3327            3.2948            3.2948    
      144.00            3.3063            3.2685            3.2685    
      144.20            3.2802            3.2424            3.2424    
      144.40            3.2543            3.2165            3.2165    
      144.60            3.2286            3.1908            3.1908    
      144.80            3.2030            3.1653            3.1653    
      145.00            3.1777            3.1400            3.1400    
      145.20            3.1526            3.1149            3.1149    
      145.40            3.1277            3.0900            3.0900    
      145.60            3.1030            3.0653            3.0653    
      145.80            3.0785            3.0409            3.0409    
      146.00            3.0541            3.0166            3.0166    
      146.20            3.0300            2.9925            2.9925    
      146.40            3.0061            2.9686            2.9686    
      146.60            2.9823            2.9448            2.9448    
      146.80            2.9587            2.9213            2.9213    
      147.00            2.9353            2.8980            2.8980    
      147.20            2.9121            2.8748            2.8748    
      147.40            2.8891            2.8519            2.8519    
      147.60            2.8663            2.8291            2.8291    
      147.80            2.8437            2.8065            2.8065    
      148.00            2.8212            2.7840            2.7840    
      148.20            2.7989            2.7618            2.7618    
      148.40            2.7768            2.7397            2.7397    
      148.60            2.7548            2.7179            2.7179    
      148.80            2.7331            2.6961            2.6961    
      149.00            2.7115            2.6746            2.6746    
      149.20            2.6900            2.6532            2.6532    
      149.40            2.6688            2.6320            2.6320    
      149.60            2.6477            2.6110            2.6110    
      149.80            2.6268            2.5902            2.5902    
      150.00            2.6060            2.5695            2.5695    
      150.20            2.5854            2.5489            2.5489    
      150.40            2.5650            2.5286            2.5286    
      150.60            2.5447            2.5084            2.5084    
      150.80            2.5246            2.4883            2.4883    
      151.00            2.5046            2.4685            2.4685    
      151.20            2.4848            2.4487            2.4487    
      151.40            2.4652            2.4292            2.4292    
      151.60            2.4457            2.4098            2.4098    
      151.80            2.4264            2.3905            2.3905    
      152.00            2.4072            2.3714            2.3714    
      152.20            2.3882            2.3525            2.3525    
      152.40            2.3693            2.3337            2.3337    
      152.60            2.3506            2.3150            2.3150    
      152.80            2.3320            2.2965            2.2965    
      153.00            2.3136            2.2782            2.2782    
      153.20            2.2953            2.2600            2.2600    
      153.40            2.2772            2.2419            2.2419    
      153.60            2.2592            2.2240            2.2240    
      153.80            2.2413            2.2063            2.2063    
      154.00            2.2236            2.1886            2.1886    
      154.20            2.2060            2.1711            2.1711    
      154.40            2.1886            2.1538            2.1538    
      154.60            2.1713            2.1366            2.1366    
      154.80            2.1541            2.1195            2.1195    
      155.00            2.1371            2.1026            2.1026    
      155.20            2.1202            2.0858            2.0858    
      155.40            2.1035            2.0691            2.0691    
      155.60            2.0869            2.0526            2.0526    
      155.80            2.0704            2.0362            2.0362    
      156.00            2.0540            2.0199            2.0199    
      156.20            2.0378            2.0038            2.0038    
      156.40            2.0217            1.9878            1.9878    
      156.60            2.0057            1.9719            1.9719    
      156.80            1.9898            1.9562            1.9562    
      157.00            1.9741            1.9405            1.9405    
      157.20            1.9585            1.9250            1.9250    
      157.40            1.9430            1.9096            1.9096    
      157.60            1.9277            1.8944            1.8944    
      157.80            1.9124            1.8793            1.8793    
      158.00            1.8973            1.8642            1.8642    
      158.20            1.8823            1.8494            1.8494    
      158.40            1.8675            1.8346            1.8346    
      158.60            1.8527            1.8199            1.8199    
      158.80            1.8381            1.8054            1.8054    
      159.00            1.8235            1.7910            1.7910    
      159.20            1.8091            1.7767            1.7767    
      159.40            1.7948            1.7625            1.7625    
      159.60            1.7806            1.7484            1.7484    
      159.80            1.7666            1.7344            1.7344    
      160.00            1.7526            1.7206            1.7206    
      160.20            1.7388            1.7068            1.7068    
      160.40            1.7250            1.6932            1.6932    
      160.60            1.7114            1.6796            1.6796    
      160.80            1.6979            1.6662            1.6662    
      161.00            1.6844            1.6529            1.6529    
      161.20            1.6711            1.6397            1.6397    
      161.40            1.6579            1.6266            1.6266    
      161.60            1.6448            1.6136            1.6136    
      161.80            1.6318            1.6007            1.6007    
      162.00            1.6189            1.5879            1.5879    
      162.20            1.6061            1.5753            1.5753    
      162.40            1.5934            1.5627            1.5627    
      162.60            1.5809            1.5502            1.5502    
      162.80            1.5684            1.5378            1.5378    
      163.00            1.5560            1.5255            1.5255    
      163.20            1.5437            1.5133            1.5133    
      163.40            1.5315            1.5012            1.5012    
      163.60            1.5194            1.4892            1.4892    
      163.80            1.5074            1.4773            1.4773    
      164.00            1.4954            1.4655            1.4655    
      164.20            1.4836            1.4538            1.4538    
      164.40            1.4719            1.4422            1.4422    
      164.60            1.4603            1.4307            1.4307    
      164.80            1.4487            1.4193            1.4193    
      165.00            1.4373            1.4079            1.4079    
      165.20            1.4259            1.3967            1.3967    
      165.40            1.4147            1.3855            1.3855    
      165.60            1.4035            1.3745            1.3745    
      165.80            1.3924            1.3635            1.3635    
      166.00            1.3814            1.3526            1.3526    
      166.20            1.3705            1.3418            1.3418    
      166.40            1.3596            1.3311            1.3311    
      166.60            1.3489            1.3204            1.3204    
      166.80            1.3382            1.3099            1.3099    
      167.00            1.3277            1.2994            1.2994    
      167.20            1.3172            1.2890            1.2890    
      167.40            1.3068            1.2787            1.2787    
      167.60            1.2964            1.2685            1.2685    
      167.80            1.2862            1.2584            1.2584    
      168.00            1.2760            1.2483            1.2483    


  SUBJECT NO.     1 ...  OUTPUT EQUATION NO.  1

     TIMES                   OBSERVED VALUES          PREDICTED VALUES, BASED ON POSTERIOR MEANS; THEN MEDIANS; THEN MODES
--------------------------------------------------------------------------------------------------------------------------
      120.00            3.5600            3.2889            3.2520            3.2520    
      120.98            5.8400            5.7194            5.6524            5.6524    
      121.98            6.5400            6.7339            6.6904            6.6904    
      126.00            6.1400            6.6952            6.6685            6.6685    
      129.02            6.5600            5.9842            5.9541            5.9541    
      132.02            4.4400            5.3174            5.2839            5.2839    
      144.00            3.7600            3.3063            3.2685            3.2685    


