  icycle     fobj1          gamma          res     grid points (start and end)
    1     -15.584182       4.545455      0.20000     20011    1
    2     -15.002738       3.787879      0.20000         8    1
    3     -13.943824       2.705628      0.20000         8    1
    4     -12.271354       1.503126      0.20000         8    1
    5     -11.279679       1.503126      0.20000         8    1
    6     -11.279679       1.503126      0.10000         8    1
    7     -11.279679       1.503126      0.05000         9    1
    8     -11.277372       1.803752      0.02500         9    1
    9     -11.148131       1.803752      0.02500         9    1
   10     -11.148131       1.803752      0.02500         9    1
   11     -11.148131       1.639774      0.01250         9    1
   12     -11.133882       1.639774      0.01250         9    1
   13     -11.083386       1.639774      0.00625         9    1
   14     -11.077256       1.721763      0.00625         9    1
   15     -11.072442       1.721763      0.00625         9    1
   16     -11.072442       1.721763      0.00625         9    1
   17     -11.072442       1.679769      0.00313         9    1
   18     -11.069648       1.679769      0.00313         9    1
   19     -11.069648       1.679769      0.00156         9    1
   20     -11.069648       1.679769      0.00078         9    1
   21     -11.069648       1.679769      0.00039         9    1
   22     -11.069564       1.679769      0.00020         9    1
 res set to .2  checkbig=   1.0000000000000000E+030
   23     -11.069564       1.679769      0.20000         8    1
   24     -11.069564       1.679769      0.10000         8    1
   25     -11.069564       1.679769      0.05000         9    1
   26     -11.069564       1.679769      0.02500         9    1
   27     -11.069564       1.679769      0.01250         9    1
   28     -11.069564       1.679769      0.00625         9    1
   29     -11.069564       1.679769      0.00313         9    1
   30     -11.069564       1.679769      0.00156         9    1
   31     -11.069320       1.679769      0.00078         9    1
   32     -11.069136       1.679769      0.00078         9    1
   33     -11.067568       1.679769      0.00078         9    1
   34     -11.067491       1.679769      0.00078         9    1
   35     -11.067474       1.679769      0.00039         9    1
   36     -11.067400       1.679769      0.00020         9    1
 res set to .2  checkbig=   2.1647568764926461E-003
