  SUBJECT NO.     1

 COL. 1. = PREDICTION TIMES
 COL. 2. = PRED. VALUES FOR OUTPUT EQ. 1, BASED ON POSTERIOR MEANS
 COL. 3. = PRED. VALUES FOR OUTPUT EQ. 1, BASED ON POSTERIOR MEDIANS
 COL. 4. = PRED. VALUES FOR OUTPUT EQ. 1, BASED ON POSTERIOR MODES
 EACH ADDITIONAL OUTPUT EQ. HAS 3 COLUMNS OF PREDICTED VALUES
 BASED, IN ORDER, ON THE POSTERIOR MEANS, MEDIANS, AND MODES: 
-------------------------------------------------------------
      0.0000            0.0000            0.0000            0.0000    
     0.20000            0.0000            0.0000            0.0000    
     0.40000           0.42650           0.44013           0.44013    
     0.60000            1.0246            1.0378            1.0378    
     0.80000            1.5876            1.6006            1.6006    
      1.0000            2.1175            2.1305            2.1305    
      1.2000            2.6159            2.6290            2.6290    
      1.4000            3.0845            3.0978            3.0978    
      1.6000            3.5249            3.5386            3.5386    
      1.8000            3.9385            3.9527            3.9527    
      2.0000            4.3268            4.3416            4.3416    
      2.2000            4.6912            4.7066            4.7066    
      2.4000            5.0327            5.0488            5.0488    
      2.6000            5.3528            5.3697            5.3697    
      2.8000            5.6525            5.6702            5.6702    
      3.0000            5.9328            5.9514            5.9514    
      3.2000            6.1949            6.2144            6.2144    
      3.4000            6.4396            6.4601            6.4601    
      3.6000            6.6680            6.6894            6.6894    
      3.8000            6.8808            6.9032            6.9032    
      4.0000            7.0790            7.1023            7.1023    
      4.2000            7.2632            7.2875            7.2875    
      4.4000            7.4342            7.4595            7.4595    
      4.6000            7.5928            7.6191            7.6191    
      4.8000            7.7396            7.7669            7.7669    
      5.0000            7.8753            7.9035            7.9035    
      5.2000            8.0003            8.0296            8.0296    
      5.4000            8.1154            8.1456            8.1456    
      5.6000            8.2210            8.2522            8.2522    
      5.8000            8.3177            8.3498            8.3498    
      6.0000            8.4060            8.4389            8.4389    
      6.2000            8.4862            8.5201            8.5201    
      6.4000            8.5589            8.5936            8.5936    
      6.6000            8.6244            8.6600            8.6600    
      6.8000            8.6832            8.7196            8.7196    
      7.0000            8.7356            8.7728            8.7728    
      7.2000            8.7819            8.8199            8.8199    
      7.4000            8.8226            8.8614            8.8614    
      7.6000            8.8579            8.8974            8.8974    
      7.8000            8.8881            8.9283            8.9283    
      8.0000            8.9135            8.9544            8.9544    
      8.2000            8.9344            8.9760            8.9760    
      8.4000            8.9510            8.9932            8.9932    
      8.6000            8.9636            9.0064            9.0064    
      8.8000            8.9724            9.0158            9.0158    
      9.0000            8.9776            9.0215            9.0215    
      9.2000            8.9794            9.0239            9.0239    
      9.4000            8.9781            9.0231            9.0231    
      9.6000            8.9737            9.0192            9.0192    
      9.8000            8.9666            9.0125            9.0125    
      10.000            8.9567            9.0031            9.0031    
      10.200            8.9444            8.9912            8.9912    
      10.400            8.9297            8.9769            8.9769    
      10.600            8.9129            8.9604            8.9604    
      10.800            8.8939            8.9418            8.9418    
      11.000            8.8730            8.9213            8.9213    
      11.200            8.8503            8.8988            8.8988    
      11.400            8.8258            8.8747            8.8747    
      11.600            8.7998            8.8489            8.8489    
      11.800            8.7722            8.8216            8.8216    
      12.000            8.7433            8.7929            8.7929    
      12.200            8.7130            8.7628            8.7628    
      12.400            8.6815            8.7315            8.7315    
      12.600            8.6489            8.6991            8.6991    
      12.800            8.6151            8.6655            8.6655    
      13.000            8.5804            8.6310            8.6310    
      13.200            8.5448            8.5955            8.5955    
      13.400            8.5083            8.5591            8.5591    
      13.600            8.4710            8.5219            8.5219    
      13.800            8.4329            8.4840            8.4840    
      14.000            8.3942            8.4453            8.4453    
      14.200            8.3549            8.4060            8.4060    
      14.400            8.3149            8.3662            8.3662    
      14.600            8.2745            8.3258            8.3258    
      14.800            8.2335            8.2848            8.2848    
      15.000            8.1921            8.2435            8.2435    
      15.200            8.1503            8.2017            8.2017    
      15.400            8.1081            8.1595            8.1595    
      15.600            8.0656            8.1170            8.1170    
      15.800            8.0228            8.0742            8.0742    
      16.000            7.9798            8.0311            8.0311    
      16.200            7.9365            7.9877            7.9877    
      16.400            7.8930            7.9442            7.9442    
      16.600            7.8493            7.9004            7.9004    
      16.800            7.8054            7.8565            7.8565    
      17.000            7.7614            7.8125            7.8125    
      17.200            7.7174            7.7683            7.7683    
      17.400            7.6732            7.7241            7.7241    
      17.600            7.6289            7.6798            7.6798    
      17.800            7.5847            7.6354            7.6354    
      18.000            7.5403            7.5910            7.5910    
      18.200            7.4960            7.5465            7.5465    
      18.400            7.4517            7.5021            7.5021    
      18.600            7.4074            7.4577            7.4577    
      18.800            7.3631            7.4133            7.4133    
      19.000            7.3189            7.3689            7.3689    
      19.200            7.2747            7.3246            7.3246    
      19.400            7.2306            7.2804            7.2804    
      19.600            7.1866            7.2362            7.2362    
      19.800            7.1426            7.1921            7.1921    
      20.000            7.0988            7.1481            7.1481    
      20.200            7.0551            7.1043            7.1043    
      20.400            7.0115            7.0605            7.0605    
      20.600            6.9680            7.0169            7.0169    
      20.800            6.9246            6.9734            6.9734    
      21.000            6.8814            6.9300            6.9300    
      21.200            6.8384            6.8868            6.8868    
      21.400            6.7955            6.8437            6.8437    
      21.600            6.7528            6.8008            6.8008    
      21.800            6.7102            6.7581            6.7581    
      22.000            6.6678            6.7155            6.7155    
      22.200            6.6255            6.6731            6.6731    
      22.400            6.5835            6.6309            6.6309    
      22.600            6.5416            6.5888            6.5888    
      22.800            6.4999            6.5470            6.5470    
      23.000            6.4585            6.5053            6.5053    
      23.200            6.4172            6.4638            6.4638    
      23.400            6.3761            6.4225            6.4225    
      23.600            6.3352            6.3814            6.3814    
      23.800            6.2945            6.3405            6.3405    
      24.000            6.2540            6.2999            6.2999    
      24.200            6.2137            6.2594            6.2594    
      24.400            6.6001            6.6592            6.6592    
      24.600            7.1583            7.2169            7.2169    
      24.800            7.6817            7.7398            7.7398    
      25.000            8.1721            8.2300            8.2300    
      25.200            8.6313            8.6891            8.6891    
      25.400            9.0608            9.1188            9.1188    
      25.600            9.4624            9.5205            9.5205    
      25.800            9.8375            9.8958            9.8958    
      26.000            10.187            10.246            10.246    
      26.200            10.514            10.573            10.573    
      26.400            10.817            10.877            10.877    
      26.600            11.100            11.160            11.160    
      26.800            11.362            11.423            11.423    
      27.000            11.605            11.666            11.666    
      27.200            11.830            11.892            11.892    
      27.400            12.038            12.101            12.101    
      27.600            12.229            12.293            12.293    
      27.800            12.406            12.470            12.470    
      28.000            12.568            12.633            12.633    
      28.200            12.716            12.782            12.782    
      28.400            12.851            12.918            12.918    
      28.600            12.974            13.042            13.042    
      28.800            13.086            13.154            13.154    
      29.000            13.186            13.256            13.256    
      29.200            13.277            13.347            13.347    
      29.400            13.357            13.428            13.428    
      29.600            13.428            13.500            13.500    
      29.800            13.491            13.563            13.563    
      30.000            13.545            13.618            13.618    
      30.200            13.591            13.665            13.665    
      30.400            13.630            13.705            13.705    
      30.600            13.663            13.738            13.738    
      30.800            13.688            13.764            13.764    
      31.000            13.708            13.784            13.784    
      31.200            13.721            13.798            13.798    
      31.400            13.729            13.807            13.807    
      31.600            13.732            13.810            13.810    
      31.800            13.730            13.809            13.809    
      32.000            13.724            13.803            13.803    
      32.200            13.713            13.792            13.792    
      32.400            13.698            13.778            13.778    
      32.600            13.679            13.760            13.760    
      32.800            13.657            13.738            13.738    
      33.000            13.631            13.712            13.712    
      33.200            13.602            13.684            13.684    
      33.400            13.570            13.652            13.652    
      33.600            13.536            13.618            13.618    
      33.800            13.498            13.581            13.581    
      34.000            13.459            13.541            13.541    
      34.200            13.417            13.500            13.500    
      34.400            13.372            13.456            13.456    
      34.600            13.326            13.409            13.409    
      34.800            13.278            13.362            13.362    
      35.000            13.228            13.312            13.312    
      35.200            13.177            13.260            13.260    
      35.400            13.124            13.207            13.207    
      35.600            13.069            13.153            13.153    
      35.800            13.013            13.097            13.097    
      36.000            12.956            13.040            13.040    
      36.200            12.898            12.982            12.982    
      36.400            12.839            12.923            12.923    
      36.600            12.779            12.863            12.863    
      36.800            12.718            12.802            12.802    
      37.000            12.656            12.740            12.740    
      37.200            12.593            12.678            12.678    
      37.400            12.530            12.614            12.614    
      37.600            12.466            12.550            12.550    
      37.800            12.402            12.486            12.486    
      38.000            12.337            12.421            12.421    
      38.200            12.271            12.355            12.355    
      38.400            12.205            12.289            12.289    
      38.600            12.139            12.223            12.223    
      38.800            12.073            12.156            12.156    
      39.000            12.006            12.089            12.089    
      39.200            11.939            12.022            12.022    
      39.400            11.872            11.955            11.955    
      39.600            11.804            11.887            11.887    
      39.800            11.737            11.819            11.819    
      40.000            11.669            11.751            11.751    
      40.200            11.601            11.683            11.683    
      40.400            11.533            11.615            11.615    
      40.600            11.466            11.547            11.547    
      40.800            11.398            11.479            11.479    
      41.000            11.330            11.411            11.411    
      41.200            11.262            11.344            11.344    
      41.400            11.195            11.276            11.276    
      41.600            11.127            11.208            11.208    
      41.800            11.060            11.140            11.140    
      42.000            10.992            11.073            11.073    
      42.200            10.925            11.005            11.005    
      42.400            10.858            10.938            10.938    
      42.600            10.791            10.871            10.871    
      42.800            10.725            10.804            10.804    
      43.000            10.658            10.737            10.737    
      43.200            10.592            10.670            10.670    
      43.400            10.526            10.604            10.604    
      43.600            10.460            10.538            10.538    
      43.800            10.394            10.472            10.472    
      44.000            10.329            10.406            10.406    
      44.200            10.264            10.341            10.341    
      44.400            10.199            10.276            10.276    
      44.600            10.134            10.211            10.211    
      44.800            10.070            10.146            10.146    
      45.000            10.006            10.082            10.082    
      45.200            9.9422            10.018            10.018    
      45.400            9.8788            9.9541            9.9541    
      45.600            9.8156            9.8906            9.8906    
      45.800            9.7527            9.8274            9.8274    
      46.000            9.6902            9.7645            9.7645    
      46.200            9.6279            9.7020            9.7020    
      46.400            9.5660            9.6397            9.6397    
      46.600            9.5044            9.5778            9.5778    
      46.800            9.4431            9.5162            9.5162    
      47.000            9.3821            9.4549            9.4549    
      47.200            9.3214            9.3939            9.3939    
      47.400            9.2611            9.3332            9.3332    
      47.600            9.2011            9.2729            9.2729    
      47.800            9.1414            9.2129            9.2129    
      48.000            9.0820            9.1532            9.1532    
      48.200            9.0230            9.0939            9.0939    
      48.400            9.3908            9.4750            9.4750    
      48.600            9.9305            10.014            10.014    
      48.800            10.436            10.518            10.518    
      49.000            10.908            10.990            10.990    
      49.200            11.349            11.431            11.431    
      49.400            11.760            11.843            11.843    
      49.600            12.144            12.226            12.226    
      49.800            12.501            12.584            12.584    
      50.000            12.834            12.916            12.916    
      50.200            13.142            13.225            13.225    
      50.400            13.428            13.512            13.512    
      50.600            13.694            13.777            13.777    
      50.800            13.939            14.023            14.023    
      51.000            14.165            14.249            14.249    
      51.200            14.373            14.458            14.458    
      51.400            14.564            14.650            14.650    
      51.600            14.739            14.825            14.825    
      51.800            14.898            14.986            14.986    
      52.000            15.044            15.132            15.132    
      52.200            15.176            15.264            15.264    
      52.400            15.295            15.384            15.384    
      52.600            15.402            15.492            15.492    
      52.800            15.497            15.588            15.588    
      53.000            15.582            15.673            15.673    
      53.200            15.656            15.748            15.748    
      53.400            15.721            15.813            15.813    
      53.600            15.776            15.869            15.869    
      53.800            15.823            15.917            15.917    
      54.000            15.862            15.956            15.956    
      54.200            15.893            15.988            15.988    
      54.400            15.917            16.012            16.012    
      54.600            15.934            16.030            16.030    
      54.800            15.944            16.041            16.041    
      55.000            15.949            16.046            16.046    
      55.200            15.947            16.045            16.045    
      55.400            15.941            16.039            16.039    
      55.600            15.929            16.028            16.028    
      55.800            15.913            16.012            16.012    
      56.000            15.892            15.991            15.991    
      56.200            15.866            15.966            15.966    
      56.400            15.837            15.937            15.937    
      56.600            15.804            15.905            15.905    
      56.800            15.768            15.869            15.869    
      57.000            15.728            15.829            15.829    
      57.200            15.685            15.787            15.787    
      57.400            15.640            15.741            15.741    
      57.600            15.591            15.693            15.693    
      57.800            15.540            15.642            15.642    
      58.000            15.487            15.589            15.589    
      58.200            15.432            15.534            15.534    
      58.400            15.374            15.476            15.476    
      58.600            15.315            15.417            15.417    
      58.800            15.253            15.356            15.356    
      59.000            15.190            15.293            15.293    
      59.200            15.126            15.228            15.228    
      59.400            15.060            15.162            15.162    
      59.600            14.992            15.095            15.095    
      59.800            14.924            15.026            15.026    
      60.000            14.854            14.957            14.957    
      60.200            14.784            14.886            14.886    
      60.400            14.712            14.814            14.814    
      60.600            14.639            14.742            14.742    
      60.800            14.566            14.668            14.668    
      61.000            14.492            14.594            14.594    
      61.200            14.417            14.519            14.519    
      61.400            14.342            14.444            14.444    
      61.600            14.266            14.367            14.367    
      61.800            14.189            14.291            14.291    
      62.000            14.113            14.214            14.214    
      62.200            14.035            14.136            14.136    
      62.400            13.958            14.059            14.059    
      62.600            13.880            13.981            13.981    
      62.800            13.802            13.902            13.902    
      63.000            13.724            13.824            13.824    
      63.200            13.645            13.745            13.745    
      63.400            13.567            13.666            13.666    
      63.600            13.488            13.588            13.588    
      63.800            13.409            13.509            13.509    
      64.000            13.331            13.430            13.430    
      64.200            13.252            13.351            13.351    
      64.400            13.173            13.272            13.272    
      64.600            13.094            13.193            13.193    
      64.800            13.016            13.114            13.114    
      65.000            12.937            13.035            13.035    
      65.200            12.859            12.956            12.956    
      65.400            12.781            12.878            12.878    
      65.600            12.703            12.799            12.799    
      65.800            12.625            12.721            12.721    
      66.000            12.547            12.643            12.643    
      66.200            12.470            12.565            12.565    
      66.400            12.392            12.488            12.488    
      66.600            12.315            12.410            12.410    
      66.800            12.239            12.333            12.333    
      67.000            12.162            12.256            12.256    
      67.200            12.086            12.180            12.180    
      67.400            12.010            12.103            12.103    
      67.600            11.934            12.027            12.027    
      67.800            11.859            11.951            11.951    
      68.000            11.784            11.876            11.876    
      68.200            11.709            11.801            11.801    
      68.400            11.635            11.726            11.726    
      68.600            11.560            11.652            11.652    
      68.800            11.487            11.577            11.577    
      69.000            11.413            11.504            11.504    
      69.200            11.340            11.430            11.430    
      69.400            11.267            11.357            11.357    
      69.600            11.195            11.284            11.284    
      69.800            11.123            11.212            11.212    
      70.000            11.051            11.140            11.140    
      70.200            10.980            11.068            11.068    
      70.400            10.909            10.997            10.997    
      70.600            10.839            10.926            10.926    
      70.800            10.769            10.855            10.855    
      71.000            10.699            10.785            10.785    
      71.200            10.629            10.715            10.715    
      71.400            10.560            10.646            10.646    
      71.600            10.492            10.577            10.577    
      71.800            10.424            10.508            10.508    
      72.000            10.356            10.440            10.440    
      72.200            10.288            10.372            10.372    
      72.400            10.648            10.745            10.745    
      72.600            11.179            11.276            11.276    
      72.800            11.676            11.772            11.772    
      73.000            12.140            12.235            12.235    
      73.200            12.573            12.668            12.668    
      73.400            12.976            13.071            13.071    
      73.600            13.352            13.447            13.447    
      73.800            13.701            13.796            13.796    
      74.000            14.025            14.121            14.121    
      74.200            14.326            14.422            14.422    
      74.400            14.605            14.700            14.700    
      74.600            14.862            14.958            14.958    
      74.800            15.099            15.196            15.196    
      75.000            15.317            15.415            15.415    
      75.200            15.518            15.615            15.615    
      75.400            15.701            15.799            15.799    
      75.600            15.869            15.967            15.967    
      75.800            16.021            16.120            16.120    
      76.000            16.159            16.259            16.259    
      76.200            16.283            16.384            16.384    
      76.400            16.395            16.496            16.496    
      76.600            16.495            16.597            16.597    
      76.800            16.583            16.685            16.685    
      77.000            16.660            16.763            16.763    
      77.200            16.727            16.831            16.831    
      77.400            16.785            16.889            16.889    
      77.600            16.833            16.938            16.938    
      77.800            16.873            16.979            16.979    
      78.000            16.905            17.011            17.011    
      78.200            16.929            17.036            17.036    
      78.400            16.946            17.053            17.053    
      78.600            16.956            17.064            17.064    
      78.800            16.960            17.068            17.068    
      79.000            16.958            17.066            17.066    
      79.200            16.950            17.059            17.059    
      79.400            16.937            17.046            17.046    
      79.600            16.918            17.028            17.028    
      79.800            16.895            17.005            17.005    
      80.000            16.868            16.978            16.978    
      80.200            16.836            16.947            16.947    
      80.400            16.801            16.911            16.911    
      80.600            16.761            16.872            16.872    
      80.800            16.719            16.830            16.830    
      81.000            16.673            16.784            16.784    
      81.200            16.624            16.735            16.735    
      81.400            16.572            16.683            16.683    
      81.600            16.517            16.629            16.629    
      81.800            16.460            16.572            16.572    
      82.000            16.401            16.513            16.513    
      82.200            16.339            16.451            16.451    
      82.400            16.275            16.388            16.388    
      82.600            16.210            16.322            16.322    
      82.800            16.143            16.255            16.255    
      83.000            16.074            16.186            16.186    
      83.200            16.004            16.116            16.116    
      83.400            15.932            16.044            16.044    
      83.600            15.859            15.971            15.971    
      83.800            15.784            15.897            15.897    
      84.000            15.709            15.821            15.821    
      84.200            15.633            15.745            15.745    
      84.400            15.555            15.667            15.667    
      84.600            15.477            15.589            15.589    
      84.800            15.398            15.510            15.510    
      85.000            15.319            15.430            15.430    
      85.200            15.238            15.350            15.350    
      85.400            15.158            15.269            15.269    
      85.600            15.076            15.187            15.187    
      85.800            14.995            15.105            15.105    
      86.000            14.912            15.023            15.023    
      86.200            14.830            14.940            14.940    
      86.400            14.747            14.857            14.857    
      86.600            14.664            14.774            14.774    
      86.800            14.581            14.690            14.690    
      87.000            14.497            14.606            14.606    
      87.200            14.414            14.523            14.523    
      87.400            14.330            14.439            14.439    
      87.600            14.246            14.355            14.355    
      87.800            14.163            14.271            14.271    
      88.000            14.079            14.186            14.186    
      88.200            13.995            14.102            14.102    
      88.400            13.912            14.018            14.018    
      88.600            13.828            13.935            13.935    
      88.800            13.745            13.851            13.851    
      89.000            13.661            13.767            13.767    
      89.200            13.578            13.684            13.684    
      89.400            13.495            13.600            13.600    
      89.600            13.412            13.517            13.517    
      89.800            13.330            13.434            13.434    
      90.000            13.247            13.351            13.351    
      90.200            13.165            13.269            13.269    
      90.400            13.083            13.187            13.187    
      90.600            13.002            13.105            13.105    
      90.800            12.920            13.023            13.023    
      91.000            12.839            12.941            12.941    
      91.200            12.759            12.860            12.860    
      91.400            12.678            12.779            12.779    
      91.600            12.598            12.699            12.699    
      91.800            12.518            12.619            12.619    
      92.000            12.439            12.539            12.539    
      92.200            12.360            12.459            12.459    
      92.400            12.281            12.380            12.380    
      92.600            12.203            12.301            12.301    
      92.800            12.125            12.223            12.223    
      93.000            12.047            12.145            12.145    
      93.200            11.970            12.067            12.067    
      93.400            11.893            11.990            11.990    
      93.600            11.816            11.913            11.913    
      93.800            11.740            11.836            11.836    
      94.000            11.665            11.760            11.760    
      94.200            11.589            11.684            11.684    
      94.400            11.514            11.609            11.609    
      94.600            11.440            11.534            11.534    
      94.800            11.366            11.459            11.459    
      95.000            11.292            11.385            11.385    
      95.200            11.219            11.312            11.312    
      95.400            11.146            11.238            11.238    
      95.600            11.073            11.165            11.165    
      95.800            11.001            11.093            11.093    
      96.000            10.929            11.021            11.021    
      96.200            10.858            10.949            10.949    
      96.400            11.214            11.318            11.318    
      96.600            11.741            11.845            11.845    
      96.800            12.234            12.337            12.337    
      97.000            12.695            12.797            12.797    
      97.200            13.124            13.226            13.226    
      97.400            13.524            13.625            13.625    
      97.600            13.896            13.997            13.997    
      97.800            14.241            14.343            14.343    
      98.000            14.562            14.664            14.664    
      98.200            14.859            14.961            14.961    
      98.400            15.134            15.236            15.236    
      98.600            15.388            15.491            15.491    
      98.800            15.622            15.725            15.725    
      99.000            15.837            15.940            15.940    
      99.200            16.034            16.137            16.137    
      99.400            16.214            16.318            16.318    
      99.600            16.378            16.483            16.483    
      99.800            16.527            16.632            16.632    
      100.00            16.661            16.767            16.767    
      100.20            16.782            16.889            16.889    
      100.40            16.891            16.998            16.998    
      100.60            16.987            17.095            17.095    
      100.80            17.072            17.180            17.180    
      101.00            17.146            17.255            17.255    
      101.20            17.210            17.320            17.320    
      101.40            17.264            17.374            17.374    
      101.60            17.310            17.420            17.420    
      101.80            17.346            17.458            17.458    
      102.00            17.375            17.487            17.487    
      102.20            17.396            17.508            17.508    
      102.40            17.410            17.523            17.523    
      102.60            17.417            17.530            17.530    
      102.80            17.418            17.531            17.531    
      103.00            17.413            17.526            17.526    
      103.20            17.402            17.516            17.516    
      103.40            17.385            17.500            17.500    
      103.60            17.364            17.479            17.479    
      103.80            17.338            17.453            17.453    
      104.00            17.308            17.423            17.423    
      104.20            17.273            17.389            17.389    
      104.40            17.235            17.351            17.351    
      104.60            17.192            17.309            17.309    
      104.80            17.147            17.263            17.263    
      105.00            17.098            17.215            17.215    
      105.20            17.046            17.163            17.163    
      105.40            16.991            17.108            17.108    
      105.60            16.934            17.051            17.051    
      105.80            16.874            16.991            16.991    
      106.00            16.812            16.929            16.929    
      106.20            16.748            16.865            16.865    
      106.40            16.682            16.799            16.799    
      106.60            16.613            16.731            16.731    
      106.80            16.543            16.661            16.661    
      107.00            16.472            16.589            16.589    
      107.20            16.399            16.516            16.516    
      107.40            16.325            16.442            16.442    
      107.60            16.249            16.366            16.366    
      107.80            16.172            16.289            16.289    
      108.00            16.094            16.211            16.211    
      108.20            16.015            16.132            16.132    
      108.40            15.935            16.052            16.052    
      108.60            15.855            15.971            15.971    
      108.80            15.773            15.889            15.889    
      109.00            15.691            15.807            15.807    
      109.20            15.608            15.724            15.724    
      109.40            15.525            15.641            15.641    
      109.60            15.441            15.557            15.557    
      109.80            15.357            15.472            15.472    
      110.00            15.273            15.388            15.388    
      110.20            15.188            15.302            15.302    
      110.40            15.103            15.217            15.217    
      110.60            15.017            15.131            15.131    
      110.80            14.932            15.045            15.045    
      111.00            14.846            14.959            14.959    
      111.20            14.760            14.873            14.873    
      111.40            14.674            14.787            14.787    
      111.60            14.588            14.701            14.701    
      111.80            14.502            14.614            14.614    
      112.00            14.416            14.528            14.528    
      112.20            14.330            14.442            14.442    
      112.40            14.244            14.355            14.355    
      112.60            14.159            14.269            14.269    
      112.80            14.073            14.183            14.183    
      113.00            13.987            14.097            14.097    
      113.20            13.902            14.012            14.012    
      113.40            13.817            13.926            13.926    
      113.60            13.732            13.841            13.841    
      113.80            13.647            13.756            13.756    
      114.00            13.563            13.671            13.671    
      114.20            13.479            13.586            13.586    
      114.40            13.395            13.502            13.502    
      114.60            13.311            13.418            13.418    
      114.80            13.228            13.334            13.334    
      115.00            13.145            13.250            13.250    
      115.20            13.062            13.167            13.167    
      115.40            12.979            13.084            13.084    
      115.60            12.897            13.002            13.002    
      115.80            12.815            12.920            12.920    
      116.00            12.734            12.838            12.838    
      116.20            12.653            12.756            12.756    
      116.40            12.572            12.675            12.675    
      116.60            12.492            12.594            12.594    
      116.80            12.412            12.514            12.514    
      117.00            12.332            12.434            12.434    
      117.20            12.253            12.354            12.354    
      117.40            12.175            12.275            12.275    
      117.60            12.096            12.196            12.196    
      117.80            12.018            12.118            12.118    
      118.00            11.941            12.040            12.040    
      118.20            11.863            11.962            11.962    
      118.40            11.787            11.885            11.885    
      118.60            11.710            11.808            11.808    
      118.80            11.634            11.732            11.732    
      119.00            11.559            11.656            11.656    
      119.20            11.484            11.580            11.580    
      119.40            11.409            11.505            11.505    
      119.60            11.335            11.431            11.431    
      119.80            11.261            11.356            11.356    
      120.00            11.188            11.282            11.282    
      120.20            11.115            11.209            11.209    
      120.40            11.469            11.576            11.576    
      120.60            11.995            12.101            12.101    
      120.80            12.486            12.592            12.592    
      121.00            12.945            13.050            13.050    
      121.20            13.372            13.477            13.477    
      121.40            13.770            13.875            13.875    
      121.60            14.141            14.246            14.246    
      121.80            14.485            14.590            14.590    
      122.00            14.804            14.909            14.909    
      122.20            15.100            15.205            15.205    
      122.40            15.373            15.478            15.478    
      122.60            15.625            15.731            15.731    
      122.80            15.857            15.963            15.963    
      123.00            16.070            16.177            16.177    
      123.20            16.266            16.373            16.373    
      123.40            16.444            16.552            16.552    
      123.60            16.607            16.715            16.715    
      123.80            16.754            16.863            16.863    
      124.00            16.887            16.997            16.997    
      124.20            17.007            17.117            17.117    
      124.40            17.114            17.224            17.224    
      124.60            17.209            17.320            17.320    
      124.80            17.292            17.404            17.404    
      125.00            17.365            17.477            17.477    
      125.20            17.427            17.540            17.540    
      125.40            17.480            17.593            17.593    
      125.60            17.524            17.638            17.638    
      125.80            17.559            17.674            17.674    
      126.00            17.587            17.701            17.701    
      126.20            17.606            17.721            17.721    
      126.40            17.619            17.734            17.734    
      126.60            17.625            17.740            17.740    
      126.80            17.624            17.740            17.740    
      127.00            17.617            17.734            17.734    
      127.20            17.605            17.722            17.722    
      127.40            17.587            17.705            17.705    
      127.60            17.565            17.683            17.683    
      127.80            17.537            17.655            17.655    
      128.00            17.506            17.624            17.624    
      128.20            17.470            17.588            17.588    
      128.40            17.430            17.549            17.549    
      128.60            17.387            17.506            17.506    
      128.80            17.340            17.459            17.459    
      129.00            17.290            17.409            17.409    
      129.20            17.236            17.356            17.356    
      129.40            17.180            17.300            17.300    
      129.60            17.122            17.242            17.242    
      129.80            17.061            17.181            17.181    
      130.00            16.997            17.117            17.117    
      130.20            16.932            17.052            17.052    
      130.40            16.864            16.984            16.984    
      130.60            16.795            16.915            16.915    
      130.80            16.724            16.844            16.844    
      131.00            16.651            16.771            16.771    
      131.20            16.577            16.697            16.697    
      131.40            16.501            16.621            16.621    
      131.60            16.425            16.544            16.544    
      131.80            16.347            16.466            16.466    
      132.00            16.267            16.387            16.387    
      132.20            16.187            16.307            16.307    
      132.40            16.106            16.225            16.225    
      132.60            16.025            16.143            16.143    
      132.80            15.942            16.061            16.061    
      133.00            15.859            15.977            15.977    
      133.20            15.775            15.893            15.893    
      133.40            15.691            15.809            15.809    
      133.60            15.606            15.724            15.724    
      133.80            15.521            15.638            15.638    
      134.00            15.435            15.552            15.552    
      134.20            15.349            15.466            15.466    
      134.40            15.263            15.379            15.379    
      134.60            15.176            15.293            15.293    
      134.80            15.090            15.206            15.206    
      135.00            15.003            15.118            15.118    
      135.20            14.916            15.031            15.031    
      135.40            14.829            14.944            14.944    
      135.60            14.742            14.857            14.857    
      135.80            14.655            14.769            14.769    
      136.00            14.568            14.682            14.682    
      136.20            14.481            14.595            14.595    
      136.40            14.394            14.507            14.507    
      136.60            14.307            14.420            14.420    
      136.80            14.221            14.333            14.333    
      137.00            14.134            14.246            14.246    
      137.20            14.048            14.160            14.160    
      137.40            13.962            14.073            14.073    
      137.60            13.876            13.987            13.987    
      137.80            13.790            13.901            13.901    
      138.00            13.705            13.815            13.815    
      138.20            13.620            13.729            13.729    
      138.40            13.535            13.644            13.644    
      138.60            13.450            13.559            13.559    
      138.80            13.366            13.474            13.474    
      139.00            13.282            13.390            13.390    
      139.20            13.198            13.306            13.306    
      139.40            13.115            13.222            13.222    
      139.60            13.032            13.138            13.138    
      139.80            12.949            13.055            13.055    
      140.00            12.867            12.973            12.973    
      140.20            12.785            12.890            12.890    
      140.40            12.703            12.808            12.808    
      140.60            12.622            12.727            12.727    
      140.80            12.541            12.645            12.645    
      141.00            12.461            12.564            12.564    
      141.20            12.381            12.484            12.484    
      141.40            12.301            12.404            12.404    
      141.60            12.222            12.324            12.324    
      141.80            12.143            12.245            12.245    
      142.00            12.065            12.166            12.166    
      142.20            11.987            12.088            12.088    
      142.40            11.909            12.010            12.010    
      142.60            11.832            11.932            11.932    
      142.80            11.756            11.855            11.855    
      143.00            11.679            11.778            11.778    
      143.20            11.603            11.702            11.702    
      143.40            11.528            11.626            11.626    
      143.60            11.453            11.550            11.550    
      143.80            11.378            11.475            11.475    
      144.00            11.304            11.401            11.401    
      144.20            11.230            11.326            11.326    
      144.40            11.157            11.253            11.253    
      144.60            11.084            11.179            11.179    
      144.80            11.012            11.106            11.106    
      145.00            10.940            11.034            11.034    
      145.20            10.868            10.962            10.962    
      145.40            10.797            10.890            10.890    
      145.60            10.726            10.819            10.819    
      145.80            10.656            10.748            10.748    
      146.00            10.586            10.678            10.678    
      146.20            10.517            10.608            10.608    
      146.40            10.447            10.538            10.538    
      146.60            10.379            10.469            10.469    
      146.80            10.311            10.401            10.401    
      147.00            10.243            10.333            10.333    
      147.20            10.176            10.265            10.265    
      147.40            10.109            10.197            10.197    
      147.60            10.042            10.130            10.130    
      147.80            9.9761            10.064            10.064    
      148.00            9.9104            9.9978            9.9978    
      148.20            9.8451            9.9321            9.9321    
      148.40            9.7803            9.8668            9.8668    
      148.60            9.7158            9.8019            9.8019    
      148.80            9.6518            9.7374            9.7374    
      149.00            9.5882            9.6734            9.6734    
      149.20            9.5250            9.6097            9.6097    
      149.40            9.4622            9.5465            9.5465    
      149.60            9.3997            9.4836            9.4836    
      149.80            9.3377            9.4212            9.4212    
      150.00            9.2761            9.3591            9.3591    
      150.20            9.2149            9.2975            9.2975    
      150.40            9.1541            9.2362            9.2362    
      150.60            9.0936            9.1754            9.1754    
      150.80            9.0336            9.1149            9.1149    
      151.00            8.9739            9.0548            9.0548    
      151.20            8.9146            8.9951            8.9951    
      151.40            8.8557            8.9358            8.9358    
      151.60            8.7972            8.8769            8.8769    
      151.80            8.7391            8.8183            8.8183    
      152.00            8.6814            8.7602            8.7602    
      152.20            8.6240            8.7024            8.7024    
      152.40            8.5670            8.6450            8.6450    
      152.60            8.5103            8.5879            8.5879    
      152.80            8.4541            8.5313            8.5313    
      153.00            8.3982            8.4750            8.4750    
      153.20            8.3426            8.4190            8.4190    
      153.40            8.2875            8.3635            8.3635    
      153.60            8.2327            8.3082            8.3082    
      153.80            8.1782            8.2534            8.2534    
      154.00            8.1241            8.1989            8.1989    
      154.20            8.0704            8.1448            8.1448    
      154.40            8.0170            8.0910            8.0910    
      154.60            7.9639            8.0376            8.0376    
      154.80            7.9112            7.9845            7.9845    
      155.00            7.8589            7.9317            7.9317    
      155.20            7.8069            7.8794            7.8794    
      155.40            7.7552            7.8273            7.8273    
      155.60            7.7039            7.7756            7.7756    
      155.80            7.6529            7.7242            7.7242    
      156.00            7.6023            7.6732            7.6732    
      156.20            7.5519            7.6225            7.6225    
      156.40            7.5020            7.5722            7.5722    
      156.60            7.4523            7.5221            7.5221    
      156.80            7.4030            7.4724            7.4724    
      157.00            7.3540            7.4231            7.4231    
      157.20            7.3053            7.3740            7.3740    
      157.40            7.2569            7.3253            7.3253    
      157.60            7.2089            7.2769            7.2769    
      157.80            7.1611            7.2288            7.2288    
      158.00            7.1137            7.1810            7.1810    
      158.20            7.0666            7.1335            7.1335    
      158.40            7.0198            7.0864            7.0864    
      158.60            6.9733            7.0396            7.0396    
      158.80            6.9272            6.9930            6.9930    
      159.00            6.8813            6.9468            6.9468    
      159.20            6.8357            6.9009            6.9009    
      159.40            6.7905            6.8553            6.8553    
      159.60            6.7455            6.8100            6.8100    
      159.80            6.7008            6.7650            6.7650    
      160.00            6.6564            6.7202            6.7202    
      160.20            6.6124            6.6758            6.6758    
      160.40            6.5686            6.6317            6.6317    
      160.60            6.5251            6.5878            6.5878    
      160.80            6.4818            6.5443            6.5443    
      161.00            6.4389            6.5010            6.5010    
      161.20            6.3963            6.4580            6.4580    
      161.40            6.3539            6.4154            6.4154    
      161.60            6.3118            6.3729            6.3729    
      161.80            6.2700            6.3308            6.3308    
      162.00            6.2285            6.2890            6.2890    
      162.20            6.1872            6.2474            6.2474    
      162.40            6.1463            6.2061            6.2061    
      162.60            6.1055            6.1650            6.1650    
      162.80            6.0651            6.1243            6.1243    
      163.00            6.0249            6.0838            6.0838    
      163.20            5.9850            6.0436            6.0436    
      163.40            5.9454            6.0036            6.0036    
      163.60            5.9060            5.9639            5.9639    
      163.80            5.8669            5.9245            5.9245    
      164.00            5.8280            5.8853            5.8853    
      164.20            5.7894            5.8464            5.8464    
      164.40            5.7510            5.8077            5.8077    
      164.60            5.7130            5.7693            5.7693    
      164.80            5.6751            5.7312            5.7312    
      165.00            5.6375            5.6933            5.6933    
      165.20            5.6002            5.6556            5.6556    
      165.40            5.5631            5.6182            5.6182    
      165.60            5.5262            5.5811            5.5811    
      165.80            5.4896            5.5442            5.5442    
      166.00            5.4532            5.5075            5.5075    
      166.20            5.4171            5.4711            5.4711    
      166.40            5.3812            5.4349            5.4349    
      166.60            5.3456            5.3990            5.3990    
      166.80            5.3102            5.3633            5.3633    
      167.00            5.2750            5.3278            5.3278    
      167.20            5.2401            5.2926            5.2926    
      167.40            5.2053            5.2576            5.2576    
      167.60            5.1709            5.2228            5.2228    
      167.80            5.1366            5.1883            5.1883    


  SUBJECT NO.     1 ...  OUTPUT EQUATION NO.  1

     TIMES                   OBSERVED VALUES          PREDICTED VALUES, BASED ON POSTERIOR MEANS; THEN MEDIANS; THEN MODES
--------------------------------------------------------------------------------------------------------------------------
      120.00            10.440            11.188            11.282            11.282    
      121.00            12.890            12.945            13.050            13.050    
      122.00            14.980            14.804            14.909            14.909    
      125.99            16.690            17.586            17.700            17.700    
      129.00            20.150            17.290            17.409            17.409    
      132.00            14.970            16.267            16.387            16.387    
      143.98            12.570            11.312            11.408            11.408    


