  icycle     fobj1          gamma          res     grid points (start and end)
    1      -9.847207       4.545455      0.20000     20011    1
    2      -9.423073       3.787879      0.20000         7    1
    3      -8.762978       2.705628      0.20000         7    1
    4      -8.343522       2.705628      0.20000         7    1
    5      -8.343522       2.705628      0.10000         8    1
    6      -8.177786       2.705628      0.05000         8    1
    7      -8.170857       2.705628      0.05000         8    1
    8      -8.170857       2.840909      0.05000         9    1
    9      -8.160987       2.840909      0.05000         9    1
   10      -8.160569       2.840909      0.02500         9    1
   11      -8.160569       2.840909      0.02500         9    1
   12      -8.153762       2.805836      0.01250         9    1
   13      -8.152122       2.805836      0.01250         9    1
   14      -8.151847       2.805836      0.01250         9    1
   15      -8.151847       2.805836      0.01250         9    1
   16      -8.151590       2.805836      0.00625         9    1
   17      -8.151488       2.805836      0.00625         9    1
   18      -8.151488       2.805836      0.00625         9    1
   19      -8.150608       2.805836      0.00313         9    1
   20      -8.148055       2.805836      0.00313         9    1
   21      -8.147636       2.805836      0.00313         9    1
   22      -8.147526       2.805836      0.00313         9    1
   23      -8.147445       2.805836      0.00313         9    1
   24      -8.147329       2.805836      0.00156         9    1
   25      -8.147288       2.805836      0.00156         9    1
   26      -8.146999       2.805836      0.00078         9    1
   27      -8.146736       2.805836      0.00078         9    1
   28      -8.146609       2.805836      0.00078         9    1
   29      -8.146588       2.805836      0.00078         9    1
   30      -8.146527       2.805836      0.00039         9    1
   31      -8.146465       2.805836      0.00020         9    1
 res set to .2  checkbig=   1.0000000000000000E+030
   32      -8.146465       2.805836      0.20000         7    1
   33      -8.146465       2.805836      0.10000         8    1
   34      -8.146465       2.805836      0.05000         9    1
   35      -8.146465       2.805836      0.02500         9    1
   36      -8.146400       2.805836      0.01250         9    1
   37      -8.146372       2.805836      0.00625         9    1
   38      -8.146371       2.805836      0.00313         9    1
   39      -8.146111       2.805836      0.00156         9    1
   40      -8.146110       2.805836      0.00156         9    1
   41      -8.146092       2.805836      0.00078         9    1
   42      -8.145907       2.805836      0.00039         9    1
   43      -8.145757       2.805836      0.00039         9    1
   44      -8.145642       2.805836      0.00039         9    1
   45      -8.145561       2.805836      0.00039         9    1
   46      -8.145516       2.805836      0.00020         9    1
 res set to .2  checkbig=   9.4925934838840931E-004
