  SUBJECT NO.     1

 COL. 1. = PREDICTION TIMES
 COL. 2. = PRED. VALUES FOR OUTPUT EQ. 1, BASED ON POSTERIOR MEANS
 COL. 3. = PRED. VALUES FOR OUTPUT EQ. 1, BASED ON POSTERIOR MEDIANS
 COL. 4. = PRED. VALUES FOR OUTPUT EQ. 1, BASED ON POSTERIOR MODES
 EACH ADDITIONAL OUTPUT EQ. HAS 3 COLUMNS OF PREDICTED VALUES
 BASED, IN ORDER, ON THE POSTERIOR MEANS, MEDIANS, AND MODES: 
-------------------------------------------------------------
      0.0000            0.0000            0.0000            0.0000    
     0.20000            0.0000            0.0000            0.0000    
     0.40000            0.0000            0.0000            0.0000    
     0.60000            0.0000            0.0000            0.0000    
     0.80000            0.0000            0.0000            0.0000    
      1.0000           0.49741           0.45457           0.45457    
      1.2000            1.2880            1.2522            1.2522    
      1.4000            1.9497            1.9202            1.9202    
      1.6000            2.5024            2.4787            2.4787    
      1.8000            2.9629            2.9444            2.9444    
      2.0000            3.3455            3.3316            3.3316    
      2.2000            3.6621            3.6524            3.6524    
      2.4000            3.9231            3.9171            3.9171    
      2.6000            4.1370            4.1343            4.1343    
      2.8000            4.3110            4.3113            4.3113    
      3.0000            4.4515            4.4544            4.4544    
      3.2000            4.5635            4.5689            4.5689    
      3.4000            4.6516            4.6591            4.6591    
      3.6000            4.7194            4.7288            4.7288    
      3.8000            4.7702            4.7813            4.7813    
      4.0000            4.8066            4.8193            4.8193    
      4.2000            4.8309            4.8449            4.8449    
      4.4000            4.8450            4.8602            4.8602    
      4.6000            4.8505            4.8668            4.8668    
      4.8000            4.8488            4.8661            4.8661    
      5.0000            4.8410            4.8593            4.8593    
      5.2000            4.8282            4.8473            4.8473    
      5.4000            4.8112            4.8310            4.8310    
      5.6000            4.7906            4.8111            4.8111    
      5.8000            4.7671            4.7883            4.7883    
      6.0000            4.7412            4.7629            4.7629    
      6.2000            4.7132            4.7355            4.7355    
      6.4000            4.6837            4.7064            4.7064    
      6.6000            4.6527            4.6759            4.6759    
      6.8000            4.6207            4.6443            4.6443    
      7.0000            4.5878            4.6118            4.6118    
      7.2000            4.5543            4.5786            4.5786    
      7.4000            4.5202            4.5448            4.5448    
      7.6000            4.4857            4.5106            4.5106    
      7.8000            4.4509            4.4761            4.4761    
      8.0000            4.4159            4.4414            4.4414    
      8.2000            4.3808            4.4066            4.4066    
      8.4000            4.3456            4.3716            4.3716    
      8.6000            4.3104            4.3367            4.3367    
      8.8000            4.2753            4.3018            4.3018    
      9.0000            4.2402            4.2669            4.2669    
      9.2000            4.2053            4.2322            4.2322    
      9.4000            4.1705            4.1976            4.1976    
      9.6000            4.1358            4.1632            4.1632    
      9.8000            4.1014            4.1289            4.1289    
      10.000            4.0672            4.0948            4.0948    
      10.200            4.0331            4.0609            4.0609    
      10.400            3.9993            4.0273            4.0273    
      10.600            3.9657            3.9938            3.9938    
      10.800            3.9324            3.9606            3.9606    
      11.000            3.8993            3.9277            3.9277    
      11.200            3.8664            3.8949            3.8949    
      11.400            3.8338            3.8625            3.8625    
      11.600            3.8014            3.8302            3.8302    
      11.800            3.7693            3.7982            3.7982    
      12.000            3.7375            3.7665            3.7665    
      12.200            3.7059            3.7350            3.7350    
      12.400            3.6745            3.7038            3.7038    
      12.600            3.6434            3.6728            3.6728    
      12.800            3.6126            3.6421            3.6421    
      13.000            3.5820            3.6116            3.6116    
      13.200            3.5517            3.5814            3.5814    
      13.400            3.5216            3.5514            3.5514    
      13.600            3.4918            3.5216            3.5216    
      13.800            3.4622            3.4921            3.4921    
      14.000            3.4329            3.4629            3.4629    
      14.200            3.4038            3.4339            3.4339    
      14.400            3.3750            3.4051            3.4051    
      14.600            3.3464            3.3766            3.3766    
      14.800            3.3180            3.3483            3.3483    
      15.000            3.2899            3.3202            3.3202    
      15.200            3.2620            3.2924            3.2924    
      15.400            3.2344            3.2648            3.2648    
      15.600            3.2070            3.2375            3.2375    
      15.800            3.1798            3.2103            3.2103    
      16.000            3.1528            3.1834            3.1834    
      16.200            3.1261            3.1567            3.1567    
      16.400            3.0996            3.1303            3.1303    
      16.600            3.0734            3.1041            3.1041    
      16.800            3.0473            3.0780            3.0780    
      17.000            3.0215            3.0522            3.0522    
      17.200            2.9959            3.0267            3.0267    
      17.400            2.9705            3.0013            3.0013    
      17.600            2.9453            2.9761            2.9761    
      17.800            2.9203            2.9512            2.9512    
      18.000            2.8956            2.9265            2.9265    
      18.200            2.8710            2.9019            2.9019    
      18.400            2.8467            2.8776            2.8776    
      18.600            2.8226            2.8535            2.8535    
      18.800            2.7987            2.8296            2.8296    
      19.000            2.7749            2.8059            2.8059    
      19.200            2.7514            2.7823            2.7823    
      19.400            2.7281            2.7590            2.7590    
      19.600            2.7050            2.7359            2.7359    
      19.800            2.6820            2.7130            2.7130    
      20.000            2.6593            2.6902            2.6902    
      20.200            2.6368            2.6677            2.6677    
      20.400            2.6144            2.6453            2.6453    
      20.600            2.5923            2.6231            2.6231    
      20.800            2.5703            2.6012            2.6012    
      21.000            2.5485            2.5794            2.5794    
      21.200            2.5269            2.5577            2.5577    
      21.400            2.5055            2.5363            2.5363    
      21.600            2.4842            2.5150            2.5150    
      21.800            2.4632            2.4940            2.4940    
      22.000            2.4423            2.4731            2.4731    
      22.200            2.4216            2.4523            2.4523    
      22.400            2.4011            2.4318            2.4318    
      22.600            2.3807            2.4114            2.4114    
      22.800            2.3606            2.3912            2.3912    
      23.000            2.3405            2.3711            2.3711    
      23.200            2.3207            2.3513            2.3513    
      23.400            2.3010            2.3316            2.3316    
      23.600            2.2815            2.3120            2.3120    
      23.800            2.2622            2.2926            2.2926    
      24.000            2.2430            2.2734            2.2734    
      24.200            2.2240            2.2544            2.2544    
      24.400            2.2052            2.2355            2.2355    
      24.600            2.1865            2.2167            2.2167    
      24.800            2.1679            2.1982            2.1982    
      25.000            2.6470            2.6343            2.6343    
      25.200            3.4193            3.4136            3.4136    
      25.400            4.0630            4.0636            4.0636    
      25.600            4.5977            4.6040            4.6040    
      25.800            5.0405            5.0519            5.0519    
      26.000            5.4055            5.4215            5.4215    
      26.200            5.7047            5.7248            5.7248    
      26.400            5.9483            5.9721            5.9721    
      26.600            6.1450            6.1721            6.1721    
      26.800            6.3020            6.3320            6.3320    
      27.000            6.4256            6.4582            6.4582    
      27.200            6.5209            6.5558            6.5558    
      27.400            6.5924            6.6294            6.6294    
      27.600            6.6438            6.6826            6.6826    
      27.800            6.6783            6.7188            6.7188    
      28.000            6.6985            6.7404            6.7404    
      28.200            6.7067            6.7500            6.7500    
      28.400            6.7049            6.7493            6.7493    
      28.600            6.6947            6.7401            6.7401    
      28.800            6.6773            6.7237            6.7237    
      29.000            6.6541            6.7013            6.7013    
      29.200            6.6259            6.6739            6.6739    
      29.400            6.5936            6.6423            6.6423    
      29.600            6.5580            6.6072            6.6072    
      29.800            6.5195            6.5693            6.5693    
      30.000            6.4787            6.5290            6.5290    
      30.200            6.4360            6.4868            6.4868    
      30.400            6.3918            6.4430            6.4430    
      30.600            6.3464            6.3980            6.3980    
      30.800            6.3001            6.3519            6.3519    
      31.000            6.2530            6.3051            6.3051    
      31.200            6.2053            6.2577            6.2577    
      31.400            6.1572            6.2099            6.2099    
      31.600            6.1088            6.1617            6.1617    
      31.800            6.0603            6.1134            6.1134    
      32.000            6.0116            6.0649            6.0649    
      32.200            5.9630            6.0165            6.0165    
      32.400            5.9144            5.9681            5.9681    
      32.600            5.8659            5.9197            5.9197    
      32.800            5.8176            5.8716            5.8716    
      33.000            5.7695            5.8236            5.8236    
      33.200            5.7216            5.7758            5.7758    
      33.400            5.6739            5.7282            5.7282    
      33.600            5.6265            5.6810            5.6810    
      33.800            5.5795            5.6340            5.6340    
      34.000            5.5327            5.5873            5.5873    
      34.200            5.4862            5.5409            5.5409    
      34.400            5.4401            5.4948            5.4948    
      34.600            5.3943            5.4491            5.4491    
      34.800            5.3488            5.4037            5.4037    
      35.000            5.3037            5.3586            5.3586    
      35.200            5.2589            5.3139            5.3139    
      35.400            5.2145            5.2695            5.2695    
      35.600            5.1705            5.2255            5.2255    
      35.800            5.1268            5.1818            5.1818    
      36.000            5.0834            5.1385            5.1385    
      36.200            5.0404            5.0955            5.0955    
      36.400            4.9977            5.0529            5.0529    
      36.600            4.9554            5.0106            5.0106    
      36.800            4.9135            4.9686            4.9686    
      37.000            4.8719            4.9270            4.9270    
      37.200            4.8306            4.8858            4.8858    
      37.400            4.7897            4.8449            4.8449    
      37.600            4.7491            4.8043            4.8043    
      37.800            4.7089            4.7640            4.7640    
      38.000            4.6690            4.7241            4.7241    
      38.200            4.6294            4.6845            4.6845    
      38.400            4.5902            4.6453            4.6453    
      38.600            4.5513            4.6064            4.6064    
      38.800            4.5128            4.5678            4.5678    
      39.000            4.4745            4.5295            4.5295    
      39.200            4.4366            4.4915            4.4915    
      39.400            4.3990            4.4539            4.4539    
      39.600            4.3617            4.4166            4.4166    
      39.800            4.3247            4.3796            4.3796    
      40.000            4.2881            4.3429            4.3429    
      40.200            4.2517            4.3065            4.3065    
      40.400            4.2157            4.2704            4.2704    
      40.600            4.1800            4.2346            4.2346    
      40.800            4.1446            4.1991            4.1991    
      41.000            4.1094            4.1639            4.1639    
      41.200            4.0746            4.1290            4.1290    
      41.400            4.0401            4.0944            4.0944    
      41.600            4.0058            4.0601            4.0601    
      41.800            3.9719            4.0260            4.0260    
      42.000            3.9382            3.9923            3.9923    
      42.200            3.9048            3.9588            3.9588    
      42.400            3.8717            3.9257            3.9257    
      42.600            3.8389            3.8927            3.8927    
      42.800            3.8064            3.8601            3.8601    
      43.000            3.7741            3.8278            3.8278    
      43.200            3.7421            3.7957            3.7957    
      43.400            3.7104            3.7639            3.7639    
      43.600            3.6789            3.7323            3.7323    
      43.800            3.6478            3.7010            3.7010    
      44.000            3.6168            3.6700            3.6700    
      44.200            3.5862            3.6393            3.6393    
      44.400            3.5558            3.6088            3.6088    
      44.600            3.5257            3.5785            3.5785    
      44.800            3.4958            3.5485            3.5485    
      45.000            3.4661            3.5188            3.5188    
      45.200            3.4368            3.4893            3.4893    
      45.400            3.4076            3.4600            3.4600    
      45.600            3.3787            3.4310            3.4310    
      45.800            3.3501            3.4023            3.4023    
      46.000            3.3217            3.3738            3.3738    
      46.200            3.2936            3.3455            3.3455    
      46.400            3.2656            3.3174            3.3174    
      46.600            3.2380            3.2896            3.2896    
      46.800            3.2105            3.2621            3.2621    
      47.000            3.1833            3.2347            3.2347    
      47.200            3.1563            3.2076            3.2076    
      47.400            3.1296            3.1807            3.1807    
      47.600            3.1030            3.1541            3.1541    
      47.800            3.0767            3.1276            3.1276    
      48.000            3.0507            3.1014            3.1014    
      48.200            3.0248            3.0754            3.0754    
      48.400            2.9992            3.0496            3.0496    
      48.600            2.9737            3.0241            3.0241    
      48.800            2.9485            2.9987            2.9987    
      49.000            3.4209            3.4282            3.4282    
      49.200            4.1867            4.2008            4.2008    
      49.400            4.8239            4.8442            4.8442    
      49.600            5.3522            5.3781            5.3781    
      49.800            5.7886            5.8195            5.8195    
      50.000            6.1472            6.1826            6.1826    
      50.200            6.4401            6.4796            6.4796    
      50.400            6.6775            6.7205            6.7205    
      50.600            6.8680            6.9142            6.9142    
      50.800            7.0190            7.0680            7.0680    
      51.000            7.1364            7.1880            7.1880    
      51.200            7.2257            7.2795            7.2795    
      51.400            7.2912            7.3470            7.3470    
      51.600            7.3367            7.3942            7.3942    
      51.800            7.3653            7.4244            7.4244    
      52.000            7.3797            7.4402            7.4402    
      52.200            7.3822            7.4438            7.4438    
      52.400            7.3746            7.4374            7.4374    
      52.600            7.3587            7.4224            7.4224    
      52.800            7.3357            7.4003            7.4003    
      53.000            7.3069            7.3722            7.3722    
      53.200            7.2732            7.3391            7.3391    
      53.400            7.2354            7.3020            7.3020    
      53.600            7.1943            7.2614            7.2614    
      53.800            7.1504            7.2179            7.2179    
      54.000            7.1043            7.1722            7.1722    
      54.200            7.0564            7.1246            7.1246    
      54.400            7.0069            7.0755            7.0755    
      54.600            6.9563            7.0251            7.0251    
      54.800            6.9048            6.9739            6.9739    
      55.000            6.8525            6.9218            6.9218    
      55.200            6.7998            6.8693            6.8693    
      55.400            6.7466            6.8163            6.8163    
      55.600            6.6932            6.7631            6.7631    
      55.800            6.6397            6.7097            6.7097    
      56.000            6.5862            6.6562            6.6562    
      56.200            6.5327            6.6028            6.6028    
      56.400            6.4793            6.5495            6.5495    
      56.600            6.4260            6.4963            6.4963    
      56.800            6.3729            6.4433            6.4433    
      57.000            6.3201            6.3905            6.3905    
      57.200            6.2675            6.3380            6.3380    
      57.400            6.2152            6.2857            6.2857    
      57.600            6.1633            6.2338            6.2338    
      57.800            6.1116            6.1821            6.1821    
      58.000            6.0604            6.1308            6.1308    
      58.200            6.0094            6.0799            6.0799    
      58.400            5.9589            6.0293            6.0293    
      58.600            5.9087            5.9791            5.9791    
      58.800            5.8588            5.9293            5.9293    
      59.000            5.8094            5.8798            5.8798    
      59.200            5.7604            5.8307            5.8307    
      59.400            5.7117            5.7820            5.7820    
      59.600            5.6634            5.7337            5.7337    
      59.800            5.6155            5.6857            5.6857    
      60.000            5.5680            5.6382            5.6382    
      60.200            5.5209            5.5910            5.5910    
      60.400            5.4742            5.5442            5.5442    
      60.600            5.4278            5.4978            5.4978    
      60.800            5.3819            5.4518            5.4518    
      61.000            5.3363            5.4061            5.4061    
      61.200            5.2911            5.3609            5.3609    
      61.400            5.2463            5.3160            5.3160    
      61.600            5.2019            5.2714            5.2714    
      61.800            5.1578            5.2273            5.2273    
      62.000            5.1141            5.1835            5.1835    
      62.200            5.0708            5.1400            5.1400    
      62.400            5.0278            5.0970            5.0970    
      62.600            4.9852            5.0543            5.0543    
      62.800            4.9429            5.0119            5.0119    
      63.000            4.9010            4.9699            4.9699    
      63.200            4.8595            4.9283            4.9283    
      63.400            4.8183            4.8870            4.8870    
      63.600            4.7775            4.8460            4.8460    
      63.800            4.7370            4.8054            4.8054    
      64.000            4.6969            4.7651            4.7651    
      64.200            4.6570            4.7252            4.7252    
      64.400            4.6176            4.6856            4.6856    
      64.600            4.5784            4.6463            4.6463    
      64.800            4.5396            4.6074            4.6074    
      65.000            4.5012            4.5688            4.5688    
      65.200            4.4630            4.5305            4.5305    
      65.400            4.4252            4.4925            4.4925    
      65.600            4.3877            4.4548            4.4548    
      65.800            4.3505            4.4175            4.4175    
      66.000            4.3136            4.3805            4.3805    
      66.200            4.2770            4.3438            4.3438    
      66.400            4.2408            4.3074            4.3074    
      66.600            4.2048            4.2712            4.2712    
      66.800            4.1692            4.2354            4.2354    
      67.000            4.1339            4.1999            4.1999    
      67.200            4.0988            4.1647            4.1647    
      67.400            4.0641            4.1298            4.1298    
      67.600            4.0296            4.0952            4.0952    
      67.800            3.9955            4.0609            4.0609    
      68.000            3.9616            4.0269            4.0269    
      68.200            3.9280            3.9931            3.9931    
      68.400            3.8947            3.9596            3.9596    
      68.600            3.8617            3.9265            3.9265    
      68.800            3.8290            3.8935            3.8935    
      69.000            3.7965            3.8609            3.8609    
      69.200            3.7644            3.8285            3.8285    
      69.400            3.7325            3.7965            3.7965    
      69.600            3.7008            3.7646            3.7646    
      69.800            3.6695            3.7331            3.7331    
      70.000            3.6383            3.7018            3.7018    
      70.200            3.6075            3.6708            3.6708    
      70.400            3.5769            3.6400            3.6400    
      70.600            3.5466            3.6095            3.6095    
      70.800            3.5166            3.5792            3.5792    
      71.000            3.4867            3.5492            3.5492    
      71.200            3.4572            3.5195            3.5195    
      71.400            3.4279            3.4900            3.4900    
      71.600            3.3988            3.4607            3.4607    
      71.800            3.3700            3.4317            3.4317    
      72.000            3.3415            3.4030            3.4030    
      72.200            3.3131            3.3744            3.3744    
      72.400            3.2851            3.3462            3.3462    
      72.600            3.2572            3.3181            3.3181    
      72.800            3.2296            3.2903            3.2903    
      73.000            3.6996            3.7173            3.7173    
      73.200            4.4631            4.4875            4.4875    
      73.400            5.0979            5.1285            5.1285    
      73.600            5.6239            5.6600            5.6600    
      73.800            6.0579            6.0991            6.0991    
      74.000            6.4143            6.4598            6.4598    
      74.200            6.7049            6.7544            6.7544    
      74.400            6.9401            6.9931            6.9931    
      74.600            7.1284            7.1845            7.1845    
      74.800            7.2771            7.3360            7.3360    
      75.000            7.3924            7.4538            7.4538    
      75.200            7.4795            7.5431            7.5431    
      75.400            7.5429            7.6084            7.6084    
      75.600            7.5862            7.6534            7.6534    
      75.800            7.6127            7.6814            7.6814    
      76.000            7.6250            7.6950            7.6950    
      76.200            7.6254            7.6965            7.6965    
      76.400            7.6158            7.6880            7.6880    
      76.600            7.5978            7.6709            7.6709    
      76.800            7.5728            7.6467            7.6467    
      77.000            7.5420            7.6165            7.6165    
      77.200            7.5063            7.5814            7.5814    
      77.400            7.4665            7.5422            7.5422    
      77.600            7.4234            7.4996            7.4996    
      77.800            7.3776            7.4542            7.4542    
      78.000            7.3296            7.4065            7.4065    
      78.200            7.2797            7.3569            7.3569    
      78.400            7.2284            7.3058            7.3058    
      78.600            7.1759            7.2536            7.2536    
      78.800            7.1225            7.2004            7.2004    
      79.000            7.0684            7.1464            7.1464    
      79.200            7.0138            7.0920            7.0920    
      79.400            6.9589            7.0372            7.0372    
      79.600            6.9037            6.9821            6.9821    
      79.800            6.8484            6.9269            6.9269    
      80.000            6.7931            6.8716            6.8716    
      80.200            6.7378            6.8164            6.8164    
      80.400            6.6826            6.7612            6.7612    
      80.600            6.6277            6.7063            6.7063    
      80.800            6.5729            6.6515            6.6515    
      81.000            6.5184            6.5970            6.5970    
      81.200            6.4641            6.5427            6.5427    
      81.400            6.4102            6.4887            6.4887    
      81.600            6.3565            6.4351            6.4351    
      81.800            6.3033            6.3818            6.3818    
      82.000            6.2504            6.3288            6.3288    
      82.200            6.1978            6.2762            6.2762    
      82.400            6.1457            6.2240            6.2240    
      82.600            6.0939            6.1721            6.1721    
      82.800            6.0425            6.1207            6.1207    
      83.000            5.9915            6.0696            6.0696    
      83.200            5.9409            6.0189            6.0189    
      83.400            5.8907            5.9687            5.9687    
      83.600            5.8409            5.9188            5.9188    
      83.800            5.7915            5.8693            5.8693    
      84.000            5.7425            5.8202            5.8202    
      84.200            5.6939            5.7715            5.7715    
      84.400            5.6457            5.7232            5.7232    
      84.600            5.5979            5.6753            5.6753    
      84.800            5.5505            5.6278            5.6278    
      85.000            5.5035            5.5806            5.5806    
      85.200            5.4569            5.5339            5.5339    
      85.400            5.4107            5.4875            5.4875    
      85.600            5.3649            5.4416            5.4416    
      85.800            5.3194            5.3960            5.3960    
      86.000            5.2743            5.3508            5.3508    
      86.200            5.2297            5.3059            5.3059    
      86.400            5.1853            5.2615            5.2615    
      86.600            5.1414            5.2174            5.2174    
      86.800            5.0978            5.1737            5.1737    
      87.000            5.0546            5.1303            5.1303    
      87.200            5.0118            5.0873            5.0873    
      87.400            4.9693            5.0447            5.0447    
      87.600            4.9272            5.0024            5.0024    
      87.800            4.8854            4.9605            4.9605    
      88.000            4.8440            4.9189            4.9189    
      88.200            4.8030            4.8777            4.8777    
      88.400            4.7623            4.8368            4.8368    
      88.600            4.7219            4.7963            4.7963    
      88.800            4.6819            4.7561            4.7561    
      89.000            4.6422            4.7162            4.7162    
      89.200            4.6029            4.6767            4.6767    
      89.400            4.5638            4.6375            4.6375    
      89.600            4.5252            4.5986            4.5986    
      89.800            4.4868            4.5601            4.5601    
      90.000            4.4488            4.5219            4.5219    
      90.200            4.4111            4.4840            4.4840    
      90.400            4.3737            4.4464            4.4464    
      90.600            4.3366            4.4091            4.4091    
      90.800            4.2999            4.3721            4.3721    
      91.000            4.2634            4.3355            4.3355    
      91.200            4.2273            4.2992            4.2992    
      91.400            4.1914            4.2631            4.2631    
      91.600            4.1559            4.2274            4.2274    
      91.800            4.1207            4.1920            4.1920    
      92.000            4.0858            4.1568            4.1568    
      92.200            4.0511            4.1220            4.1220    
      92.400            4.0168            4.0874            4.0874    
      92.600            3.9827            4.0532            4.0532    
      92.800            3.9490            4.0192            4.0192    
      93.000            3.9155            3.9855            3.9855    
      93.200            3.8823            3.9521            3.9521    
      93.400            3.8494            3.9190            3.9190    
      93.600            3.8168            3.8861            3.8861    
      93.800            3.7844            3.8536            3.8536    
      94.000            3.7524            3.8213            3.8213    
      94.200            3.7206            3.7892            3.7892    
      94.400            3.6890            3.7575            3.7575    
      94.600            3.6578            3.7260            3.7260    
      94.800            3.6267            3.6948            3.6948    
      95.000            3.5960            3.6638            3.6638    
      95.200            3.5655            3.6331            3.6331    
      95.400            3.5353            3.6026            3.6026    
      95.600            3.5053            3.5724            3.5724    
      95.800            3.4756            3.5425            3.5425    
      96.000            3.4462            3.5128            3.5128    
      96.200            3.4170            3.4834            3.4834    
      96.400            3.3880            3.4542            3.4542    
      96.600            3.3593            3.4252            3.4252    
      96.800            3.3308            3.3965            3.3965    
      97.000            3.8000            3.8226            3.8226    
      97.200            4.5626            4.5920            4.5920    
      97.400            5.1965            5.2320            5.2320    
      97.600            5.7217            5.7627            5.7627    
      97.800            6.1549            6.2009            6.2009    
      98.000            6.5104            6.5608            6.5608    
      98.200            6.8003            6.8546            6.8546    
      98.400            7.0346            7.0924            7.0924    
      98.600            7.2221            7.2830            7.2830    
      98.800            7.3700            7.4336            7.4336    
      99.000            7.4845            7.5506            7.5506    
      99.200            7.5709            7.6391            7.6391    
      99.400            7.6335            7.7035            7.7035    
      99.600            7.6760            7.7478            7.7478    
      99.800            7.7018            7.7750            7.7750    
      100.00            7.7133            7.7878            7.7878    
      100.20            7.7129            7.7886            7.7886    
      100.40            7.7026            7.7792            7.7792    
      100.60            7.6839            7.7614            7.7614    
      100.80            7.6582            7.7364            7.7364    
      101.00            7.6266            7.7055            7.7055    
      101.20            7.5902            7.6697            7.6697    
      101.40            7.5497            7.6297            7.6297    
      101.60            7.5060            7.5864            7.5864    
      101.80            7.4594            7.5402            7.5402    
      102.00            7.4107            7.4918            7.4918    
      102.20            7.3601            7.4415            7.4415    
      102.40            7.3081            7.3897            7.3897    
      102.60            7.2549            7.3368            7.3368    
      102.80            7.2009            7.2829            7.2829    
      103.00            7.1461            7.2282            7.2282    
      103.20            7.0909            7.1731            7.1731    
      103.40            7.0353            7.1176            7.1176    
      103.60            6.9795            7.0618            7.0618    
      103.80            6.9235            7.0060            7.0060    
      104.00            6.8676            6.9500            6.9500    
      104.20            6.8117            6.8941            6.8941    
      104.40            6.7559            6.8384            6.8384    
      104.60            6.7003            6.7827            6.7827    
      104.80            6.6449            6.7273            6.7273    
      105.00            6.5897            6.6722            6.6722    
      105.20            6.5349            6.6173            6.6173    
      105.40            6.4803            6.5627            6.5627    
      105.60            6.4261            6.5084            6.5084    
      105.80            6.3723            6.4545            6.4545    
      106.00            6.3188            6.4009            6.4009    
      106.20            6.2657            6.3477            6.3477    
      106.40            6.2129            6.2949            6.2949    
      106.60            6.1606            6.2425            6.2425    
      106.80            6.1086            6.1904            6.1904    
      107.00            6.0571            6.1387            6.1387    
      107.20            6.0059            6.0875            6.0875    
      107.40            5.9552            6.0366            6.0366    
      107.60            5.9048            5.9862            5.9862    
      107.80            5.8549            5.9361            5.9361    
      108.00            5.8054            5.8865            5.8865    
      108.20            5.7562            5.8372            5.8372    
      108.40            5.7075            5.7884            5.7884    
      108.60            5.6592            5.7399            5.7399    
      108.80            5.6113            5.6918            5.6918    
      109.00            5.5637            5.6442            5.6442    
      109.20            5.5166            5.5969            5.5969    
      109.40            5.4699            5.5500            5.5500    
      109.60            5.4236            5.5035            5.5035    
      109.80            5.3776            5.4574            5.4574    
      110.00            5.3320            5.4117            5.4117    
      110.20            5.2869            5.3664            5.3664    
      110.40            5.2421            5.3214            5.3214    
      110.60            5.1976            5.2768            5.2768    
      110.80            5.1536            5.2326            5.2326    
      111.00            5.1099            5.1887            5.1887    
      111.20            5.0666            5.1453            5.1453    
      111.40            5.0237            5.1021            5.1021    
      111.60            4.9811            5.0594            5.0594    
      111.80            4.9389            5.0170            5.0170    
      112.00            4.8970            4.9749            4.9749    
      112.20            4.8555            4.9332            4.9332    
      112.40            4.8144            4.8919            4.8919    
      112.60            4.7736            4.8509            4.8509    
      112.80            4.7331            4.8102            4.8102    
      113.00            4.6930            4.7699            4.7699    
      113.20            4.6532            4.7299            4.7299    
      113.40            4.6138            4.6903            4.6903    
      113.60            4.5747            4.6510            4.6510    
      113.80            4.5359            4.6120            4.6120    
      114.00            4.4974            4.5733            4.5733    
      114.20            4.4593            4.5350            4.5350    
      114.40            4.4215            4.4970            4.4970    
      114.60            4.3841            4.4593            4.4593    
      114.80            4.3469            4.4219            4.4219    
      115.00            4.3100            4.3849            4.3849    
      115.20            4.2735            4.3481            4.3481    
      115.40            4.2373            4.3117            4.3117    
      115.60            4.2014            4.2755            4.2755    
      115.80            4.1658            4.2397            4.2397    
      116.00            4.1305            4.2042            4.2042    
      116.20            4.0954            4.1689            4.1689    
      116.40            4.0607            4.1340            4.1340    
      116.60            4.0263            4.0993            4.0993    
      116.80            3.9922            4.0650            4.0650    
      117.00            3.9583            4.0309            4.0309    
      117.20            3.9248            3.9971            3.9971    
      117.40            3.8915            3.9636            3.9636    
      117.60            3.8585            3.9304            3.9304    
      117.80            3.8258            3.8974            3.8974    
      118.00            3.7934            3.8648            3.8648    
      118.20            3.7613            3.8324            3.8324    
      118.40            3.7294            3.8003            3.8003    
      118.60            3.6978            3.7684            3.7684    
      118.80            3.6664            3.7368            3.7368    
      119.00            3.6353            3.7055            3.7055    
      119.20            3.6045            3.6744            3.6744    
      119.40            3.5740            3.6436            3.6436    
      119.60            3.5437            3.6131            3.6131    
      119.80            3.5137            3.5828            3.5828    
      120.00            3.4839            3.5528            3.5528    
      120.20            3.4543            3.5230            3.5230    
      120.40            3.4251            3.4935            3.4935    
      120.60            3.3960            3.4642            3.4642    
      120.80            3.3672            3.4352            3.4352    
      121.00            3.8361            3.8609            3.8609    
      121.20            4.5984            4.6300            4.6300    
      121.40            5.2320            5.2697            5.2697    
      121.60            5.7569            5.8001            5.8001    
      121.80            6.1898            6.2380            6.2380    
      122.00            6.5451            6.5976            6.5976    
      122.20            6.8346            6.8910            6.8910    
      122.40            7.0687            7.1286            7.1286    
      122.60            7.2559            7.3188            7.3188    
      122.80            7.4035            7.4692            7.4692    
      123.00            7.5177            7.5858            7.5858    
      123.20            7.6038            7.6740            7.6740    
      123.40            7.6661            7.7382            7.7382    
      123.60            7.7084            7.7822            7.7822    
      123.80            7.7338            7.8091            7.8091    
      124.00            7.7451            7.8216            7.8216    
      124.20            7.7445            7.8221            7.8221    
      124.40            7.7339            7.8125            7.8125    
      124.60            7.7149            7.7943            7.7943    
      124.80            7.6889            7.7691            7.7691    
      125.00            7.6571            7.7379            7.7379    
      125.20            7.6204            7.7018            7.7018    
      125.40            7.5797            7.6616            7.6616    
      125.60            7.5357            7.6180            7.6180    
      125.80            7.4889            7.5716            7.5716    
      126.00            7.4399            7.5229            7.5229    
      126.20            7.3891            7.4723            7.4723    
      126.40            7.3368            7.4203            7.4203    
      126.60            7.2834            7.3671            7.3671    
      126.80            7.2291            7.3129            7.3129    
      127.00            7.1741            7.2580            7.2580    
      127.20            7.1186            7.2027            7.2027    
      127.40            7.0628            7.1469            7.1469    
      127.60            7.0067            7.0909            7.0909    
      127.80            6.9506            7.0348            7.0348    
      128.00            6.8944            6.9786            6.9786    
      128.20            6.8383            6.9225            6.9225    
      128.40            6.7822            6.8665            6.8665    
      128.60            6.7264            6.8106            6.8106    
      128.80            6.6708            6.7550            6.7550    
      129.00            6.6154            6.6996            6.6996    
      129.20            6.5604            6.6444            6.6444    
      129.40            6.5056            6.5896            6.5896    
      129.60            6.4512            6.5351            6.5351    
      129.80            6.3971            6.4810            6.4810    
      130.00            6.3434            6.4272            6.4272    
      130.20            6.2901            6.3738            6.3738    
      130.40            6.2371            6.3207            6.3207    
      130.60            6.1846            6.2681            6.2681    
      130.80            6.1324            6.2158            6.2158    
      131.00            6.0807            6.1639            6.1639    
      131.20            6.0293            6.1125            6.1125    
      131.40            5.9784            6.0614            6.0614    
      131.60            5.9278            6.0107            6.0107    
      131.80            5.8777            5.9605            5.9605    
      132.00            5.8280            5.9106            5.9106    
      132.20            5.7787            5.8611            5.8611    
      132.40            5.7297            5.8121            5.8121    
      132.60            5.6812            5.7634            5.7634    
      132.80            5.6331            5.7152            5.7152    
      133.00            5.5854            5.6673            5.6673    
      133.20            5.5381            5.6199            5.6199    
      133.40            5.4912            5.5728            5.5728    
      133.60            5.4447            5.5261            5.5261    
      133.80            5.3986            5.4798            5.4798    
      134.00            5.3528            5.4339            5.4339    
      134.20            5.3075            5.3884            5.3884    
      134.40            5.2625            5.3432            5.3432    
      134.60            5.2179            5.2984            5.2984    
      134.80            5.1737            5.2540            5.2540    
      135.00            5.1298            5.2100            5.2100    
      135.20            5.0864            5.1664            5.1664    
      135.40            5.0433            5.1231            5.1231    
      135.60            5.0005            5.0801            5.0801    
      135.80            4.9581            5.0375            5.0375    
      136.00            4.9161            4.9953            4.9953    
      136.20            4.8744            4.9535            4.9535    
      136.40            4.8331            4.9119            4.9119    
      136.60            4.7922            4.8708            4.8708    
      136.80            4.7515            4.8300            4.8300    
      137.00            4.7113            4.7895            4.7895    
      137.20            4.6713            4.7493            4.7493    
      137.40            4.6318            4.7095            4.7095    
      137.60            4.5925            4.6700            4.6700    
      137.80            4.5536            4.6309            4.6309    
      138.00            4.5150            4.5921            4.5921    
      138.20            4.4767            4.5536            4.5536    
      138.40            4.4388            4.5154            4.5154    
      138.60            4.4011            4.4776            4.4776    
      138.80            4.3638            4.4401            4.4401    
      139.00            4.3268            4.4028            4.4028    
      139.20            4.2902            4.3659            4.3659    
      139.40            4.2538            4.3294            4.3294    
      139.60            4.2177            4.2931            4.2931    
      139.80            4.1820            4.2571            4.2571    
      140.00            4.1466            4.2214            4.2214    
      140.20            4.1114            4.1860            4.1860    
      140.40            4.0766            4.1509            4.1509    
      140.60            4.0420            4.1161            4.1161    
      140.80            4.0077            4.0816            4.0816    
      141.00            3.9738            4.0474            4.0474    
      141.20            3.9401            4.0135            4.0135    
      141.40            3.9067            3.9799            3.9799    
      141.60            3.8736            3.9465            3.9465    
      141.80            3.8407            3.9134            3.9134    
      142.00            3.8082            3.8806            3.8806    
      142.20            3.7759            3.8481            3.8481    
      142.40            3.7439            3.8158            3.8158    
      142.60            3.7122            3.7839            3.7839    
      142.80            3.6807            3.7521            3.7521    
      143.00            3.6495            3.7207            3.7207    
      143.20            3.6186            3.6895            3.6895    
      143.40            3.5879            3.6586            3.6586    
      143.60            3.5575            3.6279            3.6279    
      143.80            3.5273            3.5975            3.5975    
      144.00            3.4974            3.5674            3.5674    
      144.20            3.4678            3.5375            3.5375    
      144.40            3.4384            3.5078            3.5078    
      144.60            3.4093            3.4784            3.4784    
      144.80            3.3804            3.4493            3.4493    
      145.00            3.3517            3.4203            3.4203    
      145.20            3.3233            3.3917            3.3917    
      145.40            3.2951            3.3633            3.3633    
      145.60            3.2672            3.3351            3.3351    
      145.80            3.2395            3.3071            3.3071    
      146.00            3.2121            3.2794            3.2794    
      146.20            3.1848            3.2519            3.2519    
      146.40            3.1578            3.2246            3.2246    
      146.60            3.1311            3.1976            3.1976    
      146.80            3.1045            3.1708            3.1708    
      147.00            3.0782            3.1442            3.1442    
      147.20            3.0521            3.1179            3.1179    
      147.40            3.0263            3.0918            3.0918    
      147.60            3.0006            3.0658            3.0658    
      147.80            2.9752            3.0401            3.0401    
      148.00            2.9500            3.0147            3.0147    
      148.20            2.9249            2.9894            2.9894    
      148.40            2.9002            2.9643            2.9643    
      148.60            2.8756            2.9395            2.9395    
      148.80            2.8512            2.9149            2.9149    
      149.00            2.8270            2.8904            2.8904    
      149.20            2.8031            2.8662            2.8662    
      149.40            2.7793            2.8422            2.8422    
      149.60            2.7558            2.8183            2.8183    
      149.80            2.7324            2.7947            2.7947    
      150.00            2.7092            2.7713            2.7713    
      150.20            2.6863            2.7481            2.7481    
      150.40            2.6635            2.7250            2.7250    
      150.60            2.6409            2.7022            2.7022    
      150.80            2.6185            2.6796            2.6796    
      151.00            2.5963            2.6571            2.6571    
      151.20            2.5743            2.6348            2.6348    
      151.40            2.5525            2.6127            2.6127    
      151.60            2.5309            2.5908            2.5908    
      151.80            2.5094            2.5691            2.5691    
      152.00            2.4882            2.5476            2.5476    
      152.20            2.4671            2.5262            2.5262    
      152.40            2.4462            2.5051            2.5051    
      152.60            2.4254            2.4841            2.4841    
      152.80            2.4049            2.4632            2.4632    
      153.00            2.3845            2.4426            2.4426    
      153.20            2.3643            2.4221            2.4221    
      153.40            2.3442            2.4018            2.4018    
      153.60            2.3244            2.3817            2.3817    
      153.80            2.3047            2.3617            2.3617    
      154.00            2.2851            2.3419            2.3419    
      154.20            2.2658            2.3223            2.3223    
      154.40            2.2466            2.3028            2.3028    
      154.60            2.2275            2.2835            2.2835    
      154.80            2.2086            2.2644            2.2644    
      155.00            2.1899            2.2454            2.2454    
      155.20            2.1713            2.2266            2.2266    
      155.40            2.1529            2.2079            2.2079    
      155.60            2.1347            2.1894            2.1894    
      155.80            2.1166            2.1711            2.1711    
      156.00            2.0987            2.1529            2.1529    
      156.20            2.0809            2.1348            2.1348    
      156.40            2.0632            2.1169            2.1169    
      156.60            2.0457            2.0992            2.0992    
      156.80            2.0284            2.0816            2.0816    
      157.00            2.0112            2.0642            2.0642    
      157.20            1.9942            2.0469            2.0469    
      157.40            1.9773            2.0297            2.0297    
      157.60            1.9605            2.0127            2.0127    
      157.80            1.9439            1.9958            1.9958    
      158.00            1.9274            1.9791            1.9791    
      158.20            1.9111            1.9625            1.9625    
      158.40            1.8949            1.9461            1.9461    
      158.60            1.8788            1.9297            1.9297    
      158.80            1.8629            1.9136            1.9136    
      159.00            1.8471            1.8975            1.8975    
      159.20            1.8314            1.8816            1.8816    
      159.40            1.8159            1.8659            1.8659    
      159.60            1.8005            1.8502            1.8502    
      159.80            1.7853            1.8347            1.8347    
      160.00            1.7701            1.8193            1.8193    
      160.20            1.7551            1.8041            1.8041    
      160.40            1.7403            1.7890            1.7890    
      160.60            1.7255            1.7740            1.7740    
      160.80            1.7109            1.7591            1.7591    
      161.00            1.6964            1.7443            1.7443    
      161.20            1.6820            1.7297            1.7297    
      161.40            1.6677            1.7152            1.7152    
      161.60            1.6536            1.7009            1.7009    
      161.80            1.6396            1.6866            1.6866    
      162.00            1.6257            1.6725            1.6725    
      162.20            1.6119            1.6584            1.6584    
      162.40            1.5982            1.6445            1.6445    
      162.60            1.5847            1.6308            1.6308    
      162.80            1.5713            1.6171            1.6171    
      163.00            1.5580            1.6035            1.6035    
      163.20            1.5447            1.5901            1.5901    
      163.40            1.5317            1.5768            1.5768    
      163.60            1.5187            1.5636            1.5636    
      163.80            1.5058            1.5504            1.5504    
      164.00            1.4930            1.5375            1.5375    
      164.20            1.4804            1.5246            1.5246    
      164.40            1.4678            1.5118            1.5118    
      164.60            1.4554            1.4991            1.4991    
      164.80            1.4431            1.4866            1.4866    
      165.00            1.4308            1.4741            1.4741    
      165.20            1.4187            1.4617            1.4617    
      165.40            1.4067            1.4495            1.4495    
      165.60            1.3947            1.4373            1.4373    
      165.80            1.3829            1.4253            1.4253    
      166.00            1.3712            1.4133            1.4133    
      166.20            1.3596            1.4015            1.4015    
      166.40            1.3481            1.3897            1.3897    
      166.60            1.3366            1.3781            1.3781    
      166.80            1.3253            1.3665            1.3665    
      167.00            1.3141            1.3551            1.3551    
      167.20            1.3029            1.3437            1.3437    
      167.40            1.2919            1.3325            1.3325    
      167.60            1.2809            1.3213            1.3213    
      167.80            1.2701            1.3102            1.3102    


  SUBJECT NO.     1 ...  OUTPUT EQUATION NO.  1

     TIMES                   OBSERVED VALUES          PREDICTED VALUES, BASED ON POSTERIOR MEANS; THEN MEDIANS; THEN MODES
--------------------------------------------------------------------------------------------------------------------------
      120.00            2.8500            3.4839            3.5528            3.5528    
      120.97            3.7000            3.7093            3.7330            3.7330    
      122.00            6.6500            6.5451            6.5976            6.5976    
      125.98            6.8100            7.4449            7.5278            7.5278    
      128.98            6.5100            6.6210            6.7051            6.7051    
      132.00            7.4800            5.8280            5.9106            5.9106    
      143.98            4.5100            3.5004            3.5704            3.5704    


