  icycle     fobj1          gamma          res     grid points (start and end)
    1      -8.584883       4.545455      0.20000     20011    1
    2      -8.068486       3.787879      0.20000         7    1
    3      -7.174482       2.705628      0.20000         7    1
    4      -6.020128       2.705628      0.20000         7    1
    5      -6.020128       1.932591      0.10000         8    1
    6      -6.018687       1.932591      0.10000         8    1
    7      -5.978624       1.932591      0.05000         9    1
    8      -5.972809       2.319109      0.05000         8    1
    9      -5.794637       2.319109      0.05000         8    1
   10      -5.789749       2.319109      0.02500         8    1
   11      -5.763952       2.319109      0.02500         8    1
   12      -5.746635       2.208676      0.02500         8    1
   13      -5.738998       2.208676      0.02500         8    1
   14      -5.732925       2.208676      0.01250         8    1
   15      -5.732925       2.208676      0.01250         8    1
   16      -5.730461       2.236284      0.00625         9    1
   17      -5.729499       2.236284      0.00625         8    1
   18      -5.724266       2.236284      0.00313         8    1
   19      -5.716213       2.236284      0.00313         8    1
   20      -5.711433       2.236284      0.00313         8    1
   21      -5.709572       2.236284      0.00313         8    1
   22      -5.708640       2.236284      0.00313         8    1
   23      -5.706518       2.236284      0.00313         8    1
   24      -5.698347       2.214143      0.00313         8    1
   25      -5.693272       2.214143      0.00313         8    1
   26      -5.691468       2.214143      0.00313         8    1
   27      -5.691468       2.214143      0.00313         8    1
   28      -5.688528       2.214143      0.00156         8    1
   29      -5.686182       2.214143      0.00156         8    1
   30      -5.684641       2.214143      0.00156         8    1
   31      -5.683899       2.214143      0.00156         8    1
   32      -5.682478       2.214143      0.00156         8    1
   33      -5.679883       2.214143      0.00156         8    1
   34      -5.678088       2.214143      0.00156         8    1
   35      -5.677088       2.214143      0.00156         8    1
   36      -5.676876       2.214143      0.00156         8    1
   37      -5.674393       2.214143      0.00156         8    1
   38      -5.672328       2.214143      0.00156         8    1
   39      -5.671052       2.214143      0.00156         8    1
   40      -5.670561       2.214143      0.00156         8    1
   41      -5.669730       2.214143      0.00156         8    1
   42      -5.667378       2.214143      0.00156         8    1
   43      -5.665811       2.214143      0.00156         8    1
   44      -5.665023       2.214143      0.00156         8    1
   45      -5.665009       2.214143      0.00156         8    1
   46      -5.662926       2.214143      0.00078         8    1
   47      -5.662473       2.214143      0.00078         8    1
   48      -5.662137       2.214143      0.00078         8    1
   49      -5.661677       2.214143      0.00078         8    1
   50      -5.660874       2.214143      0.00078         8    1
   51      -5.660266       2.214143      0.00078         8    1
   52      -5.659850       2.214143      0.00078         8    1
   53      -5.659627       2.214143      0.00078         8    1
   54      -5.658954       2.214143      0.00078         8    1
   55      -5.658265       2.214143      0.00078         8    1
   56      -5.657768       2.214143      0.00078         8    1
   57      -5.657462       2.214143      0.00078         8    1
   58      -5.657245       2.214143      0.00078         8    1
   59      -5.656473       2.214143      0.00078         8    1
   60      -5.655892       2.214143      0.00078         8    1
   61      -5.655503       2.214143      0.00078         8    1
   62      -5.655304       2.214143      0.00078         8    1
   63      -5.654892       2.214143      0.00078         8    1
   64      -5.654226       2.214143      0.00078         8    1
   65      -5.653751       2.214143      0.00078         8    1
   66      -5.653466       2.214143      0.00078         8    1
   67      -5.653370       2.214143      0.00078         8    1
   68      -5.652766       2.214143      0.00039         8    1
   69      -5.652625       2.214143      0.00039         8    1
   70      -5.652468       2.214143      0.00039         8    1
   71      -5.652211       2.214143      0.00039         8    1
   72      -5.652000       2.214143      0.00039         8    1
   73      -5.651837       2.214143      0.00039         8    1
   74      -5.651721       2.214143      0.00039         8    1
   75      -5.651520       2.214143      0.00039         8    1
   76      -5.651287       2.214143      0.00039         8    1
   77      -5.651102       2.214143      0.00039         8    1
   78      -5.650963       2.214143      0.00039         8    1
   79      -5.650872       2.214143      0.00039         8    1
   80      -5.650673       2.214143      0.00020         8    1
   81      -5.650604       2.214143      0.00020         8    1
 res set to .2  checkbig=   1.0000000000000000E+030
   82      -5.650604       2.214143      0.20000         7    1
   83      -5.650604       2.214143      0.10000         7    1
   84      -5.650604       2.214143      0.05000         8    1
   85      -5.650604       2.214143      0.02500         8    1
   86      -5.650604       2.214143      0.01250         8    1
   87      -5.650604       2.214143      0.00625         8    1
   88      -5.650604       2.214143      0.00313         8    1
   89      -5.650474       2.214143      0.00156         8    1
   90      -5.650474       2.214143      0.00156         8    1
   91      -5.649741       2.214143      0.00078         8    1
   92      -5.649302       2.214143      0.00078         8    1
   93      -5.649051       2.214143      0.00078         8    1
   94      -5.648986       2.214143      0.00078         8    1
   95      -5.648559       2.214143      0.00039         8    1
   96      -5.648433       2.214143      0.00039         8    1
   97      -5.648354       2.214143      0.00039         8    1
   98      -5.648208       2.214143      0.00020         8    1
   99      -5.648145       2.214143      0.00020         8    1
 res set to .2  checkbig=   2.4588383175485617E-003
