  SUBJECT NO.     1

 COL. 1. = PREDICTION TIMES
 COL. 2. = PRED. VALUES FOR OUTPUT EQ. 1, BASED ON POSTERIOR MEANS
 COL. 3. = PRED. VALUES FOR OUTPUT EQ. 1, BASED ON POSTERIOR MEDIANS
 COL. 4. = PRED. VALUES FOR OUTPUT EQ. 1, BASED ON POSTERIOR MODES
 EACH ADDITIONAL OUTPUT EQ. HAS 3 COLUMNS OF PREDICTED VALUES
 BASED, IN ORDER, ON THE POSTERIOR MEANS, MEDIANS, AND MODES: 
-------------------------------------------------------------
      0.0000            0.0000            0.0000            0.0000    
     0.20000            0.0000            0.0000            0.0000    
     0.40000            0.0000            0.0000            0.0000    
     0.60000            0.0000            0.0000            0.0000    
     0.80000            0.0000            0.0000            0.0000    
      1.0000            0.0000            0.0000            0.0000    
      1.2000            0.0000            0.0000            0.0000    
      1.4000            0.0000            0.0000            0.0000    
      1.6000            0.0000            0.0000            0.0000    
      1.8000            0.0000            0.0000            0.0000    
      2.0000            0.0000            0.0000            0.0000    
      2.2000           0.53521           0.44954           0.44954    
      2.4000            1.3045            1.2310            1.2310    
      2.6000            1.9401            1.8772            1.8772    
      2.8000            2.4640            2.4105            2.4105    
      3.0000            2.8947            2.8494            2.8494    
      3.2000            3.2476            3.2094            3.2094    
      3.4000            3.5355            3.5036            3.5036    
      3.6000            3.7693            3.7429            3.7429    
      3.8000            3.9578            3.9362            3.9362    
      4.0000            4.1087            4.0912            4.0912    
      4.2000            4.2281            4.2142            4.2142    
      4.4000            4.3213            4.3105            4.3105    
      4.6000            4.3927            4.3846            4.3846    
      4.8000            4.4459            4.4401            4.4401    
      5.0000            4.4839            4.4802            4.4802    
      5.2000            4.5094            4.5074            4.5074    
      5.4000            4.5244            4.5239            4.5239    
      5.6000            4.5307            4.5315            4.5315    
      5.8000            4.5298            4.5317            4.5317    
      6.0000            4.5229            4.5258            4.5258    
      6.2000            4.5111            4.5149            4.5149    
      6.4000            4.4952            4.4997            4.4997    
      6.6000            4.4760            4.4811            4.4811    
      6.8000            4.4540            4.4596            4.4596    
      7.0000            4.4298            4.4359            4.4359    
      7.2000            4.4037            4.4102            4.4102    
      7.4000            4.3762            4.3830            4.3830    
      7.6000            4.3474            4.3546            4.3546    
      7.8000            4.3177            4.3251            4.3251    
      8.0000            4.2873            4.2949            4.2949    
      8.2000            4.2563            4.2641            4.2641    
      8.4000            4.2249            4.2329            4.2329    
      8.6000            4.1931            4.2012            4.2012    
      8.8000            4.1611            4.1694            4.1694    
      9.0000            4.1290            4.1374            4.1374    
      9.2000            4.0968            4.1053            4.1053    
      9.4000            4.0646            4.0732            4.0732    
      9.6000            4.0325            4.0411            4.0411    
      9.8000            4.0003            4.0090            4.0090    
      10.000            3.9683            3.9771            3.9771    
      10.200            3.9365            3.9453            3.9453    
      10.400            3.9047            3.9136            3.9136    
      10.600            3.8732            3.8820            3.8820    
      10.800            3.8418            3.8507            3.8507    
      11.000            3.8106            3.8195            3.8195    
      11.200            3.7796            3.7886            3.7886    
      11.400            3.7488            3.7578            3.7578    
      11.600            3.7182            3.7272            3.7272    
      11.800            3.6879            3.6969            3.6969    
      12.000            3.6577            3.6668            3.6668    
      12.200            3.6278            3.6369            3.6369    
      12.400            3.5982            3.6072            3.6072    
      12.600            3.5687            3.5778            3.5778    
      12.800            3.5395            3.5486            3.5486    
      13.000            3.5105            3.5196            3.5196    
      13.200            3.4817            3.4908            3.4908    
      13.400            3.4532            3.4623            3.4623    
      13.600            3.4249            3.4340            3.4340    
      13.800            3.3968            3.4059            3.4059    
      14.000            3.3689            3.3780            3.3780    
      14.200            3.3413            3.3504            3.3504    
      14.400            3.3139            3.3230            3.3230    
      14.600            3.2867            3.2958            3.2958    
      14.800            3.2597            3.2689            3.2689    
      15.000            3.2330            3.2421            3.2421    
      15.200            3.2065            3.2156            3.2156    
      15.400            3.1802            3.1893            3.1893    
      15.600            3.1541            3.1632            3.1632    
      15.800            3.1282            3.1373            3.1373    
      16.000            3.1025            3.1116            3.1116    
      16.200            3.0770            3.0861            3.0861    
      16.400            3.0518            3.0609            3.0609    
      16.600            3.0267            3.0358            3.0358    
      16.800            3.0019            3.0110            3.0110    
      17.000            2.9773            2.9863            2.9863    
      17.200            2.9528            2.9619            2.9619    
      17.400            2.9286            2.9377            2.9377    
      17.600            2.9046            2.9136            2.9136    
      17.800            2.8807            2.8898            2.8898    
      18.000            2.8571            2.8661            2.8661    
      18.200            2.8336            2.8426            2.8426    
      18.400            2.8104            2.8194            2.8194    
      18.600            2.7873            2.7963            2.7963    
      18.800            2.7644            2.7734            2.7734    
      19.000            2.7417            2.7507            2.7507    
      19.200            2.7192            2.7282            2.7282    
      19.400            2.6969            2.7059            2.7059    
      19.600            2.6748            2.6837            2.6837    
      19.800            2.6528            2.6618            2.6618    
      20.000            2.6311            2.6400            2.6400    
      20.200            2.6095            2.6184            2.6184    
      20.400            2.5880            2.5969            2.5969    
      20.600            2.5668            2.5757            2.5757    
      20.800            2.5457            2.5546            2.5546    
      21.000            2.5248            2.5337            2.5337    
      21.200            2.5041            2.5129            2.5129    
      21.400            2.4836            2.4924            2.4924    
      21.600            2.4632            2.4720            2.4720    
      21.800            2.4430            2.4517            2.4517    
      22.000            2.4229            2.4317            2.4317    
      22.200            2.4030            2.4118            2.4118    
      22.400            2.3833            2.3920            2.3920    
      22.600            2.3637            2.3724            2.3724    
      22.800            2.3443            2.3530            2.3530    
      23.000            2.3251            2.3338            2.3338    
      23.200            2.3060            2.3147            2.3147    
      23.400            2.2871            2.2957            2.2957    
      23.600            2.2683            2.2769            2.2769    
      23.800            2.2497            2.2583            2.2583    
      24.000            2.2312            2.2398            2.2398    
      24.200            2.2129            2.2215            2.2215    
      24.400            2.1948            2.2033            2.2033    
      24.600            2.1767            2.1852            2.1852    
      24.800            2.1589            2.1674            2.1674    
      25.000            2.1412            2.1496            2.1496    
      25.200            2.1236            2.1320            2.1320    
      25.400            2.1061            2.1146            2.1146    
      25.600            2.0889            2.0973            2.0973    
      25.800            2.0717            2.0801            2.0801    
      26.000            2.0547            2.0631            2.0631    
      26.200            2.5731            2.4957            2.4957    
      26.400            3.3257            3.2604            3.2604    
      26.600            3.9447            3.8900            3.8900    
      26.800            4.4521            4.4068            4.4068    
      27.000            4.8665            4.8294            4.8294    
      27.200            5.2032            5.1732            5.1732    
      27.400            5.4751            5.4514            5.4514    
      27.600            5.6929            5.6746            5.6746    
      27.800            5.8656            5.8521            5.8521    
      28.000            6.0008            5.9914            5.9914    
      28.200            6.1047            6.0989            6.0989    
      28.400            6.1825            6.1798            6.1798    
      28.600            6.2386            6.2386            6.2386    
      28.800            6.2767            6.2789            6.2789    
      29.000            6.2997            6.3040            6.3040    
      29.200            6.3102            6.3162            6.3162    
      29.400            6.3105            6.3179            6.3179    
      29.600            6.3021            6.3109            6.3109    
      29.800            6.2867            6.2965            6.2965    
      30.000            6.2654            6.2762            6.2762    
      30.200            6.2393            6.2509            6.2509    
      30.400            6.2092            6.2215            6.2215    
      30.600            6.1759            6.1888            6.1888    
      30.800            6.1400            6.1534            6.1534    
      31.000            6.1019            6.1157            6.1157    
      31.200            6.0621            6.0763            6.0763    
      31.400            6.0210            6.0355            6.0355    
      31.600            5.9787            5.9935            5.9935    
      31.800            5.9356            5.9507            5.9507    
      32.000            5.8919            5.9072            5.9072    
      32.200            5.8478            5.8632            5.8632    
      32.400            5.8033            5.8188            5.8188    
      32.600            5.7585            5.7742            5.7742    
      32.800            5.7137            5.7295            5.7295    
      33.000            5.6689            5.6847            5.6847    
      33.200            5.6240            5.6400            5.6400    
      33.400            5.5793            5.5953            5.5953    
      33.600            5.5347            5.5507            5.5507    
      33.800            5.4903            5.5063            5.5063    
      34.000            5.4460            5.4621            5.4621    
      34.200            5.4020            5.4181            5.4181    
      34.400            5.3583            5.3744            5.3744    
      34.600            5.3148            5.3309            5.3309    
      34.800            5.2715            5.2877            5.2877    
      35.000            5.2286            5.2448            5.2448    
      35.200            5.1860            5.2021            5.2021    
      35.400            5.1436            5.1598            5.1598    
      35.600            5.1016            5.1178            5.1178    
      35.800            5.0599            5.0760            5.0760    
      36.000            5.0185            5.0346            5.0346    
      36.200            4.9774            4.9936            4.9936    
      36.400            4.9367            4.9528            4.9528    
      36.600            4.8963            4.9123            4.9123    
      36.800            4.8561            4.8722            4.8722    
      37.000            4.8163            4.8324            4.8324    
      37.200            4.7768            4.7929            4.7929    
      37.400            4.7377            4.7537            4.7537    
      37.600            4.6988            4.7148            4.7148    
      37.800            4.6603            4.6762            4.6762    
      38.000            4.6221            4.6380            4.6380    
      38.200            4.5841            4.6000            4.6000    
      38.400            4.5465            4.5624            4.5624    
      38.600            4.5092            4.5251            4.5251    
      38.800            4.4722            4.4880            4.4880    
      39.000            4.4355            4.4513            4.4513    
      39.200            4.3991            4.4149            4.4149    
      39.400            4.3630            4.3788            4.3788    
      39.600            4.3272            4.3429            4.3429    
      39.800            4.2917            4.3074            4.3074    
      40.000            4.2565            4.2721            4.2721    
      40.200            4.2216            4.2372            4.2372    
      40.400            4.1869            4.2025            4.2025    
      40.600            4.1526            4.1681            4.1681    
      40.800            4.1185            4.1340            4.1340    
      41.000            4.0847            4.1001            4.1001    
      41.200            4.0511            4.0666            4.0666    
      41.400            4.0179            4.0333            4.0333    
      41.600            3.9849            4.0003            4.0003    
      41.800            3.9522            3.9675            3.9675    
      42.000            3.9198            3.9351            3.9351    
      42.200            3.8876            3.9028            3.9028    
      42.400            3.8557            3.8709            3.8709    
      42.600            3.8240            3.8392            3.8392    
      42.800            3.7927            3.8078            3.8078    
      43.000            3.7615            3.7766            3.7766    
      43.200            3.7307            3.7457            3.7457    
      43.400            3.7000            3.7151            3.7151    
      43.600            3.6697            3.6846            3.6846    
      43.800            3.6396            3.6545            3.6545    
      44.000            3.6097            3.6246            3.6246    
      44.200            3.5801            3.5949            3.5949    
      44.400            3.5507            3.5655            3.5655    
      44.600            3.5215            3.5363            3.5363    
      44.800            3.4926            3.5073            3.5073    
      45.000            3.4640            3.4786            3.4786    
      45.200            3.4355            3.4502            3.4502    
      45.400            3.4073            3.4219            3.4219    
      45.600            3.3794            3.3939            3.3939    
      45.800            3.3516            3.3661            3.3661    
      46.000            3.3241            3.3386            3.3386    
      46.200            3.2968            3.3113            3.3113    
      46.400            3.2698            3.2842            3.2842    
      46.600            3.2429            3.2573            3.2573    
      46.800            3.2163            3.2306            3.2306    
      47.000            3.1899            3.2042            3.2042    
      47.200            3.1637            3.1779            3.1779    
      47.400            3.1378            3.1519            3.1519    
      47.600            3.1120            3.1261            3.1261    
      47.800            3.0865            3.1005            3.1005    
      48.000            3.0611            3.0752            3.0752    
      48.200            3.0360            3.0500            3.0500    
      48.400            3.0111            3.0250            3.0250    
      48.600            2.9864            3.0003            3.0003    
      48.800            2.9619            2.9757            2.9757    
      49.000            2.9376            2.9513            2.9513    
      49.200            2.9135            2.9272            2.9272    
      49.400            2.8895            2.9032            2.9032    
      49.600            2.8658            2.8795            2.8795    
      49.800            2.8423            2.8559            2.8559    
      50.000            2.8190            2.8325            2.8325    
      50.200            3.3310            3.2589            3.2589    
      50.400            4.0774            4.0173            4.0173    
      50.600            4.6903            4.6407            4.6407    
      50.800            5.1916            5.1514            5.1514    
      51.000            5.5999            5.5678            5.5678    
      51.200            5.9305            5.9056            5.9056    
      51.400            6.1965            6.1778            6.1778    
      51.600            6.4084            6.3951            6.3951    
      51.800            6.5753            6.5667            6.5667    
      52.000            6.7046            6.7002            6.7002    
      52.200            6.8027            6.8018            6.8018    
      52.400            6.8748            6.8770            6.8770    
      52.600            6.9252            6.9300            6.9300    
      52.800            6.9576            6.9647            6.9647    
      53.000            6.9751            6.9842            6.9842    
      53.200            6.9801            6.9909            6.9909    
      53.400            6.9748            6.9870            6.9870    
      53.600            6.9610            6.9745            6.9745    
      53.800            6.9402            6.9547            6.9547    
      54.000            6.9135            6.9290            6.9290    
      54.200            6.8821            6.8983            6.8983    
      54.400            6.8467            6.8637            6.8637    
      54.600            6.8082            6.8257            6.8257    
      54.800            6.7671            6.7851            6.7851    
      55.000            6.7239            6.7423            6.7423    
      55.200            6.6790            6.6977            6.6977    
      55.400            6.6327            6.6518            6.6518    
      55.600            6.5855            6.6048            6.6048    
      55.800            6.5374            6.5570            6.5570    
      56.000            6.4888            6.5085            6.5085    
      56.200            6.4397            6.4596            6.4596    
      56.400            6.3903            6.4103            6.4103    
      56.600            6.3408            6.3609            6.3609    
      56.800            6.2912            6.3114            6.3114    
      57.000            6.2416            6.2618            6.2618    
      57.200            6.1921            6.2123            6.2123    
      57.400            6.1427            6.1630            6.1630    
      57.600            6.0935            6.1138            6.1138    
      57.800            6.0444            6.0647            6.0647    
      58.000            5.9957            6.0160            6.0160    
      58.200            5.9471            5.9675            5.9675    
      58.400            5.8989            5.9192            5.9192    
      58.600            5.8510            5.8713            5.8713    
      58.800            5.8033            5.8236            5.8236    
      59.000            5.7560            5.7763            5.7763    
      59.200            5.7091            5.7293            5.7293    
      59.400            5.6625            5.6827            5.6827    
      59.600            5.6162            5.6364            5.6364    
      59.800            5.5703            5.5904            5.5904    
      60.000            5.5247            5.5448            5.5448    
      60.200            5.4794            5.4995            5.4995    
      60.400            5.4346            5.4546            5.4546    
      60.600            5.3900            5.4101            5.4101    
      60.800            5.3459            5.3658            5.3658    
      61.000            5.3020            5.3220            5.3220    
      61.200            5.2586            5.2785            5.2785    
      61.400            5.2154            5.2353            5.2353    
      61.600            5.1727            5.1925            5.1925    
      61.800            5.1302            5.1500            5.1500    
      62.000            5.0882            5.1079            5.1079    
      62.200            5.0464            5.0661            5.0661    
      62.400            5.0050            5.0246            5.0246    
      62.600            4.9639            4.9835            4.9835    
      62.800            4.9232            4.9427            4.9427    
      63.000            4.8828            4.9023            4.9023    
      63.200            4.8427            4.8622            4.8622    
      63.400            4.8030            4.8224            4.8224    
      63.600            4.7636            4.7829            4.7829    
      63.800            4.7245            4.7438            4.7438    
      64.000            4.6857            4.7050            4.7050    
      64.200            4.6473            4.6664            4.6664    
      64.400            4.6091            4.6282            4.6282    
      64.600            4.5713            4.5904            4.5904    
      64.800            4.5338            4.5528            4.5528    
      65.000            4.4966            4.5155            4.5155    
      65.200            4.4597            4.4786            4.4786    
      65.400            4.4231            4.4419            4.4419    
      65.600            4.3868            4.4056            4.4056    
      65.800            4.3508            4.3695            4.3695    
      66.000            4.3150            4.3337            4.3337    
      66.200            4.2796            4.2983            4.2983    
      66.400            4.2445            4.2631            4.2631    
      66.600            4.2097            4.2282            4.2282    
      66.800            4.1751            4.1936            4.1936    
      67.000            4.1408            4.1592            4.1592    
      67.200            4.1069            4.1252            4.1252    
      67.400            4.0732            4.0914            4.0914    
      67.600            4.0397            4.0579            4.0579    
      67.800            4.0066            4.0247            4.0247    
      68.000            3.9737            3.9918            3.9918    
      68.200            3.9411            3.9591            3.9591    
      68.400            3.9087            3.9267            3.9267    
      68.600            3.8766            3.8946            3.8946    
      68.800            3.8448            3.8627            3.8627    
      69.000            3.8133            3.8311            3.8311    
      69.200            3.7820            3.7997            3.7997    
      69.400            3.7509            3.7686            3.7686    
      69.600            3.7201            3.7378            3.7378    
      69.800            3.6896            3.7072            3.7072    
      70.000            3.6593            3.6768            3.6768    
      70.200            3.6293            3.6467            3.6467    
      70.400            3.5995            3.6169            3.6169    
      70.600            3.5700            3.5873            3.5873    
      70.800            3.5407            3.5579            3.5579    
      71.000            3.5116            3.5288            3.5288    
      71.200            3.4828            3.4999            3.4999    
      71.400            3.4542            3.4713            3.4713    
      71.600            3.4258            3.4428            3.4428    
      71.800            3.3977            3.4147            3.4147    
      72.000            3.3698            3.3867            3.3867    
      72.200            3.3422            3.3590            3.3590    
      72.400            3.3147            3.3315            3.3315    
      72.600            3.2875            3.3042            3.3042    
      72.800            3.2606            3.2772            3.2772    
      73.000            3.2338            3.2504            3.2504    
      73.200            3.2072            3.2238            3.2238    
      73.400            3.1809            3.1974            3.1974    
      73.600            3.1548            3.1712            3.1712    
      73.800            3.1289            3.1452            3.1452    
      74.000            3.1032            3.1195            3.1195    
      74.200            3.6130            3.5435            3.5435    
      74.400            4.3571            4.2996            4.2996    
      74.600            4.9676            4.9207            4.9207    
      74.800            5.4666            5.4291            5.4291    
      75.000            5.8727            5.8433            5.8433    
      75.200            6.2011            6.1788            6.1788    
      75.400            6.4648            6.4487            6.4487    
      75.600            6.6745            6.6638            6.6638    
      75.800            6.8392            6.8332            6.8332    
      76.000            6.9664            6.9645            6.9645    
      76.200            7.0624            7.0640            7.0640    
      76.400            7.1323            7.1370            7.1370    
      76.600            7.1806            7.1879            7.1879    
      76.800            7.2109            7.2205            7.2205    
      77.000            7.2263            7.2378            7.2378    
      77.200            7.2292            7.2425            7.2425    
      77.400            7.2219            7.2366            7.2366    
      77.600            7.2061            7.2220            7.2220    
      77.800            7.1832            7.2002            7.2002    
      78.000            7.1546            7.1725            7.1725    
      78.200            7.1212            7.1398            7.1398    
      78.400            7.0839            7.1032            7.1032    
      78.600            7.0434            7.0633            7.0633    
      78.800            7.0003            7.0207            7.0207    
      79.000            6.9552            6.9759            6.9759    
      79.200            6.9084            6.9295            6.9295    
      79.400            6.8603            6.8817            6.8817    
      79.600            6.8112            6.8328            6.8328    
      79.800            6.7613            6.7831            6.7831    
      80.000            6.7108            6.7327            6.7327    
      80.200            6.6599            6.6820            6.6820    
      80.400            6.6087            6.6309            6.6309    
      80.600            6.5574            6.5797            6.5797    
      80.800            6.5060            6.5284            6.5284    
      81.000            6.4547            6.4770            6.4770    
      81.200            6.4034            6.4258            6.4258    
      81.400            6.3522            6.3747            6.3747    
      81.600            6.3013            6.3237            6.3237    
      81.800            6.2506            6.2730            6.2730    
      82.000            6.2001            6.2225            6.2225    
      82.200            6.1499            6.1723            6.1723    
      82.400            6.1000            6.1224            6.1224    
      82.600            6.0504            6.0728            6.0728    
      82.800            6.0012            6.0235            6.0235    
      83.000            5.9522            5.9746            5.9746    
      83.200            5.9037            5.9260            5.9260    
      83.400            5.8554            5.8777            5.8777    
      83.600            5.8076            5.8298            5.8298    
      83.800            5.7601            5.7823            5.7823    
      84.000            5.7129            5.7351            5.7351    
      84.200            5.6662            5.6882            5.6882    
      84.400            5.6197            5.6418            5.6418    
      84.600            5.5737            5.5957            5.5957    
      84.800            5.5280            5.5500            5.5500    
      85.000            5.4827            5.5046            5.5046    
      85.200            5.4378            5.4596            5.4596    
      85.400            5.3932            5.4149            5.4149    
      85.600            5.3489            5.3706            5.3706    
      85.800            5.3050            5.3267            5.3267    
      86.000            5.2615            5.2831            5.2831    
      86.200            5.2184            5.2399            5.2399    
      86.400            5.1755            5.1970            5.1970    
      86.600            5.1331            5.1545            5.1545    
      86.800            5.0910            5.1123            5.1123    
      87.000            5.0492            5.0705            5.0705    
      87.200            5.0078            5.0290            5.0290    
      87.400            4.9667            4.9878            4.9878    
      87.600            4.9259            4.9470            4.9470    
      87.800            4.8855            4.9065            4.9065    
      88.000            4.8454            4.8664            4.8664    
      88.200            4.8056            4.8266            4.8266    
      88.400            4.7662            4.7870            4.7870    
      88.600            4.7271            4.7479            4.7479    
      88.800            4.6883            4.7090            4.7090    
      89.000            4.6498            4.6705            4.6705    
      89.200            4.6116            4.6322            4.6322    
      89.400            4.5738            4.5943            4.5943    
      89.600            4.5362            4.5567            4.5567    
      89.800            4.4990            4.5194            4.5194    
      90.000            4.4621            4.4824            4.4824    
      90.200            4.4254            4.4457            4.4457    
      90.400            4.3891            4.4093            4.4093    
      90.600            4.3531            4.3733            4.3733    
      90.800            4.3174            4.3375            4.3375    
      91.000            4.2819            4.3020            4.3020    
      91.200            4.2468            4.2667            4.2667    
      91.400            4.2119            4.2318            4.2318    
      91.600            4.1774            4.1972            4.1972    
      91.800            4.1431            4.1628            4.1628    
      92.000            4.1091            4.1287            4.1287    
      92.200            4.0753            4.0950            4.0950    
      92.400            4.0419            4.0614            4.0614    
      92.600            4.0087            4.0282            4.0282    
      92.800            3.9758            3.9952            3.9952    
      93.000            3.9432            3.9625            3.9625    
      93.200            3.9108            3.9301            3.9301    
      93.400            3.8787            3.8979            3.8979    
      93.600            3.8469            3.8660            3.8660    
      93.800            3.8153            3.8344            3.8344    
      94.000            3.7840            3.8030            3.8030    
      94.200            3.7529            3.7719            3.7719    
      94.400            3.7221            3.7410            3.7410    
      94.600            3.6916            3.7104            3.7104    
      94.800            3.6613            3.6800            3.6800    
      95.000            3.6312            3.6499            3.6499    
      95.200            3.6014            3.6200            3.6200    
      95.400            3.5719            3.5904            3.5904    
      95.600            3.5426            3.5610            3.5610    
      95.800            3.5135            3.5318            3.5318    
      96.000            3.4846            3.5029            3.5029    
      96.200            3.4560            3.4742            3.4742    
      96.400            3.4277            3.4458            3.4458    
      96.600            3.3995            3.4176            3.4176    
      96.800            3.3716            3.3896            3.3896    
      97.000            3.3440            3.3619            3.3619    
      97.200            3.3165            3.3344            3.3344    
      97.400            3.2893            3.3071            3.3071    
      97.600            3.2623            3.2800            3.2800    
      97.800            3.2355            3.2531            3.2531    
      98.000            3.2090            3.2265            3.2265    
      98.200            3.7178            3.6497            3.6497    
      98.400            4.4611            4.4049            4.4049    
      98.600            5.0707            5.0251            5.0251    
      98.800            5.5689            5.5326            5.5326    
      99.000            5.9741            5.9460            5.9460    
      99.200            6.3017            6.2807            6.2807    
      99.400            6.5646            6.5498            6.5498    
      99.600            6.7735            6.7640            6.7640    
      99.800            6.9374            6.9326            6.9326    
      100.00            7.0638            7.0631            7.0631    
      100.20            7.1589            7.1618            7.1618    
      100.40            7.2281            7.2340            7.2340    
      100.60            7.2756            7.2841            7.2841    
      100.80            7.3051            7.3159            7.3159    
      101.00            7.3197            7.3325            7.3325    
      101.20            7.3219            7.3363            7.3363    
      101.40            7.3138            7.3297            7.3297    
      101.60            7.2972            7.3143            7.3143    
      101.80            7.2736            7.2918            7.2918    
      102.00            7.2442            7.2633            7.2633    
      102.20            7.2101            7.2299            7.2299    
      102.40            7.1721            7.1925            7.1925    
      102.60            7.1309            7.1519            7.1519    
      102.80            7.0871            7.1086            7.1086    
      103.00            7.0412            7.0631            7.0631    
      103.20            6.9937            7.0159            7.0159    
      103.40            6.9449            6.9674            6.9674    
      103.60            6.8951            6.9178            6.9178    
      103.80            6.8445            6.8674            6.8674    
      104.00            6.7934            6.8164            6.8164    
      104.20            6.7418            6.7649            6.7649    
      104.40            6.6899            6.7132            6.7132    
      104.60            6.6380            6.6613            6.6613    
      104.80            6.5859            6.6093            6.6093    
      105.00            6.5339            6.5573            6.5573    
      105.20            6.4820            6.5054            6.5054    
      105.40            6.4302            6.4537            6.4537    
      105.60            6.3786            6.4021            6.4021    
      105.80            6.3272            6.3507            6.3507    
      106.00            6.2761            6.2996            6.2996    
      106.20            6.2253            6.2487            6.2487    
      106.40            6.1748            6.1982            6.1982    
      106.60            6.1246            6.1480            6.1480    
      106.80            6.0747            6.0981            6.0981    
      107.00            6.0252            6.0485            6.0485    
      107.20            5.9760            5.9993            5.9993    
      107.40            5.9272            5.9504            5.9504    
      107.60            5.8788            5.9019            5.9019    
      107.80            5.8307            5.8538            5.8538    
      108.00            5.7830            5.8060            5.8060    
      108.20            5.7356            5.7586            5.7586    
      108.40            5.6886            5.7116            5.7116    
      108.60            5.6420            5.6649            5.6649    
      108.80            5.5958            5.6186            5.6186    
      109.00            5.5499            5.5727            5.5727    
      109.20            5.5044            5.5271            5.5271    
      109.40            5.4593            5.4819            5.4819    
      109.60            5.4145            5.4371            5.4371    
      109.80            5.3701            5.3926            5.3926    
      110.00            5.3260            5.3485            5.3485    
      110.20            5.2823            5.3047            5.3047    
      110.40            5.2390            5.2613            5.2613    
      110.60            5.1960            5.2183            5.2183    
      110.80            5.1534            5.1756            5.1756    
      111.00            5.1111            5.1332            5.1332    
      111.20            5.0691            5.0912            5.0912    
      111.40            5.0275            5.0496            5.0496    
      111.60            4.9863            5.0082            5.0082    
      111.80            4.9453            4.9672            4.9672    
      112.00            4.9048            4.9266            4.9266    
      112.20            4.8645            4.8863            4.8863    
      112.40            4.8246            4.8463            4.8463    
      112.60            4.7850            4.8066            4.8066    
      112.80            4.7457            4.7673            4.7673    
      113.00            4.7068            4.7282            4.7282    
      113.20            4.6681            4.6895            4.6895    
      113.40            4.6298            4.6512            4.6512    
      113.60            4.5918            4.6131            4.6131    
      113.80            4.5541            4.5753            4.5753    
      114.00            4.5168            4.5379            4.5379    
      114.20            4.4797            4.5007            4.5007    
      114.40            4.4429            4.4639            4.4639    
      114.60            4.4065            4.4274            4.4274    
      114.80            4.3703            4.3911            4.3911    
      115.00            4.3344            4.3552            4.3552    
      115.20            4.2988            4.3195            4.3195    
      115.40            4.2636            4.2842            4.2842    
      115.60            4.2286            4.2491            4.2491    
      115.80            4.1939            4.2143            4.2143    
      116.00            4.1594            4.1798            4.1798    
      116.20            4.1253            4.1456            4.1456    
      116.40            4.0914            4.1117            4.1117    
      116.60            4.0579            4.0780            4.0780    
      116.80            4.0245            4.0446            4.0446    
      117.00            3.9915            4.0115            4.0115    
      117.20            3.9588            3.9787            3.9787    
      117.40            3.9263            3.9461            3.9461    
      117.60            3.8940            3.9138            3.9138    
      117.80            3.8621            3.8818            3.8818    
      118.00            3.8304            3.8500            3.8500    
      118.20            3.7989            3.8185            3.8185    
      118.40            3.7678            3.7873            3.7873    
      118.60            3.7368            3.7563            3.7563    
      118.80            3.7062            3.7255            3.7255    
      119.00            3.6757            3.6950            3.6950    
      119.20            3.6456            3.6648            3.6648    
      119.40            3.6157            3.6348            3.6348    
      119.60            3.5860            3.6050            3.6050    
      119.80            3.5565            3.5755            3.5755    
      120.00            3.5274            3.5462            3.5462    
      120.20            3.4984            3.5172            3.5172    
      120.40            3.4697            3.4884            3.4884    
      120.60            3.4412            3.4599            3.4599    
      120.80            3.4130            3.4316            3.4316    
      121.00            3.3850            3.4035            3.4035    
      121.20            3.3572            3.3756            3.3756    
      121.40            3.3296            3.3480            3.3480    
      121.60            3.3023            3.3206            3.3206    
      121.80            3.2752            3.2934            3.2934    
      122.00            3.2483            3.2664            3.2664    
      122.20            3.7569            3.6892            3.6892    
      122.40            4.4997            4.4442            4.4442    
      122.60            5.1091            5.0641            5.0641    
      122.80            5.6070            5.5713            5.5713    
      123.00            6.0119            5.9843            5.9843    
      123.20            6.3392            6.3187            6.3187    
      123.40            6.6017            6.5874            6.5874    
      123.60            6.8103            6.8014            6.8014    
      123.80            6.9739            6.9697            6.9697    
      124.00            7.1000            7.0999            7.0999    
      124.20            7.1949            7.1982            7.1982    
      124.40            7.2637            7.2701            7.2701    
      124.60            7.3109            7.3200            7.3200    
      124.80            7.3402            7.3515            7.3515    
      125.00            7.3545            7.3677            7.3677    
      125.20            7.3564            7.3713            7.3713    
      125.40            7.3480            7.3644            7.3644    
      125.60            7.3311            7.3487            7.3487    
      125.80            7.3073            7.3259            7.3259    
      126.00            7.2776            7.2971            7.2971    
      126.20            7.2432            7.2635            7.2635    
      126.40            7.2049            7.2258            7.2258    
      126.60            7.1634            7.1849            7.1849    
      126.80            7.1194            7.1413            7.1413    
      127.00            7.0732            7.0956            7.0956    
      127.20            7.0255            7.0482            7.0482    
      127.40            6.9764            6.9994            6.9994    
      127.60            6.9263            6.9495            6.9495    
      127.80            6.8755            6.8989            6.8989    
      128.00            6.8241            6.8476            6.8476    
      128.20            6.7722            6.7959            6.7959    
      128.40            6.7202            6.7439            6.7439    
      128.60            6.6679            6.6917            6.6917    
      128.80            6.6156            6.6395            6.6395    
      129.00            6.5634            6.5873            6.5873    
      129.20            6.5112            6.5351            6.5351    
      129.40            6.4592            6.4831            6.4831    
      129.60            6.4073            6.4313            6.4313    
      129.80            6.3557            6.3797            6.3797    
      130.00            6.3044            6.3283            6.3283    
      130.20            6.2534            6.2772            6.2772    
      130.40            6.2026            6.2265            6.2265    
      130.60            6.1522            6.1760            6.1760    
      130.80            6.1021            6.1259            6.1259    
      131.00            6.0523            6.0761            6.0761    
      131.20            6.0030            6.0266            6.0266    
      131.40            5.9539            5.9776            5.9776    
      131.60            5.9052            5.9288            5.9288    
      131.80            5.8569            5.8805            5.8805    
      132.00            5.8090            5.8325            5.8325    
      132.20            5.7614            5.7849            5.7849    
      132.40            5.7142            5.7376            5.7376    
      132.60            5.6674            5.6907            5.6907    
      132.80            5.6210            5.6442            5.6442    
      133.00            5.5749            5.5981            5.5981    
      133.20            5.5292            5.5523            5.5523    
      133.40            5.4838            5.5069            5.5069    
      133.60            5.4389            5.4619            5.4619    
      133.80            5.3943            5.4172            5.4172    
      134.00            5.3500            5.3729            5.3729    
      134.20            5.3061            5.3289            5.3289    
      134.40            5.2626            5.2853            5.2853    
      134.60            5.2194            5.2421            5.2421    
      134.80            5.1766            5.1992            5.1992    
      135.00            5.1341            5.1566            5.1566    
      135.20            5.0920            5.1144            5.1144    
      135.40            5.0502            5.0726            5.0726    
      135.60            5.0087            5.0311            5.0311    
      135.80            4.9676            4.9899            4.9899    
      136.00            4.9268            4.9490            4.9490    
      136.20            4.8864            4.9085            4.9085    
      136.40            4.8463            4.8684            4.8684    
      136.60            4.8065            4.8285            4.8285    
      136.80            4.7671            4.7890            4.7890    
      137.00            4.7280            4.7498            4.7498    
      137.20            4.6892            4.7109            4.7109    
      137.40            4.6507            4.6724            4.6724    
      137.60            4.6125            4.6341            4.6341    
      137.80            4.5746            4.5962            4.5962    
      138.00            4.5371            4.5586            4.5586    
      138.20            4.4999            4.5212            4.5212    
      138.40            4.4629            4.4842            4.4842    
      138.60            4.4263            4.4475            4.4475    
      138.80            4.3900            4.4111            4.4111    
      139.00            4.3539            4.3750            4.3750    
      139.20            4.3182            4.3392            4.3392    
      139.40            4.2828            4.3037            4.3037    
      139.60            4.2476            4.2685            4.2685    
      139.80            4.2127            4.2335            4.2335    
      140.00            4.1782            4.1989            4.1989    
      140.20            4.1439            4.1645            4.1645    
      140.40            4.1099            4.1304            4.1304    
      140.60            4.0761            4.0966            4.0966    
      140.80            4.0427            4.0631            4.0631    
      141.00            4.0095            4.0298            4.0298    
      141.20            3.9766            3.9968            3.9968    
      141.40            3.9439            3.9641            3.9641    
      141.60            3.9116            3.9317            3.9317    
      141.80            3.8795            3.8995            3.8995    
      142.00            3.8476            3.8676            3.8676    
      142.20            3.8160            3.8359            3.8359    
      142.40            3.7847            3.8045            3.8045    
      142.60            3.7537            3.7734            3.7734    
      142.80            3.7229            3.7425            3.7425    
      143.00            3.6923            3.7119            3.7119    
      143.20            3.6620            3.6815            3.6815    
      143.40            3.6319            3.6513            3.6513    
      143.60            3.6021            3.6215            3.6215    
      143.80            3.5726            3.5918            3.5918    
      144.00            3.5432            3.5624            3.5624    
      144.20            3.5142            3.5333            3.5333    
      144.40            3.4853            3.5043            3.5043    
      144.60            3.4567            3.4756            3.4756    
      144.80            3.4283            3.4472            3.4472    
      145.00            3.4002            3.4190            3.4190    
      145.20            3.3723            3.3910            3.3910    
      145.40            3.3446            3.3632            3.3632    
      145.60            3.3172            3.3357            3.3357    
      145.80            3.2899            3.3084            3.3084    
      146.00            3.2629            3.2813            3.2813    
      146.20            3.2361            3.2545            3.2545    
      146.40            3.2096            3.2278            3.2278    
      146.60            3.1832            3.2014            3.2014    
      146.80            3.1571            3.1752            3.1752    
      147.00            3.1312            3.1492            3.1492    
      147.20            3.1055            3.1234            3.1234    
      147.40            3.0800            3.0979            3.0979    
      147.60            3.0547            3.0725            3.0725    
      147.80            3.0297            3.0474            3.0474    
      148.00            3.0048            3.0224            3.0224    
      148.20            2.9801            2.9977            2.9977    
      148.40            2.9557            2.9731            2.9731    
      148.60            2.9314            2.9488            2.9488    
      148.80            2.9074            2.9247            2.9247    
      149.00            2.8835            2.9007            2.9007    
      149.20            2.8598            2.8770            2.8770    
      149.40            2.8364            2.8534            2.8534    
      149.60            2.8131            2.8301            2.8301    
      149.80            2.7900            2.8069            2.8069    
      150.00            2.7671            2.7839            2.7839    
      150.20            2.7444            2.7612            2.7612    
      150.40            2.7218            2.7386            2.7386    
      150.60            2.6995            2.7161            2.7161    
      150.80            2.6774            2.6939            2.6939    
      151.00            2.6554            2.6719            2.6719    
      151.20            2.6336            2.6500            2.6500    
      151.40            2.6120            2.6283            2.6283    
      151.60            2.5905            2.6068            2.6068    
      151.80            2.5693            2.5854            2.5854    
      152.00            2.5482            2.5643            2.5643    
      152.20            2.5273            2.5433            2.5433    
      152.40            2.5065            2.5225            2.5225    
      152.60            2.4859            2.5018            2.5018    
      152.80            2.4655            2.4813            2.4813    
      153.00            2.4453            2.4610            2.4610    
      153.20            2.4252            2.4409            2.4409    
      153.40            2.4053            2.4209            2.4209    
      153.60            2.3856            2.4011            2.4011    
      153.80            2.3660            2.3814            2.3814    
      154.00            2.3466            2.3620            2.3620    
      154.20            2.3273            2.3426            2.3426    
      154.40            2.3082            2.3234            2.3234    
      154.60            2.2893            2.3044            2.3044    
      154.80            2.2705            2.2856            2.2856    
      155.00            2.2519            2.2669            2.2669    
      155.20            2.2334            2.2483            2.2483    
      155.40            2.2150            2.2299            2.2299    
      155.60            2.1969            2.2116            2.2116    
      155.80            2.1788            2.1935            2.1935    
      156.00            2.1609            2.1756            2.1756    
      156.20            2.1432            2.1578            2.1578    
      156.40            2.1256            2.1401            2.1401    
      156.60            2.1082            2.1226            2.1226    
      156.80            2.0909            2.1052            2.1052    
      157.00            2.0737            2.0880            2.0880    
      157.20            2.0567            2.0709            2.0709    
      157.40            2.0398            2.0540            2.0540    
      157.60            2.0231            2.0371            2.0371    
      157.80            2.0065            2.0205            2.0205    
      158.00            1.9900            2.0039            2.0039    
      158.20            1.9737            1.9875            1.9875    
      158.40            1.9575            1.9713            1.9713    
      158.60            1.9414            1.9551            1.9551    
      158.80            1.9255            1.9391            1.9391    
      159.00            1.9097            1.9232            1.9232    
      159.20            1.8940            1.9075            1.9075    
      159.40            1.8784            1.8919            1.8919    
      159.60            1.8630            1.8764            1.8764    
      159.80            1.8477            1.8610            1.8610    
      160.00            1.8326            1.8458            1.8458    
      160.20            1.8175            1.8307            1.8307    
      160.40            1.8026            1.8157            1.8157    
      160.60            1.7878            1.8009            1.8009    
      160.80            1.7731            1.7861            1.7861    
      161.00            1.7586            1.7715            1.7715    
      161.20            1.7441            1.7570            1.7570    
      161.40            1.7298            1.7426            1.7426    
      161.60            1.7156            1.7283            1.7283    
      161.80            1.7016            1.7142            1.7142    
      162.00            1.6876            1.7002            1.7002    
      162.20            1.6737            1.6863            1.6863    
      162.40            1.6600            1.6725            1.6725    
      162.60            1.6464            1.6588            1.6588    
      162.80            1.6329            1.6452            1.6452    
      163.00            1.6195            1.6317            1.6317    
      163.20            1.6062            1.6184            1.6184    
      163.40            1.5930            1.6051            1.6051    
      163.60            1.5799            1.5920            1.5920    
      163.80            1.5669            1.5789            1.5789    
      164.00            1.5541            1.5660            1.5660    
      164.20            1.5413            1.5532            1.5532    
      164.40            1.5287            1.5405            1.5405    
      164.60            1.5161            1.5279            1.5279    
      164.80            1.5037            1.5154            1.5154    
      165.00            1.4913            1.5030            1.5030    
      165.20            1.4791            1.4907            1.4907    
      165.40            1.4670            1.4785            1.4785    
      165.60            1.4549            1.4664            1.4664    
      165.80            1.4430            1.4544            1.4544    
      166.00            1.4311            1.4425            1.4425    
      166.20            1.4194            1.4307            1.4307    
      166.40            1.4077            1.4189            1.4189    
      166.60            1.3962            1.4073            1.4073    
      166.80            1.3847            1.3958            1.3958    
      167.00            1.3734            1.3844            1.3844    
      167.20            1.3621            1.3730            1.3730    
      167.40            1.3509            1.3618            1.3618    
      167.60            1.3398            1.3507            1.3507    
      167.80            1.3288            1.3396            1.3396    
      168.00            1.3179            1.3286            1.3286    


  SUBJECT NO.     1 ...  OUTPUT EQUATION NO.  1

     TIMES                   OBSERVED VALUES          PREDICTED VALUES, BASED ON POSTERIOR MEANS; THEN MEDIANS; THEN MODES
--------------------------------------------------------------------------------------------------------------------------
      120.08            4.0600            3.5157            3.5346            3.5346    
      121.07            3.2400            3.3752            3.3937            3.3937    
      122.08            3.0900            3.2376            3.2557            3.2557    
      126.08            7.9800            7.2643            7.2842            7.2842    
      129.05            7.2300            6.5503            6.5742            6.5742    
      132.10            4.7100            5.7852            5.8086            5.8086    
      144.08            3.8200            3.5316            3.5507            3.5507    


